0101 -3.9
0101 -7.3
0102 -11.9
0102 -9.1
0103 -11.1
0103 -7.9
0104 -12.7
0104 -7.5
0105 -13.3
0105 -5.3
0106 -9.7
0106 -4.7
0107 -10.7
0107 -4.1
0108 -7.9
0108 -3.7
0109 -9.7
0109 -4.5
0110 -10.1
0110 -5.3
0111 -4.1
0111 -3.3
0112 -8.5
0112 -5.3
0113 -4.1
0113 -3.9
0114 -8.7
0114 -2.7
0115 -5.5
0115 -3.1
0116 -7.5
0116 -3.1
0117 -8.3
0117 -2.1
0118 -8.3
0118 -2.5
0119 -6.3
0119 0.8
0120 -4.7
0120 -2.1
0121 -2.9
0121 0.0
0122 -8.9
0122 -6.1
0123 -5.9
0123 -4.5
0124 -4.5
0124 -0.9
0125 -7.7
0125 -4.1
0126 -8.5
0126 -2.3
0127 -7.1
0127 -2.1
0128 -3.3
0128 -2.7
0129 -3.5
0129 -2.7
0130 -2.9
0130 -1.7
0131 -1.3
0131 0.0
0201 -0.3
0201 0.2
0202 -6.3
0202 -0.3
0203 -2.9
0203 -1.3
0204 -3.3
0204 -2.1
0205 -3.7
0205 -3.3
0206 -8.7
0206 -4.5
0207 -10.5
0207 -5.3
0208 -11.3
0208 -5.9
0209 -10.5
0209 -3.1
0210 -3.7
0210 -2.1
0211 -6.7
0211 -2.1
0212 -7.1
0212 0.6
0213 -7.7
0213 -0.3
0214 -0.1
0214 -1.1
0215 -8.1
0215 -0.5
0216 -6.1
0216 0.4
0217 -2.9
0217 3.2
0218 -3.3
0218 0.6
0219 -6.9
0219 -2.1
0220 -7.3
0220 1.4
0221 -3.7
0221 0.6
0222 0.8
0222 2.8
0223 -3.7
0223 3.8
0224 -1.3
0224 3.2
0225 1.6
0225 -0.5
0226 -4.1
0226 4.2
0227 -1.7
0227 7.8
0228 2.4
0228 3.2
0301 -1.9
0301 3.8
0302 -1.9
0302 2.4
0303 -4.3
0303 7.4
0304 4.2
0304 10.0
0305 1.6
0305 10.4
0306 6.0
0306 8.8
0307 2.0
0307 14.0
0308 5.2
0308 8.0
0309 2.6
0309 8.4
0310 -0.1
0310 7.2
0311 1.4
0311 10.0
0312 3.6
0312 5.6
0313 1.4
0313 5.6
0314 0.6
0314 6.4
0315 1.0
0315 9.4
0316 5.2
0316 10.6
0317 4.8
0317 13.6
0318 8.0
0318 4.6
0319 0.4
0319 2.8
0320 -2.1
0320 3.2
0321 0.0
0321 7.0
0322 4.4
0322 7.8
0323 0.8
0323 8.0
0324 1.0
0324 6.2
0325 -0.7
0325 8.6
0326 2.2
0326 11.8
0327 6.6
0327 13.8
0328 5.6
0328 9.0
0329 2.0
0329 7.2
0330 3.4
0330 6.8
0331 4.0
0331 6.8
0401 5.8
0401 13.6
0402 4.8
0402 15.2
0403 7.0
0403 12.2
0404 7.6
0404 6.8
0405 6.8
0405 9.4
0406 5.2
0406 11.8
0407 2.8
0407 11.8
0408 8.0
0408 9.8
0409 6.6
0409 9.0
0410 6.6
0410 10.6
0411 7.8
0411 14.2
0412 8.6
0412 21.2
0413 12.4
0413 19.6
0414 9.2
0414 14.6
0415 9.6
0415 12.4
0416 11.0
0416 12.8
0417 9.0
0417 11.8
0418 8.0
0418 12.6
0419 6.6
0419 4.2
0420 4.0
0420 11.8
0421 6.4
0421 15.6
0422 9.0
0422 14.4
0423 9.4
0423 14.0
0424 10.8
0424 19.0
0425 14.4
0425 19.6
0426 13.6
0426 20.0
0427 16.0
0427 19.8
0428 13.0
0428 18.0
0429 18.4
0429 24.8
0430 17.8
0430 24.4
0501 15.0
0501 20.0
0502 15.2
0502 21.2
0503 14.2
0503 19.6
0504 14.4
0504 22.0
0505 16.2
0505 23.8
0506 18.0
0506 26.8
0507 20.2
0507 27.2
0508 18.8
0508 21.8
0509 17.2
0509 18.0
0510 16.8
0510 26.2
0511 18.4
0511 31.0
0512 20.4
0512 26.0
0513 19.6
0513 23.4
0514 22.8
0514 27.2
0515 19.8
0515 24.4
0516 18.6
0516 23.4
0517 18.0
0517 23.6
0518 19.0
0518 22.6
0519 17.6
0519 24.0
0520 19.4
0520 24.8
0521 19.4
0521 26.2
0522 21.0
0522 24.4
0523 20.0
0523 27.2
0524 22.6
0524 22.0
0525 21.4
0525 27.0
0526 21.4
0526 18.8
0527 17.6
0527 22.0
0528 18.2
0528 21.2
0529 21.2
0529 26.0
0530 20.8
0530 30.4
0531 21.0
0531 26.2
0601 22.8
0601 26.4
0602 19.6
0602 25.4
0603 22.0
0603 30.0
0604 21.2
0604 21.0
0605 19.2
0605 19.4
0606 18.6
0606 21.0
0607 20.0
0607 21.4
0608 19.4
0608 21.8
0609 20.2
0609 18.0
0610 17.0
0610 22.2
0611 18.4
0611 20.6
0612 17.6
0612 25.2
0613 20.2
0613 28.8
0614 22.8
0614 28.8
0615 20.8
0615 29.2
0616 22.8
0616 22.4
0617 22.4
0617 27.0
0618 25.4
0618 29.8
0619 25.8
0619 32.2
0620 26.6
0620 27.0
0621 24.6
0621 25.0
0622 20.8
0622 20.0
0623 22.4
0623 27.6
0624 23.4
0624 28.0
0625 21.8
0625 22.8
0626 22.2
0626 29.6
0627 24.6
0627 30.8
0628 24.0
0628 26.8
0629 22.2
0629 26.0
0630 23.4
0630 28.6
0701 24.4
0701 24.8
0702 26.0
0702 32.4
0703 28.0
0703 33.2
0704 28.6
0704 28.4
0705 27.4
0705 32.6
0706 27.6
0706 32.4
0707 24.8
0707 31.2
0708 22.6
0708 26.2
0709 24.8
0709 23.2
0710 23.0
0710 24.0
0711 23.6
0711 25.8
0712 24.0
0712 28.0
0713 24.8
0713 29.0
0714 23.6
0714 26.6
0715 23.8
0715 24.6
0716 26.4
0716 30.4
0717 24.2
0717 30.6
0718 24.6
0718 26.4
0719 23.6
0719 28.4
0720 25.2
0720 29.8
0721 25.2
0721 29.8
0722 25.6
0722 28.4
0723 23.0
0723 27.2
0724 25.8
0724 36.0
0725 27.8
0725 31.4
0726 26.0
0726 27.0
0727 25.2
0727 26.4
0728 26.8
0728 32.4
0729 28.4
0729 29.4
0730 24.4
0730 31.0
0731 23.0
0731 27.8
0801 22.4
0801 25.0
0802 23.4
0802 28.8
0803 25.2
0803 28.4
0804 25.6
0804 30.2
0805 21.8
0805 28.8
0806 26.4
0806 31.6
0807 25.6
0807 23.4
0808 24.2
0808 30.4
0809 26.0
0809 31.4
0810 27.4
0810 32.4
0811 27.6
0811 26.0
0812 24.0
0812 28.2
0813 25.4
0813 29.8
0814 24.4
0814 29.8
0815 26.6
0815 31.2
0816 26.6
0816 30.0
0817 30.0
0817 33.0
0818 27.8
0818 29.6
0819 25.6
0819 30.2
0820 24.8
0820 28.6
0821 24.4
0821 27.0
0822 24.0
0822 26.0
0823 24.2
0823 29.8
0824 24.2
0824 29.2
0825 24.4
0825 29.4
0826 26.0
0826 28.0
0827 22.8
0827 26.0
0828 22.0
0828 24.8
0829 25.4
0829 24.2
0830 20.6
0830 24.4
0831 20.8
0831 25.8
0901 20.0
0901 26.0
0902 19.8
0902 25.0
0903 20.4
0903 25.2
0904 19.6
0904 20.4
0905 18.2
0905 20.6
0906 17.2
0906 22.6
0907 19.6
0907 23.8
0908 19.6
0908 23.2
0909 19.4
0909 21.8
0910 19.4
0910 22.4
0911 18.0
0911 24.6
0912 19.6
0912 25.4
0913 18.8
0913 22.2
0914 20.4
0914 23.2
0915 18.8
0915 22.2
0916 18.2
0916 22.4
0917 20.8
0917 20.2
0918 20.2
0918 22.6
0919 20.2
0919 22.4
0920 20.2
0920 23.0
0921 19.8
0921 22.8
0922 19.8
0922 20.8
0923 17.2
0923 16.2
0924 14.4
0924 16.8
0925 12.4
0925 18.4
0926 12.6
0926 18.4
0927 12.8
0927 20.2
0928 13.6
0928 17.4
0929 17.0
0929 18.8
0930 17.6
0930 19.4
1001 18.2
1001 17.4
1002 15.4
1002 17.2
1003 11.0
1003 17.6
1004 12.6
1004 17.8
1005 14.0
1005 18.2
1006 15.0
1006 17.2
1007 14.8
1007 19.8
1008 15.4
1008 18.2
1009 13.6
1009 17.4
1010 15.0
1010 17.8
1011 11.0
1011 16.4
1012 12.0
1012 19.0
1013 15.4
1013 14.2
1014 14.2
1014 9.6
1015 6.4
1015 11.6
1016 5.4
1016 14.2
1017 6.6
1017 12.4
1018 7.6
1018 13.0
1019 13.0
1019 14.6
1020 7.2
1020 13.4
1021 8.0
1021 12.8
1022 7.6
1022 12.4
1023 6.6
1023 9.6
1024 4.2
1024 13.4
1025 10.0
1025 11.0
1026 4.4
1026 12.0
1027 5.6
1027 10.0
1028 7.2
1028 12.4
1029 10.4
1029 10.6
1030 4.4
1030 11.2
1031 3.6
1031 9.8
1101 6.4
1101 10.0
1102 6.8
1102 9.6
1103 11.2
1103 13.6
1104 5.4
1104 12.0
1105 8.8
1105 8.8
1106 4.0
1106 13.4
1107 3.6
1107 8.6
1108 2.4
1108 7.8
1109 6.6
1109 12.2
1110 0.8
1110 6.4
1111 3.2
1111 7.2
1112 3.2
1112 9.8
1113 2.8
1113 6.0
1114 8.8
1114 10.0
1115 1.0
1115 7.6
1116 9.8
1116 7.2
1117 -0.5
1117 6.6
1118 3.6
1118 5.2
1119 -0.7
1119 3.2
1120 -1.7
1120 4.6
1121 -0.7
1121 6.4
1122 -1.9
1122 5.4
1123 0.4
1123 7.0
1124 9.0
1124 5.8
1125 3.0
1125 1.6
1126 2.2
1126 2.6
1127 -3.7
1127 -1.1
1128 -2.5
1128 1.2
1129 -2.5
1129 4.8
1130 6.2
1130 4.0
1201 -2.9
1201 5.0
1202 -1.3
1202 4.2
1203 1.0
1203 5.6
1204 -1.3
1204 6.2
1205 4.4
1205 5.0
1206 -1.3
1206 3.8
1207 -1.1
1207 2.8
1209 1.6
1209 1.2
1210 -2.3
1210 2.6
1211 -0.9
1211 0.0
1212 -1.5
1212 -3.1
1213 -7.3
1213 -0.3
1214 -3.3
1214 -0.5
1215 -4.7
1215 -0.5
1216 -4.3
1216 0.8
1217 -0.7
1217 -2.7
1218 -8.1
1218 -3.9
1219 -8.5
1219 -3.5
1220 -6.9
1220 -2.3
1221 -6.5
1221 -1.1
1222 -5.7
1222 -3.5
1223 -7.3
1223 -0.5
1224 -7.3
1224 -0.7
1225 -3.7
1225 0.8
1226 -4.7
1226 0.0
1227 -4.5
1227 -0.5
1228 -3.9
1228 -0.7
1229 -7.3
1229 0.4
1230 4.2
1230 2.4
1231 -1.5
1231 6.6
