19.28 18.9 17.82 18.77 17.25 20.5 19.51 18.57 18.94 16.83 18.59 21.63 17.97 20.7 15.82 22.77 24.0 16.79 18.67 14.98 18.36 17.64 21.24 18.39 17.39 20.06 19.66 18.23 16.99 19.8 18.67 
29.25 30.7 30.67 25.56 28.41 27.86 28.85 24.63 30.54 28.15 27.39 27.35 31.22 26.64 29.41 29.4 29.08 31.28 28.14 27.06 27.64 35.95 26.17 30.4 32.68 34.2 24.81 27.83 
78.94 83.34 81.85 84.55 83.13 89.68 90.08 85.74 75.59 82.08 73.51 84.96 85.75 84.44 75.83 76.33 80.93 77.79 93.88 85.27 73.16 78.01 79.76 88.4 96.14 79.5 87.68 84.76 87.66 85.75 97.33 
148.17 155.17 164.37 154.01 139.17 128.5 156.85 143.82 148.28 158.03 141.66 141.9 145.77 152.33 164.42 161.36 164.25 150.43 129.1 159.99 133.49 152.65 136.37 172.7 156.96 171.89 146.01 141.62 171.44 131.59 
144.27 159.51 139.54 149.13 136.65 127.81 129.95 157.91 124.05 151.88 132.13 158.51 130.28 145.09 164.56 165.86 168.78 164.67 137.2 129.63 152.86 147.42 158.68 132.27 150.98 147.79 128.5 148.29 158.36 123.5 152.05 
212.76 236.75 183.38 192.8 224.49 221.39 222.97 236.64 186.98 205.19 223.14 229.85 216.24 238.44 169.68 238.46 201.04 182.53 199.04 224.39 202.02 222.86 194.35 184.99 230.67 234.84 205.12 215.26 190.55 213.95 
269.78 264.17 307.72 286.14 296.29 273.45 345.56 259.39 251.69 295.64 294.76 236.47 312.18 306.15 270.43 281.11 272.3 297.98 249.4 262.23 282.19 282.58 299.63 266.72 279.0 288.57 287.79 232.73 263.09 286.2 259.28 
264.06 246.7 298.39 254.52 290.25 313.6 250.22 296.21 295.95 253.95 270.93 297.91 244.19 231.49 258.34 320.14 272.86 310.26 315.85 303.92 273.95 259.75 257.15 255.46 260.01 282.88 261.86 230.35 269.85 276.24 294.65 
156.77 156.82 149.92 137.68 146.09 164.84 167.37 152.75 150.38 119.75 143.69 152.34 139.16 124.51 137.07 165.83 143.16 129.7 98.13 153.27 147.74 146.16 123.48 165.79 146.45 160.61 141.61 157.22 159.6 159.35 
13.87 11.88 11.94 9.91 12.76 12.37 12.95 11.36 12.04 11.08 13.21 11.81 12.72 12.56 14.37 11.89 13.28 10.12 10.75 13.26 10.97 11.88 13.09 14.09 11.47 10.56 12.6 11.17 13.29 12.85 13.68 
186.74 221.82 240.79 193.13 221.58 214.68 232.03 217.76 222.11 223.54 212.68 229.48 205.62 227.0 205.7 204.8 223.69 220.05 226.3 222.5 241.84 249.75 193.26 213.05 219.38 202.94 207.28 207.72 203.91 196.94 
82.11 65.73 76.07 66.77 59.05 74.95 58.0 68.01 70.09 76.65 62.52 69.34 76.56 57.3 59.89 57.44 72.26 75.91 71.52 58.85 72.55 67.64 57.1 65.95 71.69 65.23 68.44 73.85 62.63 58.53 63.79 
