1.34 1.34 1.54 1.28 1.55 1.4 1.57 1.55 1.46 1.69 1.52 1.71 1.69 1.47 1.49 1.53 1.5 1.36 1.49 1.73 1.59 1.76 1.51 1.35 1.45 1.42 1.66 1.57 1.44 1.44 1.47 
16.93 14.14 15.28 14.25 16.06 15.41 18.13 15.22 15.53 13.49 17.76 14.56 16.21 11.35 14.33 18.57 17.19 13.46 17.92 14.91 15.3 13.55 15.64 16.33 14.93 18.77 17.52 19.34 
27.99 30.14 30.48 33.95 33.51 28.29 30.04 30.3 35.11 31.23 35.98 32.05 31.18 32.98 30.45 30.47 29.28 27.72 25.28 27.71 29.11 29.44 32.47 33.53 29.41 31.25 33.25 32.49 33.08 28.87 30.61 
55.44 52.92 48.14 54.68 59.15 47.53 51.42 45.71 48.99 44.98 48.87 56.45 49.03 59.73 56.7 54.54 49.36 62.19 47.64 63.24 55.07 44.16 51.22 50.79 47.14 57.06 59.55 45.91 58.98 55.71 
47.7 46.36 58.62 51.92 45.27 40.96 48.33 58.67 41.59 49.23 47.13 42.95 48.26 62.24 53.01 50.21 50.76 54.55 58.64 52.1 53.72 48.31 50.16 49.94 49.72 50.89 48.18 58.81 58.23 56.1 47.82 
144.41 149.35 180.5 171.46 146.11 174.47 147.12 122.16 163.01 184.24 130.26 156.44 156.7 151.43 172.9 152.32 149.83 150.91 170.79 148.31 166.26 158.76 157.14 155.84 166.29 167.98 161.05 180.43 180.18 156.39 
282.58 286.24 207.45 293.51 241.81 287.99 323.42 289.63 263.34 279.9 237.32 242.74 238.3 228.69 257.92 257.96 290.48 239.69 286.65 326.61 270.55 257.06 264.24 236.95 252.19 268.81 241.43 317.24 260.58 229.39 260.52 
144.5 142.97 128.91 126.66 128.84 114.33 116.69 132.79 133.26 115.19 120.83 98.82 132.74 98.14 120.47 149.12 125.05 128.82 141.23 127.97 110.25 112.44 128.59 128.36 122.17 119.73 125.97 107.23 142.19 132.07 123.4 
257.29 276.86 359.72 286.9 396.08 303.49 332.2 348.7 303.81 389.03 313.26 312.95 267.97 330.55 354.29 278.82 397.23 333.54 332.53 234.91 290.66 330.6 336.87 309.01 366.98 330.35 367.47 288.84 336.63 347.03 
80.4 76.07 84.28 79.53 88.63 100.16 88.2 80.11 82.46 90.2 78.12 83.45 90.8 106.5 92.95 80.04 73.3 87.76 84.51 89.34 86.17 93.43 77.79 74.26 78.99 95.42 83.55 84.53 83.11 85.83 90.32 
78.46 81.02 67.01 61.66 76.24 80.37 78.84 83.08 68.89 69.53 85.09 74.15 79.6 80.83 58.59 80.14 73.06 74.88 76.22 64.77 59.4 70.38 73.06 67.99 82.46 70.44 92.02 70.39 71.68 80.31 
47.01 40.64 47.45 49.95 45.04 51.23 48.1 50.35 46.3 52.63 43.95 44.79 47.63 58.4 45.8 53.36 43.85 46.77 42.84 54.46 43.29 46.3 49.3 55.13 43.35 49.58 55.11 50.62 38.06 48.04 41.53 
