40.84 31.39 35.16 37.76 38.57 38.06 39.68 52.42 33.95 41.73 26.87 37.2 40.27 40.76 40.23 40.66 38.57 40.32 40.75 37.1 39.84 40.54 41.93 40.11 39.34 38.32 42.76 35.36 34.68 40.55 39.71 
23.95 26.38 19.33 20.13 24.68 22.36 20.13 19.51 21.29 24.92 22.82 24.66 22.3 18.54 19.94 24.47 21.0 22.9 20.56 22.63 22.68 21.71 23.51 20.48 22.22 20.53 19.69 21.66 
42.85 41.66 46.41 37.97 35.15 46.29 40.21 42.29 38.26 38.78 47.89 41.77 40.74 37.22 36.73 41.73 42.52 32.83 35.24 37.15 38.75 42.9 35.19 36.64 40.0 47.16 36.82 42.26 36.95 36.69 38.0 
45.41 39.94 39.06 43.61 48.75 50.5 42.35 37.57 44.34 42.12 50.28 45.94 48.81 41.85 42.95 44.75 47.59 49.19 43.38 43.26 42.66 36.32 44.84 44.06 48.18 39.25 41.3 40.54 38.43 45.73 
108.17 110.58 98.8 105.87 102.56 106.92 110.11 105.75 106.87 98.07 104.32 94.35 75.54 102.09 94.66 81.11 97.54 80.7 95.62 91.35 92.31 116.96 99.93 102.71 95.1 95.59 79.42 91.75 110.0 103.7 99.67 
86.19 94.2 87.94 83.44 90.39 67.64 92.58 72.52 75.8 89.04 91.84 80.11 83.46 72.1 76.34 68.28 82.22 86.16 69.35 85.98 78.34 73.44 89.16 88.19 82.07 57.9 89.93 84.62 88.49 74.75 
254.28 269.42 248.12 216.07 253.03 231.63 257.24 221.52 230.46 251.61 226.89 232.68 197.56 227.7 209.18 235.44 240.03 237.45 185.41 273.66 248.68 214.15 243.41 265.4 294.5 252.8 215.48 237.22 249.57 258.08 244.98 
234.68 264.92 220.9 234.91 220.98 229.76 244.06 252.01 205.34 284.76 193.5 216.59 164.16 253.27 240.82 249.46 253.93 239.08 254.57 272.32 215.48 173.39 238.65 233.25 268.95 282.85 235.06 259.84 243.22 255.96 237.99 
128.21 139.73 139.42 135.81 136.42 133.1 137.78 120.36 148.23 130.58 106.7 148.79 141.08 129.32 121.92 151.75 135.35 106.58 126.05 128.07 142.23 125.38 141.15 118.71 140.41 121.95 141.53 112.06 124.06 138.23 
55.41 59.73 56.97 60.44 47.56 57.16 50.49 61.69 50.91 57.64 58.64 56.13 64.56 57.45 59.64 46.92 58.7 60.22 51.63 57.33 52.73 48.65 60.0 53.93 60.06 45.4 58.52 53.63 57.4 65.03 51.16 
100.43 99.4 93.65 94.82 92.69 77.88 104.38 91.32 93.77 87.47 108.0 96.83 90.26 99.92 85.22 95.54 94.83 90.12 87.34 114.96 91.26 82.32 99.51 97.75 104.89 84.54 96.64 102.46 74.69 103.36 
133.47 146.81 125.55 135.72 140.49 130.0 120.37 131.07 134.72 130.49 125.21 132.81 130.37 152.24 146.49 131.19 135.96 126.0 151.44 160.42 98.08 131.78 129.52 146.87 127.78 151.56 118.91 119.54 147.88 144.0 129.78 
