127.5 125.72 125.82 135.26 108.69 121.29 139.63 126.09 135.36 135.21 145.46 144.12 120.0 140.81 130.96 142.01 109.64 142.75 145.69 129.03 125.64 131.59 149.43 125.08 126.71 140.5 146.14 132.92 134.02 158.71 158.63 
17.74 13.71 16.51 14.86 15.99 15.62 15.77 16.76 13.98 13.64 13.55 15.27 14.07 15.48 12.41 13.64 15.78 12.24 16.32 13.79 15.43 15.81 17.06 14.31 15.79 17.27 14.98 15.4 13.88 
46.46 43.63 42.81 33.12 41.6 35.81 42.96 33.43 47.22 48.27 49.81 38.09 43.76 32.09 34.96 40.26 41.31 37.64 38.89 48.18 38.08 36.51 47.37 32.81 38.1 37.03 39.63 38.85 37.54 36.49 37.1 
127.87 117.47 113.17 149.57 127.82 127.18 114.44 127.08 114.29 130.91 123.84 161.01 112.52 145.15 141.64 133.65 116.79 135.24 134.26 116.87 166.05 116.59 141.33 128.17 136.93 116.81 136.14 123.59 110.46 147.19 
178.69 209.93 195.62 232.9 212.71 223.36 213.86 208.79 181.09 162.82 184.47 222.47 210.28 196.93 189.13 193.12 229.8 193.99 235.23 205.75 222.43 235.83 217.74 218.92 219.24 198.32 202.5 215.11 173.81 196.6 235.3 
301.41 350.43 344.03 291.54 352.79 380.42 347.54 318.93 377.02 275.48 317.52 329.83 352.55 421.82 401.08 354.99 276.47 317.69 323.96 332.67 376.3 351.48 349.09 307.14 349.51 300.88 317.51 366.36 313.96 337.13 
79.56 76.04 71.8 63.96 77.76 73.35 68.2 81.83 84.96 86.94 69.11 62.61 81.85 84.25 82.61 67.82 55.0 87.86 76.02 76.33 84.13 79.43 77.68 72.89 72.88 81.82 72.52 81.34 69.0 69.53 82.07 
384.24 322.14 362.25 347.94 347.03 310.96 347.48 328.35 380.98 349.88 378.27 285.07 441.86 371.55 373.6 375.12 303.65 343.49 368.37 330.16 290.22 335.51 383.92 398.03 338.78 343.9 369.24 326.11 322.13 405.73 372.8 
44.31 47.02 42.55 41.21 42.94 50.8 52.2 50.0 60.09 49.93 47.82 49.35 45.51 52.22 44.3 47.23 49.49 49.23 43.15 43.73 37.62 45.49 46.23 49.32 46.52 48.07 42.11 44.31 46.03 47.06 
151.49 155.7 145.88 148.6 140.07 160.02 149.5 161.31 131.78 151.45 159.42 140.37 149.97 141.12 161.45 149.14 141.84 147.39 162.11 164.27 153.84 152.21 183.57 172.19 150.93 157.52 144.58 173.83 133.45 141.03 174.2 
43.85 43.63 43.74 47.48 44.6 45.61 51.39 51.13 43.8 50.48 47.29 45.42 41.6 46.98 45.08 35.06 45.46 48.91 43.17 45.17 49.59 42.43 43.9 42.94 40.0 45.75 48.41 48.66 37.55 38.76 
4.16 3.78 4.59 4.43 4.36 3.87 4.09 3.55 3.77 3.47 4.62 4.54 4.91 4.6 3.86 4.76 4.22 4.59 4.7 3.49 3.44 4.71 4.09 4.62 4.58 3.64 4.02 4.72 3.99 4.13 4.06 
