76.62 68.45 78.03 73.74 78.49 61.32 68.19 80.03 61.07 71.09 71.12 73.44 70.71 75.67 88.38 61.7 71.1 61.13 76.13 88.9 70.53 68.62 68.53 79.5 70.6 70.13 67.38 70.35 58.81 77.26 70.14 
7.96 8.48 8.96 9.11 8.52 7.55 7.87 9.06 7.26 9.78 9.09 8.62 8.79 10.14 8.62 8.62 9.14 8.69 7.09 8.49 7.41 9.59 10.0 9.13 9.57 8.03 9.03 7.02 
140.67 150.64 144.99 163.62 205.89 146.2 151.97 165.37 145.45 173.73 156.98 156.97 185.44 181.29 162.7 155.92 172.24 162.14 185.93 164.88 167.37 158.8 148.79 165.67 182.9 180.13 176.73 156.36 148.42 163.21 162.9 
9.59 8.03 8.99 9.29 8.33 7.31 9.28 7.37 8.1 9.17 8.69 7.72 7.65 8.12 6.43 7.48 7.15 7.44 8.6 7.36 7.39 8.06 8.89 8.79 8.32 7.65 8.38 8.71 7.54 7.82 
341.54 304.84 284.36 312.47 286.08 234.7 316.29 278.69 316.76 325.75 238.58 300.13 256.31 305.89 296.89 294.21 329.27 331.42 334.57 239.48 294.39 302.09 281.02 307.11 268.7 272.58 317.66 272.14 296.08 289.72 282.91 
96.6 95.08 107.51 101.64 116.34 80.81 87.17 93.43 104.15 94.22 100.87 94.75 95.38 94.37 93.48 83.07 100.16 102.8 107.55 88.61 107.72 115.71 103.16 123.85 94.99 90.65 77.34 93.25 98.52 109.7 
229.11 328.57 267.4 290.48 349.8 306.65 277.45 296.1 342.57 322.47 286.0 277.76 281.71 264.11 259.05 285.09 284.06 266.7 290.1 270.09 296.07 280.39 280.37 300.63 276.87 270.77 275.02 305.42 271.06 259.86 255.6 
264.27 286.51 252.12 267.73 250.38 256.49 285.9 263.17 259.06 284.41 268.9 279.51 263.27 278.05 244.42 262.39 231.11 300.93 297.51 263.81 300.26 270.77 273.7 228.96 261.37 313.89 271.89 262.99 238.05 262.87 250.23 
81.82 93.22 89.8 83.13 76.67 79.84 91.91 72.06 83.4 81.58 86.57 77.64 79.54 88.62 75.81 97.23 63.14 70.32 89.58 80.55 78.99 73.44 84.83 88.35 96.53 81.32 78.13 85.77 63.26 78.82 
158.0 186.57 146.62 153.6 160.63 164.04 143.81 153.22 145.28 147.43 129.64 154.27 136.78 140.43 136.52 129.01 152.73 136.36 134.74 163.47 159.57 174.66 124.07 186.2 139.84 155.01 148.71 158.56 151.92 154.95 146.81 
69.91 77.66 62.23 69.09 61.01 59.52 71.45 68.96 64.56 71.51 64.15 75.4 54.84 56.02 72.34 52.44 68.26 67.13 65.7 59.25 64.15 60.25 61.52 79.22 56.17 71.02 59.11 68.09 53.64 60.7 
48.51 51.06 51.53 54.65 47.81 63.15 48.85 49.08 40.88 51.75 46.62 48.18 53.28 56.9 49.84 58.19 40.79 63.91 59.53 54.03 54.49 52.31 62.88 41.8 41.75 50.34 54.54 54.6 59.44 52.26 51.84 
