36.92 37.61 31.58 31.76 38.14 29.43 36.19 33.0 35.76 29.92 30.79 33.04 36.89 31.52 26.8 36.21 28.41 33.7 32.24 31.27 34.65 28.57 30.56 32.63 32.08 31.28 34.26 32.6 32.5 29.97 33.49 
16.02 17.87 17.24 14.4 15.3 15.41 18.05 14.75 15.85 17.87 16.81 18.26 16.31 17.26 18.44 19.35 13.17 14.34 18.09 15.25 16.8 15.17 14.94 17.16 16.94 17.44 15.58 17.28 
74.43 69.23 73.61 56.36 66.78 59.33 76.2 60.7 67.7 62.54 68.27 64.17 64.44 71.22 76.07 65.28 82.45 75.7 68.34 65.63 72.18 59.3 71.85 67.56 84.99 65.6 58.26 81.95 62.12 60.28 72.97 
60.95 53.28 51.83 53.4 66.51 62.37 46.49 53.22 63.57 54.77 60.24 58.07 63.96 60.97 51.27 70.46 73.54 74.4 51.58 54.62 63.86 64.11 59.15 53.4 63.86 57.41 57.29 54.05 56.25 61.77 
199.49 147.54 168.07 188.88 193.73 198.23 191.84 208.8 191.32 221.07 162.38 175.37 201.33 176.21 191.46 172.53 151.36 180.63 152.05 186.24 212.14 138.74 213.94 215.26 196.56 153.72 186.29 190.53 199.12 202.44 157.96 
234.39 164.43 205.21 241.57 222.59 231.81 219.75 200.89 205.31 253.89 224.2 207.31 192.48 188.96 204.48 225.42 195.36 199.08 204.86 209.22 211.55 203.64 197.68 197.75 209.94 228.9 209.05 199.65 270.07 203.39 
321.6 345.23 346.32 368.12 316.12 339.75 364.77 356.06 298.88 326.36 298.32 330.47 331.59 315.78 293.92 286.25 404.02 351.98 391.41 395.43 320.72 318.78 291.89 355.76 290.64 326.25 335.96 365.33 343.87 303.05 372.64 
132.55 177.92 148.08 130.87 171.09 146.83 131.46 151.2 162.4 162.09 171.19 144.43 130.05 180.46 137.6 141.1 164.38 148.25 140.12 137.26 161.49 137.94 127.05 162.05 153.34 161.72 164.14 146.21 145.8 146.64 164.44 
94.76 110.66 121.97 101.46 103.17 103.58 118.66 107.64 87.72 94.94 102.87 105.6 75.25 80.45 86.62 98.92 85.77 98.66 96.75 108.27 111.95 110.41 100.75 93.29 90.92 104.69 97.72 101.23 98.46 91.74 
72.22 59.35 67.34 65.58 71.7 57.4 67.56 65.1 68.09 68.24 74.45 78.49 57.7 67.73 79.96 74.62 69.79 71.42 64.91 71.71 66.51 66.82 62.19 72.27 61.17 74.03 56.82 72.92 78.0 65.51 65.31 
17.23 18.2 15.89 14.48 14.72 18.46 14.48 15.59 13.0 15.4 17.61 17.59 16.23 17.24 15.58 15.65 16.95 16.85 16.61 14.52 14.32 13.68 18.5 17.83 17.95 18.36 19.82 16.75 16.26 16.32 
35.35 28.16 29.94 33.42 30.77 31.4 32.65 24.86 32.38 26.86 29.9 24.97 34.55 28.13 32.69 30.18 31.63 32.3 32.58 36.22 32.35 27.72 34.25 35.85 34.36 33.15 29.63 29.79 28.93 33.9 25.85 
