36.31 42.6 37.58 35.34 37.82 44.42 39.8 37.57 45.76 35.33 37.12 41.86 38.96 47.11 38.12 30.22 41.97 44.7 44.01 38.62 40.66 31.2 40.5 34.62 37.4 38.35 42.9 42.57 35.24 41.8 44.91 
48.97 57.84 63.67 57.12 63.2 59.02 43.52 56.11 51.21 61.84 55.13 52.94 61.27 58.6 53.18 55.68 62.1 54.54 56.0 45.14 64.88 56.32 62.31 56.62 61.34 56.88 62.71 56.73 
124.7 128.06 130.05 134.29 125.54 155.25 112.1 127.79 125.78 143.19 135.03 139.07 130.76 130.26 127.9 115.95 132.0 112.62 128.13 106.84 135.8 125.1 126.22 141.82 127.25 107.75 107.24 131.88 158.2 136.7 118.93 
80.12 69.66 74.53 69.49 70.45 83.16 82.59 79.71 69.74 82.64 77.47 68.78 80.84 71.54 72.36 91.36 89.05 81.13 95.12 86.42 74.79 80.19 58.86 74.49 87.74 78.48 77.93 75.1 77.0 66.88 
146.09 141.33 121.4 135.4 124.29 141.15 131.35 118.32 131.92 122.64 131.14 128.23 143.36 119.24 143.15 112.75 140.37 115.77 131.75 136.94 127.73 145.4 124.76 124.3 125.91 138.74 126.67 119.74 128.86 126.61 146.42 
272.91 257.91 341.79 263.61 316.53 297.9 317.42 258.25 328.01 230.3 259.52 329.07 317.97 231.1 301.05 286.74 271.61 307.72 260.98 298.49 296.98 242.64 289.11 274.72 335.74 327.86 328.01 277.88 296.61 311.05 
210.06 224.01 247.53 295.85 236.99 238.76 246.69 261.6 192.26 268.12 253.67 227.58 257.77 193.05 240.63 234.47 305.74 266.44 246.29 241.84 255.85 224.87 246.12 254.39 222.15 291.37 242.56 239.62 278.12 224.74 188.43 
219.69 198.51 212.81 211.63 227.66 206.97 183.52 221.27 217.06 226.3 205.97 208.35 232.25 189.72 246.9 240.44 245.76 211.59 225.42 204.86 210.21 223.9 202.91 235.09 207.58 185.8 233.73 228.44 216.37 212.29 225.18 
8.8 10.56 11.8 11.56 12.93 10.11 12.25 11.26 12.08 11.26 11.91 11.0 9.55 11.84 11.52 9.65 11.12 11.67 12.7 10.61 10.59 11.32 12.86 11.66 11.89 10.81 12.56 12.67 12.34 11.36 
30.3 33.52 27.38 37.37 30.62 33.14 31.87 34.53 33.98 29.55 32.71 26.85 32.58 31.51 27.77 31.25 31.44 31.33 30.45 31.61 31.67 27.85 34.19 27.9 33.68 29.19 30.65 34.37 31.57 29.04 26.54 
5.3 5.63 6.93 6.45 8.59 7.44 6.05 6.66 7.01 6.92 7.65 7.06 8.07 6.17 5.46 6.93 6.53 7.34 6.92 7.87 7.48 6.7 7.22 6.53 7.49 7.19 7.87 5.9 6.64 7.04 
3.91 3.86 3.68 3.1 3.51 3.63 3.01 3.4 3.33 3.27 3.65 3.65 3.51 3.52 3.64 3.01 4.2 3.74 3.39 3.52 3.83 3.78 3.66 2.62 3.3 3.43 3.02 4.29 3.79 3.57 2.54 
