38.34 47.23 36.28 36.8 34.42 40.39 43.57 44.65 43.09 36.94 35.5 39.9 44.1 37.13 45.45 32.47 48.86 41.33 38.66 40.85 44.24 41.81 38.9 40.4 47.66 44.53 33.03 40.66 39.93 46.49 43.65 
62.29 61.4 55.56 64.76 51.53 53.06 68.48 51.42 52.34 55.5 61.16 55.6 51.57 57.32 58.3 51.97 58.19 63.29 54.98 68.59 60.63 54.58 59.36 73.15 58.4 61.92 65.21 52.28 58.41 
176.21 189.71 166.81 134.29 188.76 168.27 162.8 156.75 167.51 204.24 175.3 182.07 188.49 146.87 181.41 177.09 180.88 186.25 171.68 178.3 188.95 178.96 177.77 202.09 173.63 215.74 198.61 190.0 180.72 186.26 170.85 
99.73 87.51 113.15 117.08 112.57 103.75 118.41 100.91 119.51 110.02 105.9 93.69 104.16 102.58 111.86 112.51 116.37 108.78 104.04 98.53 101.85 100.48 128.23 98.97 97.95 104.7 117.1 109.87 108.46 108.53 
163.25 150.41 146.51 123.33 169.93 164.88 148.4 128.46 139.82 167.41 160.4 132.37 145.18 150.28 169.71 165.42 132.65 152.81 176.78 142.52 146.32 127.76 154.47 156.6 162.73 150.96 165.08 124.98 143.69 148.81 147.93 
122.81 140.67 141.91 152.8 145.14 123.4 153.13 123.06 158.23 140.97 100.03 142.59 113.15 118.23 133.99 147.35 163.67 155.13 142.05 137.41 150.73 120.65 122.1 143.11 133.23 121.86 140.05 141.86 178.02 134.74 
36.67 39.35 37.71 47.56 44.24 35.08 45.19 41.34 44.87 40.27 47.24 41.02 36.22 32.34 41.08 34.83 39.8 45.74 45.49 42.5 39.4 39.77 38.76 45.21 44.72 42.25 40.74 36.68 37.65 48.59 31.84 
188.11 176.23 185.63 176.57 189.68 202.94 155.88 181.99 164.51 186.94 168.69 182.14 189.12 158.43 168.07 193.04 121.82 198.53 194.54 174.5 173.89 170.52 157.02 188.34 156.4 182.82 185.33 141.53 187.78 152.71 145.97 
119.23 146.23 121.91 124.3 146.17 112.09 133.12 138.38 132.2 120.75 102.83 128.67 105.73 135.21 123.07 111.59 137.89 119.28 118.57 123.62 117.93 127.68 124.66 127.67 151.2 117.62 139.4 122.33 125.15 117.94 
99.69 84.23 78.92 85.55 89.85 91.16 100.0 92.19 84.93 95.27 107.02 71.27 86.95 83.42 84.41 79.26 61.29 85.74 76.73 67.02 106.82 92.23 89.99 89.05 89.88 92.97 94.71 78.06 87.62 76.22 96.0 
1.15 1.28 1.17 0.88 1.06 1.02 0.97 0.96 1.12 0.97 0.97 1.12 1.02 1.06 0.87 0.99 1.1 1.1 0.92 1.1 1.02 0.94 1.2 0.91 1.23 1.18 0.84 1.05 0.88 1.0 
1.81 1.67 1.5 1.56 1.48 1.71 1.71 1.74 1.7 1.62 1.63 1.51 1.61 1.3 1.68 1.43 1.54 1.74 1.87 1.45 1.47 1.52 1.58 1.62 1.54 1.7 1.51 1.42 1.79 1.35 1.35 
