0.45 0.49 0.46 0.55 0.48 0.56 0.56 0.54 0.45 0.5 0.49 0.48 0.49 0.5 0.53 0.52 0.51 0.41 0.47 0.59 0.56 0.6 0.5 0.56 0.58 0.51 0.37 0.57 0.45 0.49 0.48 
67.93 69.82 63.22 68.47 65.01 62.6 56.23 72.95 60.38 70.45 71.26 62.65 58.04 54.59 68.51 61.43 63.54 81.52 74.56 67.87 72.96 54.46 64.96 64.03 62.96 65.48 71.29 64.94 
13.38 13.36 14.67 13.16 15.17 12.06 13.84 12.83 14.32 13.28 15.47 13.51 14.48 13.54 15.63 14.34 11.93 12.27 14.31 12.1 14.24 13.95 13.01 10.93 12.29 11.32 12.37 14.52 14.61 15.37 12.37 
98.2 128.58 111.02 96.77 106.19 134.11 94.63 114.21 122.52 117.26 103.49 117.97 105.96 108.82 100.03 102.65 112.82 125.54 92.55 126.98 115.95 119.49 98.62 103.21 123.27 104.45 103.68 109.2 125.94 120.59 
56.76 76.09 79.6 72.78 59.71 75.78 67.58 72.65 73.33 65.15 84.98 77.77 54.51 60.08 76.6 70.81 75.77 73.77 71.01 65.25 83.78 83.69 73.44 61.6 73.83 64.21 71.34 75.21 77.51 86.46 84.17 
175.23 162.35 175.88 185.25 138.03 204.3 161.75 226.86 166.41 170.08 148.74 171.3 178.91 187.52 191.83 186.03 187.39 166.95 156.11 157.05 190.58 195.79 176.01 165.51 154.02 139.56 180.4 192.82 156.25 179.55 
244.03 272.86 266.45 318.17 259.33 260.46 256.71 242.3 244.37 226.92 238.51 251.83 272.1 240.36 244.81 249.87 233.67 254.35 288.31 257.97 231.4 295.15 209.72 214.78 229.18 245.65 207.01 205.49 238.28 240.76 241.89 
79.65 75.5 76.51 71.44 71.21 80.82 73.57 66.51 78.0 90.04 65.62 66.22 73.3 71.26 65.48 73.17 69.06 68.22 71.31 79.08 74.48 71.86 83.61 87.19 84.12 76.85 69.1 75.64 79.97 72.6 76.41 
113.3 125.26 127.52 154.55 137.26 130.13 127.08 140.5 133.29 129.66 119.06 128.54 121.33 126.65 136.06 131.23 140.58 143.89 133.42 132.41 117.97 142.79 155.19 149.9 103.82 126.86 111.34 124.03 155.25 109.42 
86.12 107.11 111.57 96.3 112.51 103.14 121.33 77.08 106.37 116.06 101.63 103.04 110.95 107.06 108.85 111.96 76.43 94.44 117.42 105.76 90.55 97.22 107.85 87.94 112.4 118.8 108.44 110.1 105.98 108.1 122.26 
18.69 15.08 20.94 18.29 16.02 19.24 19.32 16.0 15.22 15.67 12.69 18.48 15.31 18.81 19.12 18.78 16.94 18.38 16.88 17.12 15.44 16.36 17.74 16.73 19.36 14.7 19.14 13.71 16.83 15.8 
2.5 2.24 2.49 2.67 2.14 2.45 2.24 2.2 2.44 2.79 2.56 1.99 2.64 2.32 2.92 2.21 2.59 2.16 2.09 2.44 2.18 2.23 2.23 2.2 2.33 2.35 2.21 2.09 2.41 2.34 2.33 
