74.17 68.17 79.8 68.95 64.26 69.68 71.08 69.54 73.94 64.56 67.76 65.06 63.36 74.68 77.45 67.54 69.7 59.44 72.34 74.89 75.13 75.74 81.33 70.46 71.89 64.21 78.1 69.45 78.33 63.95 74.12 
153.31 162.18 169.48 146.84 164.4 161.83 164.88 138.76 174.91 153.58 181.86 156.96 139.56 159.62 135.65 140.51 181.66 163.69 133.88 169.48 161.63 187.67 131.94 157.63 177.79 146.34 127.57 155.77 
62.21 69.07 53.61 63.56 62.03 75.92 62.99 59.21 47.71 72.21 57.51 60.29 67.52 58.73 74.5 68.25 73.07 67.6 71.76 71.64 71.02 74.36 66.7 66.55 66.42 57.12 61.59 67.21 57.09 57.69 62.5 
95.71 77.46 93.94 99.73 105.17 93.13 89.13 92.79 91.39 69.43 81.35 85.92 108.72 102.03 103.07 74.8 106.47 104.62 82.46 89.4 99.03 97.27 102.75 108.66 105.53 104.23 101.27 96.77 90.82 101.27 
239.47 245.28 252.97 204.43 206.19 225.27 237.05 200.57 224.54 222.18 208.63 200.7 157.02 209.13 212.79 183.58 212.08 212.45 202.86 201.78 234.65 231.6 233.4 190.8 199.0 175.91 191.69 162.02 210.49 204.33 175.13 
131.9 146.77 152.37 148.38 164.38 132.91 139.18 153.01 166.53 127.3 164.2 135.3 146.84 157.69 124.15 132.85 121.97 149.24 133.74 135.61 170.39 120.95 129.99 152.76 162.06 132.77 141.56 146.37 146.45 167.87 
114.3 134.66 108.35 93.4 116.35 97.65 130.33 117.97 93.14 145.53 99.91 119.11 94.35 107.69 129.35 123.45 108.63 118.01 109.05 119.84 135.59 125.13 102.42 99.09 138.0 130.32 115.64 128.98 113.55 98.81 127.65 
96.22 89.31 85.26 102.78 90.16 85.89 91.42 82.44 84.26 85.76 103.8 102.12 79.93 101.11 92.61 87.38 77.05 80.04 92.17 94.6 105.41 108.66 100.13 103.07 97.66 98.3 81.54 93.57 90.33 83.49 94.55 
52.08 59.99 57.74 54.58 53.64 47.89 60.62 59.51 55.54 65.76 60.58 56.72 49.44 41.58 59.7 48.02 44.21 55.58 47.7 50.59 57.56 62.88 44.02 51.14 52.3 58.96 57.16 48.85 51.14 57.28 
25.71 25.99 21.62 33.48 27.09 27.22 25.25 25.46 28.11 23.58 26.23 28.26 23.95 25.65 28.48 23.31 28.42 24.26 26.24 27.61 23.02 30.25 29.51 27.1 26.77 28.27 27.58 26.78 31.67 31.18 24.81 
71.74 71.07 77.95 57.38 78.55 63.93 87.87 75.64 74.23 76.11 74.69 77.15 66.6 73.71 78.36 83.35 76.11 79.23 71.05 82.78 73.7 86.25 83.08 72.04 75.92 87.49 65.72 69.61 70.85 69.53 
2.94 2.91 3.14 2.93 2.7 3.09 3.16 2.66 3.99 2.86 2.78 2.83 3.09 2.54 3.0 3.27 3.35 2.97 3.33 3.04 3.49 3.12 2.79 3.32 3.18 2.9 2.67 2.7 2.88 3.43 3.55 
