7.54 7.23 6.43 7.6 6.62 6.28 5.85 6.99 5.89 6.23 6.42 6.95 6.15 6.0 6.52 6.77 6.95 6.88 6.95 5.67 6.07 6.23 6.82 5.95 6.63 5.53 6.68 6.08 6.6 7.15 7.14 
20.39 18.89 18.69 22.88 21.49 19.47 21.87 21.21 21.71 20.33 25.02 21.65 23.07 18.88 19.25 16.35 20.86 22.93 19.38 20.45 19.59 20.01 19.67 24.31 18.65 20.57 20.67 23.68 
59.63 54.3 48.79 43.35 45.6 52.64 45.26 42.85 56.19 43.57 48.44 48.53 48.26 58.82 53.61 51.22 55.25 45.87 49.32 49.26 51.34 57.75 55.42 49.02 51.28 49.25 58.42 51.91 50.85 50.54 50.12 
155.55 163.56 136.4 130.01 134.89 171.16 154.54 160.98 152.75 151.39 133.36 140.24 160.81 143.15 140.97 143.9 171.23 131.68 132.51 130.98 154.82 160.43 162.75 159.82 154.84 149.25 136.89 136.79 149.44 150.87 
221.24 226.2 236.04 287.21 257.69 240.63 213.49 285.19 220.74 261.7 284.49 238.28 280.12 271.84 236.25 227.77 224.53 269.79 269.72 274.08 249.01 197.45 282.29 195.22 281.63 237.54 254.32 232.02 295.51 262.33 279.23 
132.32 129.27 112.76 118.93 128.1 112.74 119.5 121.56 120.78 133.35 116.18 120.76 128.81 131.23 122.85 134.84 106.7 111.91 110.21 121.08 97.33 111.77 133.47 120.04 125.81 105.0 108.9 129.74 108.96 100.43 
300.36 220.21 218.06 242.07 360.11 271.83 281.99 311.24 250.14 249.24 321.34 289.28 231.1 279.45 277.69 327.36 269.63 266.99 324.13 268.22 289.25 278.1 284.56 244.96 290.94 251.58 297.55 278.61 266.47 256.68 252.35 
257.64 238.64 226.07 235.68 232.81 246.73 259.56 226.45 269.75 218.37 224.0 259.5 224.95 302.94 242.01 257.64 242.85 244.2 202.22 249.38 222.64 187.8 220.21 254.3 200.01 239.21 207.82 248.68 262.76 272.52 221.44 
466.11 498.5 560.51 520.55 537.42 489.15 510.76 460.96 488.77 578.52 523.73 501.08 471.73 502.44 507.29 450.11 500.09 526.99 517.04 568.85 470.96 443.56 531.52 460.0 459.34 393.45 502.23 478.35 496.3 478.68 
238.64 294.99 258.6 231.87 270.68 278.22 224.87 241.65 223.11 277.25 220.5 207.29 243.89 280.86 254.67 242.86 229.87 254.14 255.1 211.09 290.47 251.92 216.96 240.62 227.92 231.34 214.72 261.27 252.53 255.36 225.39 
116.88 134.94 164.07 174.23 161.98 119.62 128.51 135.27 144.41 160.71 149.58 135.86 146.95 143.06 154.13 152.18 150.03 125.46 145.82 138.04 145.52 167.22 155.55 160.05 156.14 156.05 162.41 145.58 172.52 149.28 
111.56 111.29 113.72 117.92 128.23 122.16 116.77 89.68 117.76 102.73 109.63 116.83 116.8 105.44 125.73 130.48 98.38 135.09 101.26 127.35 120.53 120.86 98.13 115.75 124.48 101.38 98.21 108.09 96.43 116.93 108.0 
