0.0 0.0 0.0 0.0 0.0 0.0 0.0 0.0 0.0 0.0 0.0 0.0 0.0 0.0 0.0 0.0 0.0 0.0 0.0 0.0 0.0 0.0 0.0 0.0 0.0 0.0 0.0 0.0 0.0 0.0 0.0 
32.99 31.35 29.81 35.83 30.77 29.98 29.46 28.58 29.37 26.33 27.28 33.78 32.93 28.58 33.76 30.92 31.58 37.46 28.76 30.31 28.21 26.22 25.93 26.47 23.35 31.67 31.88 29.66 
22.04 24.94 21.47 23.98 25.27 20.19 22.78 23.47 18.93 24.51 24.0 27.65 20.05 19.77 26.57 25.39 23.75 27.4 21.81 24.2 24.63 19.64 22.42 22.14 21.09 23.02 18.9 23.74 23.63 23.33 24.24 
70.86 82.85 75.26 71.49 78.54 64.9 76.97 81.28 73.58 65.2 67.69 74.99 89.8 72.04 76.07 70.82 71.39 67.58 71.82 87.42 77.19 76.48 83.98 73.67 81.99 81.6 68.79 81.24 79.08 73.79 
239.79 253.74 222.98 248.37 273.58 280.96 254.17 249.38 289.68 252.95 244.52 275.95 249.98 212.49 263.05 223.71 270.23 240.07 262.94 235.72 245.59 224.21 251.56 254.35 186.12 230.9 224.74 225.63 224.69 276.17 250.44 
117.39 119.03 126.92 127.35 105.68 107.34 111.06 127.72 129.2 102.0 106.3 116.79 120.16 127.3 95.98 109.82 127.62 100.88 112.5 107.12 124.84 122.76 116.94 106.98 111.24 103.76 122.09 94.48 117.46 131.07 
582.24 548.49 679.03 549.99 616.69 549.98 725.21 636.8 549.6 586.52 559.65 631.49 549.68 582.01 661.21 698.04 652.01 612.76 614.24 738.01 567.43 639.6 594.28 514.8 531.91 625.14 564.96 619.84 541.86 636.94 521.71 
183.21 203.12 188.17 186.04 168.04 184.17 185.17 168.61 185.41 156.79 207.14 186.74 170.3 179.39 177.89 170.13 179.16 184.19 147.37 191.76 175.68 146.42 162.96 148.95 154.03 169.15 164.76 169.98 193.17 208.56 181.6 
341.82 339.68 383.07 378.33 387.6 418.12 305.24 362.12 345.91 325.42 381.74 350.73 328.89 334.87 290.9 368.46 342.36 369.18 400.74 385.37 335.38 352.81 360.65 373.49 344.2 376.04 375.16 380.42 427.08 309.72 
146.09 153.77 183.29 180.29 145.74 181.81 150.56 152.8 133.25 119.06 177.65 158.23 195.27 158.05 180.88 124.19 163.26 178.04 169.87 146.66 140.04 156.39 147.21 158.13 139.12 144.16 165.27 157.54 144.71 156.19 133.33 
28.44 30.16 34.64 28.83 29.03 28.24 29.93 30.88 26.37 33.99 25.17 28.01 28.69 28.35 27.67 29.46 25.33 23.92 25.62 29.07 24.7 29.5 23.77 21.76 24.53 30.78 28.57 25.8 24.06 29.31 
58.79 68.69 54.98 56.91 51.58 58.93 63.31 59.32 58.59 65.84 57.7 56.43 64.49 59.51 67.59 57.54 65.16 70.36 69.81 63.79 65.6 66.04 64.79 55.79 48.01 62.41 49.5 67.53 64.77 60.56 62.55 
