22.98 27.5 25.22 24.0 23.14 24.09 26.59 20.71 17.97 24.5 24.51 24.4 20.4 19.05 22.34 22.17 27.47 23.22 27.39 24.6 23.61 22.72 26.8 25.34 19.62 24.6 24.03 26.57 22.63 20.73 24.1 
2.16 2.11 2.35 2.29 2.83 2.25 2.27 2.16 2.36 2.14 2.18 1.8 2.18 2.14 2.38 2.47 2.71 2.25 2.43 2.07 2.29 1.98 2.57 2.42 2.52 2.19 2.22 2.35 
8.95 7.91 7.96 7.88 8.0 8.15 9.77 9.25 8.41 8.5 10.26 9.53 8.21 8.02 9.66 9.03 8.13 7.19 8.48 8.98 9.06 8.87 7.21 8.55 9.77 8.98 8.42 8.44 8.43 9.18 8.99 
84.17 84.1 94.1 81.52 84.03 95.65 105.38 86.77 78.78 78.49 92.17 84.79 81.79 85.9 85.54 91.95 74.72 94.28 90.16 91.49 81.76 71.36 95.66 91.07 90.05 74.52 83.84 93.13 79.36 96.7 
175.08 208.12 212.88 226.62 240.76 194.09 187.12 203.34 216.44 250.98 174.61 241.09 223.89 158.37 189.48 194.74 197.87 195.11 237.72 216.85 255.14 224.04 217.68 193.99 213.81 171.88 201.67 234.48 198.09 185.82 201.65 
74.64 72.79 77.71 92.02 80.04 94.49 88.53 80.12 81.3 69.71 76.64 95.74 84.28 80.69 86.92 94.52 81.09 91.53 68.95 83.83 86.43 90.63 88.37 97.64 84.32 74.97 99.44 69.53 74.41 90.31 
307.65 346.32 329.65 346.64 315.68 312.6 369.85 393.01 362.82 307.1 385.35 370.33 311.03 357.82 336.09 311.3 377.43 303.88 312.14 304.23 311.46 360.94 327.78 327.9 340.16 300.63 345.75 361.72 332.38 309.62 344.49 
69.71 78.72 55.07 54.12 71.28 81.28 75.86 65.89 73.27 70.77 67.0 61.19 68.39 71.15 66.19 55.82 67.57 67.61 71.09 78.27 70.58 75.56 74.76 69.87 73.98 73.81 73.42 75.05 62.8 72.71 70.13 
362.78 370.75 435.39 394.45 337.71 377.69 439.8 400.06 404.56 378.54 467.36 368.23 399.14 449.63 431.72 405.31 426.85 421.16 345.28 411.09 411.57 391.04 401.56 415.56 492.19 385.94 376.35 373.1 408.74 391.45 
314.82 258.23 238.1 266.39 302.03 287.08 302.27 370.29 276.07 256.25 293.38 296.04 304.66 246.55 294.81 284.93 285.96 274.65 292.17 282.98 311.02 257.24 299.55 301.58 227.18 224.05 272.42 274.4 288.92 241.62 247.13 
109.1 108.6 90.47 112.99 101.32 119.41 114.92 88.98 95.41 123.65 99.96 105.48 98.39 87.95 109.18 109.04 101.63 90.17 98.44 97.44 107.48 101.14 105.6 104.55 100.44 97.03 105.94 103.66 104.81 94.78 
86.82 86.15 107.84 87.81 75.21 88.39 73.16 96.6 91.59 81.65 87.23 86.54 85.06 78.73 83.64 92.88 75.06 97.52 83.95 87.47 99.21 96.43 106.65 74.0 97.55 91.59 86.77 92.52 76.53 85.93 89.71 
