133.0 135.26 130.44 144.71 126.69 157.41 114.52 122.06 156.13 147.56 130.42 136.32 144.33 150.91 134.85 119.86 135.18 106.91 140.33 127.92 136.55 158.74 126.47 125.74 128.66 152.94 132.98 127.6 123.81 149.61 140.23 
21.52 17.24 20.04 19.38 22.59 21.59 19.11 13.9 21.5 23.78 19.32 22.43 21.31 19.46 20.13 20.01 19.73 19.75 21.4 22.13 20.64 23.51 21.47 18.76 19.52 22.38 17.39 18.61 18.51 
33.58 38.47 37.1 40.41 39.49 45.83 41.33 42.16 35.46 40.12 32.69 38.13 41.24 43.72 43.33 33.55 45.32 42.3 45.83 35.01 46.15 37.28 31.47 34.5 39.34 38.99 46.07 41.71 39.52 37.9 41.2 
76.37 78.65 75.28 85.81 73.05 67.08 75.29 48.69 78.87 72.52 70.65 77.33 79.19 77.27 73.29 80.17 80.06 66.92 89.14 66.47 81.99 79.32 72.27 82.95 83.13 69.86 69.41 71.18 93.87 66.79 
150.33 129.99 153.57 145.36 160.57 165.4 135.23 154.67 132.58 134.63 133.2 125.83 125.37 178.26 150.16 181.52 138.48 117.82 105.5 131.47 155.37 145.85 127.84 139.5 151.72 151.36 171.93 134.54 161.38 148.81 116.44 
142.39 181.34 189.57 166.31 173.38 159.39 154.46 192.26 181.32 178.56 199.02 189.58 133.52 180.83 187.28 158.36 232.05 198.1 237.24 193.39 219.53 158.97 207.1 191.2 153.64 169.42 203.81 183.18 168.02 215.88 
130.78 133.53 165.25 126.47 146.15 161.03 139.1 127.94 175.19 148.33 139.92 163.33 154.96 147.93 176.46 155.77 176.47 151.87 171.66 143.02 170.7 163.52 146.18 161.41 155.42 165.3 130.74 162.56 133.55 150.71 164.93 
569.86 622.29 682.81 582.06 576.79 527.09 722.04 707.89 763.79 539.2 527.76 624.91 702.71 640.85 560.79 509.41 659.57 608.48 611.45 641.73 496.6 566.39 584.46 677.28 551.39 612.43 604.12 635.88 627.23 505.44 556.03 
96.41 98.76 94.01 94.68 90.28 90.99 80.17 84.92 102.62 91.24 88.8 105.58 93.55 86.57 95.31 98.56 106.03 88.7 100.3 101.04 85.8 82.62 93.85 93.12 72.68 84.86 84.03 75.62 92.55 87.7 
338.78 349.56 385.49 391.49 343.36 344.51 366.03 409.68 412.2 385.79 319.44 325.92 358.09 385.62 349.83 378.39 370.66 330.12 334.8 346.44 273.89 373.29 342.2 295.49 397.38 305.72 385.12 303.88 356.75 428.16 425.98 
84.86 95.04 83.12 94.69 102.43 106.34 92.96 98.88 99.56 105.14 94.57 97.98 88.14 89.54 95.11 94.14 100.86 74.5 91.62 91.52 94.4 80.74 83.12 101.6 84.06 102.68 92.12 100.77 90.94 101.86 
16.2 19.64 20.81 15.88 15.34 16.56 16.68 20.26 18.23 18.39 18.69 18.05 16.63 19.27 17.85 19.41 16.88 16.33 16.62 16.07 16.63 16.69 19.1 16.3 15.35 18.27 19.03 17.14 17.22 19.4 17.38 
