26.55 30.93 29.71 29.61 34.41 32.99 36.16 28.05 27.54 24.87 21.79 31.23 30.5 28.4 33.77 25.37 28.84 30.09 30.11 37.42 32.98 26.79 34.0 30.12 27.14 34.69 32.23 34.13 32.25 32.06 28.72 
34.16 33.86 31.05 36.41 33.16 41.74 33.42 35.61 30.23 35.78 28.62 37.8 32.31 34.83 35.46 35.72 33.89 30.48 31.77 38.03 29.66 37.76 37.45 26.29 34.32 34.65 35.58 30.96 
35.42 37.02 33.05 41.88 36.36 40.57 39.67 41.17 42.54 35.85 35.51 40.21 41.72 36.54 41.34 43.42 39.14 41.95 39.5 39.05 34.07 32.76 35.74 44.23 32.53 43.28 39.71 36.69 40.11 33.03 33.96 
94.94 88.6 100.02 97.18 87.7 90.39 80.62 80.43 94.49 88.65 109.51 85.05 78.36 83.13 84.24 88.97 95.36 85.27 82.71 84.32 94.14 77.65 94.72 87.39 91.61 82.52 79.33 84.64 90.42 99.34 
245.88 303.73 325.54 278.77 346.24 290.14 278.7 296.41 224.11 336.08 290.13 269.24 253.02 301.51 231.9 323.1 304.9 263.7 235.64 294.76 327.75 358.09 275.62 265.65 307.67 291.14 262.91 292.13 262.83 252.97 315.1 
151.25 173.18 165.32 158.92 174.54 186.23 162.03 123.48 169.48 185.42 159.72 145.41 169.4 180.63 186.13 162.93 163.59 161.16 165.81 158.3 159.62 152.89 148.37 138.63 156.54 148.97 158.94 138.83 168.16 199.69 
454.04 433.02 460.7 363.42 470.61 437.48 428.74 494.64 483.8 424.37 492.11 394.15 445.48 367.05 407.4 420.05 454.92 395.2 394.23 415.74 359.03 426.89 381.05 412.29 490.79 418.68 402.13 340.88 336.53 427.68 449.42 
268.12 260.43 320.24 256.95 287.25 297.22 275.18 305.3 325.86 314.74 310.86 360.23 321.36 342.49 333.21 274.75 350.57 340.63 316.87 282.7 311.88 309.51 348.52 269.38 274.39 355.65 356.72 293.45 287.27 324.61 328.94 
88.27 88.54 90.25 97.87 91.57 108.28 98.95 85.84 90.25 82.69 112.17 89.05 83.35 102.5 84.87 107.14 95.12 97.49 103.02 91.34 85.19 103.4 72.31 109.73 99.1 105.02 91.21 85.71 102.08 98.88 
283.57 298.07 329.35 320.66 345.07 329.13 340.67 242.72 288.89 346.85 296.88 339.99 393.19 353.25 364.72 321.83 299.5 290.01 319.18 407.16 272.88 344.65 294.25 354.59 332.67 288.98 334.49 319.23 299.01 306.86 272.28 
214.6 194.62 190.61 200.92 175.77 198.61 212.15 197.63 188.36 187.95 231.27 189.24 215.43 194.05 189.43 189.16 220.9 206.91 182.74 189.17 207.51 206.04 191.92 164.81 223.54 193.14 222.48 231.54 195.7 196.97 
13.5 12.82 13.42 11.8 11.03 13.13 13.92 10.92 13.32 15.93 13.55 13.46 13.98 16.84 13.55 9.78 15.58 12.3 12.35 13.37 13.15 13.07 11.47 14.34 14.52 12.1 10.35 12.47 12.7 14.0 12.58 
