42.65 39.71 37.2 35.52 40.7 43.15 36.18 39.91 46.7 34.23 44.61 38.12 43.03 37.06 44.24 33.17 38.49 37.86 34.64 38.44 38.66 35.42 36.97 43.74 39.54 38.02 35.33 47.03 43.98 38.89 40.91 
10.21 12.44 12.18 11.61 11.8 12.52 10.23 11.25 11.18 11.21 11.92 10.02 10.78 10.52 11.2 11.92 11.41 11.03 11.1 10.3 12.15 8.99 9.95 11.25 10.82 11.2 10.83 11.73 
29.35 25.22 24.95 28.36 23.64 25.5 27.56 25.78 26.13 30.11 27.6 27.66 27.03 26.13 28.37 23.27 21.95 25.85 23.44 28.89 27.47 28.18 27.33 28.3 27.29 28.3 28.1 24.12 22.59 26.42 27.89 
115.13 104.34 118.94 127.4 121.9 126.82 130.45 136.36 131.98 117.64 124.79 122.67 132.35 97.84 134.05 104.59 106.51 117.77 118.37 119.24 129.81 108.05 135.0 140.81 133.35 114.67 97.91 130.43 118.64 141.88 
137.37 140.64 172.06 149.01 172.79 141.97 153.92 141.56 152.66 144.13 148.44 161.5 127.96 143.2 153.57 142.38 163.22 171.34 161.09 157.86 150.22 171.06 171.53 167.18 140.15 152.89 133.09 157.68 175.42 122.91 155.66 
606.18 644.13 635.58 631.7 651.59 579.61 674.33 627.92 647.07 571.53 660.53 513.15 538.34 675.12 570.78 614.79 692.31 664.75 542.49 582.48 582.34 617.92 461.89 617.09 630.98 611.29 592.19 578.28 677.28 606.65 
187.86 228.49 238.11 221.0 251.19 284.94 224.19 229.38 261.66 256.23 244.64 244.58 228.94 233.08 241.43 260.77 207.0 289.93 223.09 260.32 184.45 280.63 201.89 276.76 226.2 263.6 240.24 214.67 214.83 211.13 240.47 
536.65 569.33 546.66 603.56 632.04 624.27 668.65 617.72 548.71 624.26 624.17 622.05 487.62 582.68 585.99 635.19 523.24 609.67 528.51 595.06 593.06 613.48 598.27 619.47 560.39 531.73 596.51 642.93 617.16 609.17 638.86 
258.67 221.87 237.44 270.53 262.26 215.99 221.29 207.06 208.08 268.19 247.85 234.77 280.36 233.76 251.24 226.51 221.04 255.15 267.63 250.51 243.41 246.66 226.91 217.39 264.64 208.19 235.7 232.73 237.02 241.24 
52.19 47.74 47.35 52.13 39.82 43.02 48.96 43.37 49.99 41.07 50.9 45.12 47.43 43.25 41.81 37.43 49.0 45.49 48.02 40.64 44.9 46.36 33.13 40.1 42.45 44.32 46.86 42.23 45.35 40.05 40.33 
56.41 55.11 54.17 44.56 51.64 42.74 42.76 53.41 51.06 52.14 59.07 48.47 51.29 59.08 62.7 42.83 60.62 51.15 55.26 49.13 54.89 55.41 47.04 50.0 53.17 54.06 54.02 43.43 55.5 60.35 
30.28 31.09 26.65 29.28 26.71 27.5 31.78 27.15 25.17 25.9 27.43 27.96 33.21 21.75 23.44 32.63 25.19 26.1 34.13 23.62 27.09 24.32 30.04 26.53 27.76 30.51 24.62 28.98 35.17 28.12 34.25 
