18.84 18.23 15.95 19.27 14.06 17.98 19.06 15.33 15.53 14.53 18.98 19.57 19.53 19.34 16.25 17.38 17.5 18.83 19.81 14.07 18.97 17.71 15.1 18.69 15.39 17.35 16.47 17.45 21.38 20.41 16.43 
23.89 22.78 22.53 21.78 20.88 22.58 22.17 21.82 17.35 24.93 22.77 22.18 20.84 17.63 23.97 25.34 21.94 17.45 18.21 20.2 18.85 20.97 22.19 20.87 19.79 24.84 19.23 21.88 
9.87 7.95 7.82 9.85 10.37 8.72 9.9 9.33 8.5 11.24 9.09 11.21 10.68 8.86 9.87 8.45 9.2 8.76 9.35 9.21 9.65 8.58 10.94 8.67 10.78 8.02 7.83 9.49 10.42 9.84 9.81 
37.47 41.1 39.77 38.24 34.17 39.32 41.6 36.33 40.52 41.32 48.83 37.33 41.11 38.87 38.63 32.4 40.27 45.01 39.58 34.54 36.35 37.63 35.33 40.74 37.41 40.7 45.34 38.28 30.94 43.77 
355.06 337.52 404.63 436.46 393.48 420.11 424.25 375.35 463.01 409.36 370.27 328.86 449.56 350.4 435.68 306.99 369.98 429.59 398.15 360.99 399.08 355.57 422.06 365.9 368.62 405.0 336.77 355.07 379.35 374.72 441.61 
186.53 238.48 220.88 192.94 241.3 218.06 216.14 217.32 183.76 199.63 222.09 183.28 181.42 247.31 223.15 184.86 240.02 210.33 195.45 198.71 221.95 219.12 228.88 212.32 183.62 229.96 172.39 220.76 224.36 242.68 
361.24 347.6 418.96 428.58 438.96 429.92 333.91 484.81 478.68 427.7 393.15 438.49 446.46 430.99 403.7 458.22 490.52 409.03 310.43 447.67 317.28 357.28 466.72 458.67 429.06 464.18 495.73 365.74 366.72 390.01 370.77 
285.48 266.17 247.03 310.03 287.68 227.61 290.02 212.0 223.6 240.04 208.38 299.47 277.64 268.79 281.85 277.36 241.09 216.24 288.37 243.22 235.01 255.43 246.75 282.63 219.09 251.34 260.06 274.96 313.69 258.43 284.26 
259.42 265.9 266.11 282.79 228.91 235.2 271.61 173.12 272.89 275.79 275.81 212.62 293.44 255.97 311.0 266.7 256.15 293.63 218.68 305.91 294.58 270.19 269.88 273.55 270.06 248.78 291.02 267.74 230.31 217.72 
127.05 153.9 140.35 168.27 143.48 141.68 121.68 141.29 139.73 164.08 148.95 127.66 141.63 135.81 152.04 161.36 140.18 135.54 155.56 142.89 111.21 151.22 139.32 125.15 131.51 129.25 148.35 158.26 127.76 149.52 139.91 
12.54 12.27 12.22 12.48 12.09 10.27 12.18 11.37 10.89 12.39 14.07 13.07 11.25 12.39 10.85 13.91 9.26 11.33 12.01 13.01 12.95 14.86 11.5 11.28 12.97 13.74 11.51 14.28 10.98 13.01 
12.14 9.83 11.1 9.86 9.85 11.34 9.52 10.32 11.86 10.06 9.73 10.04 11.57 12.03 10.88 10.48 10.72 10.1 11.48 10.05 11.29 9.22 10.25 10.77 9.41 10.98 10.45 11.84 10.09 9.98 11.48 
