32.57 32.43 36.54 28.6 35.3 31.91 32.04 34.24 29.86 35.97 25.5 35.94 38.35 37.91 37.08 33.05 34.01 29.48 33.91 28.8 35.44 37.6 35.33 33.39 39.24 36.35 28.04 28.82 36.6 30.27 37.38 
12.46 12.31 11.85 10.55 10.48 11.81 11.67 13.71 11.83 12.41 11.63 10.99 12.96 12.06 12.36 11.64 11.8 12.32 10.48 11.33 12.94 11.24 12.61 10.99 12.9 14.06 10.68 11.55 11.84 
14.12 15.19 15.96 18.54 18.19 16.79 17.19 15.19 15.8 14.94 15.66 16.31 21.33 14.12 19.36 18.82 16.5 15.77 18.91 18.1 19.1 15.11 19.53 16.93 16.62 17.0 15.5 15.05 16.03 19.67 18.09 
89.07 88.61 83.29 84.06 71.18 85.58 73.8 86.38 78.13 97.72 84.01 81.31 77.53 79.92 89.61 85.49 98.37 84.92 71.22 83.66 85.73 86.82 75.16 76.88 82.33 78.2 81.8 91.35 79.25 91.44 
43.51 46.08 42.76 43.57 46.38 39.51 37.8 37.51 44.7 42.9 43.41 43.93 39.57 42.4 45.38 50.37 45.25 38.12 47.09 55.19 49.18 40.16 38.47 42.26 35.25 40.14 52.04 33.27 42.44 48.32 38.72 
98.11 114.05 102.39 116.0 103.0 87.76 125.21 97.73 122.05 95.56 128.14 94.25 107.12 100.67 112.81 101.15 113.32 112.89 114.73 115.64 109.76 103.96 119.14 104.75 94.23 113.19 111.03 113.95 119.71 109.2 
169.76 174.16 162.83 177.38 148.88 163.79 125.72 163.48 148.67 141.27 190.56 154.28 180.78 174.73 162.92 168.18 158.43 171.85 158.81 182.53 188.52 148.49 156.97 180.43 162.95 148.27 164.1 112.14 160.59 147.74 130.33 
163.08 193.72 174.65 219.35 214.58 195.06 195.05 205.61 189.35 180.76 203.62 171.49 169.39 199.21 189.26 170.75 217.35 213.88 153.9 196.47 187.87 190.24 201.81 178.61 171.09 150.26 186.77 167.89 218.31 210.65 194.97 
116.38 111.98 117.75 117.26 98.37 114.35 122.86 133.53 139.11 128.41 126.07 120.21 122.35 113.45 129.91 111.95 133.93 124.89 120.01 125.28 102.11 115.17 131.42 102.2 125.2 118.07 128.29 124.46 138.59 133.57 
400.41 484.2 364.12 458.5 380.68 467.35 368.59 465.75 395.14 447.6 435.77 401.92 429.94 469.75 432.67 524.86 463.75 353.42 471.43 390.21 443.38 420.13 396.33 397.4 435.26 476.04 450.47 387.96 316.23 420.11 443.36 
29.49 26.55 26.74 25.27 34.48 29.52 31.67 25.08 31.16 28.4 24.7 25.51 30.03 27.73 29.12 23.02 29.38 30.75 23.89 25.87 27.03 33.17 35.03 27.38 25.06 29.59 25.51 28.73 27.81 34.85 
14.13 15.62 12.64 15.75 13.96 14.79 13.98 14.0 12.95 15.48 14.06 14.83 12.8 16.44 15.79 14.39 13.94 14.88 13.69 14.24 14.1 13.81 14.21 15.02 13.3 14.65 14.44 13.06 12.93 14.75 14.35 
