13.93 13.57 15.69 14.11 15.88 15.42 11.96 14.43 14.36 12.28 13.24 15.97 12.38 13.23 13.4 14.7 14.4 17.88 17.27 15.35 15.85 14.97 13.23 15.86 14.41 14.71 12.28 12.17 13.03 13.38 14.88 
64.24 60.44 61.69 53.33 52.21 51.74 61.98 59.6 52.15 61.91 56.83 57.19 61.94 60.42 49.4 65.9 59.8 66.87 51.79 63.77 55.58 58.12 60.85 64.53 66.39 58.74 71.4 53.32 
10.03 10.71 12.43 8.99 9.72 11.27 9.81 12.21 13.21 14.39 11.91 11.3 12.67 11.76 11.99 13.56 10.91 11.68 11.27 11.22 10.91 11.74 11.37 11.02 10.68 12.4 11.91 13.08 12.14 12.03 11.29 
104.57 111.3 103.75 88.81 85.92 107.99 110.58 114.14 111.08 96.92 121.7 118.26 120.37 91.23 116.32 123.02 97.74 98.23 98.14 97.18 110.65 116.81 83.82 111.12 126.87 115.09 124.7 104.51 116.99 107.05 
77.88 79.29 76.49 65.3 66.22 71.29 74.87 99.98 82.78 85.68 76.34 69.12 79.32 65.8 91.19 77.22 70.45 74.46 70.21 69.45 78.43 73.59 80.15 77.12 76.04 70.49 71.36 80.92 87.41 77.93 79.34 
151.91 168.0 182.15 168.73 182.95 193.94 180.51 213.25 158.31 171.62 200.72 154.08 177.54 214.0 144.59 155.71 179.25 161.35 148.19 157.36 153.51 174.04 163.6 187.94 191.65 183.46 180.19 190.07 173.85 205.77 
94.41 108.83 112.05 120.31 128.51 110.59 113.09 121.83 131.27 111.22 113.22 130.91 115.17 120.41 107.16 135.01 115.85 117.46 116.51 124.86 126.86 99.01 110.83 119.08 110.75 117.62 127.98 118.5 122.63 119.78 91.85 
340.09 431.53 413.69 465.06 391.0 340.36 389.62 381.4 378.23 379.67 374.91 285.78 393.32 352.12 354.15 412.43 425.28 432.29 386.05 388.35 372.82 438.98 451.68 393.9 371.55 378.66 325.55 450.67 365.75 390.1 363.1 
216.5 247.77 217.73 271.0 191.08 254.28 230.03 230.57 223.31 225.78 202.28 256.26 253.95 242.15 239.06 239.27 253.71 212.42 231.95 235.08 277.7 254.54 219.16 260.27 237.35 203.54 214.39 220.69 256.92 202.44 
658.74 749.46 676.83 596.01 652.27 719.35 697.71 561.98 545.12 755.91 610.65 671.18 683.1 731.87 493.95 564.63 652.35 632.87 607.54 694.52 546.83 639.17 709.02 693.08 628.0 640.32 703.99 707.94 676.43 689.96 577.88 
34.61 31.41 42.08 42.04 43.56 35.98 36.87 37.29 38.21 38.92 41.38 41.91 38.26 34.82 30.25 36.24 45.05 37.39 32.8 46.59 38.33 38.19 41.57 43.08 40.86 48.3 46.72 32.02 40.24 36.26 
65.97 76.5 51.92 63.55 62.84 58.39 63.52 56.1 61.86 64.3 62.35 55.68 66.3 72.5 57.09 58.8 71.33 58.81 60.0 73.57 63.53 67.26 65.06 62.37 61.32 58.43 50.97 63.23 55.81 69.14 66.84 
