24.88 25.07 20.3 25.93 26.61 24.87 23.69 24.53 26.9 28.11 29.01 21.86 25.98 25.26 27.31 24.67 24.25 26.62 23.46 24.31 22.93 15.86 25.86 22.29 21.92 21.92 22.59 23.9 19.36 22.24 25.66 
148.94 139.81 155.91 149.34 147.62 133.85 139.95 139.38 134.96 144.44 136.73 136.94 145.54 158.81 150.36 144.8 172.51 157.67 137.83 144.36 148.9 133.04 139.28 149.84 137.21 123.84 119.96 156.31 
8.83 8.49 5.94 8.64 8.36 8.85 7.48 8.73 8.74 8.64 7.73 7.45 8.06 8.83 8.14 9.41 8.1 6.68 8.3 8.38 8.95 7.87 8.47 7.26 8.02 8.87 9.44 7.89 7.78 7.25 8.27 
79.95 87.48 68.01 81.31 84.25 73.69 77.46 70.94 76.96 71.99 91.77 68.95 105.55 86.27 60.67 81.84 83.63 77.7 72.06 77.88 66.63 92.28 74.9 88.05 75.2 75.96 79.19 85.59 79.13 70.99 
229.44 297.44 266.17 279.31 260.97 314.56 280.1 285.59 259.68 308.67 274.92 261.46 292.44 257.5 313.36 271.56 252.58 222.86 302.98 258.95 253.85 304.52 283.86 239.15 306.16 311.02 320.49 299.53 343.6 308.48 288.65 
219.53 205.38 180.26 214.76 203.29 184.61 245.07 188.88 178.09 195.76 207.89 204.69 243.32 174.78 202.68 232.55 218.54 235.62 225.41 237.14 208.23 206.85 203.48 257.59 185.22 187.49 237.41 209.65 243.2 194.95 
202.36 210.62 226.86 244.85 209.07 244.24 251.51 224.73 284.26 242.26 258.01 213.69 283.77 182.23 244.87 204.81 280.56 223.78 210.76 209.64 222.16 239.18 267.3 230.15 220.54 216.45 250.12 226.57 213.68 253.19 230.09 
299.91 309.66 329.24 321.44 293.91 309.28 264.11 268.36 258.01 315.1 297.32 327.95 275.44 287.88 332.13 285.51 323.78 340.42 281.59 278.77 310.97 312.19 308.45 285.16 250.93 354.83 276.08 348.03 381.59 264.13 315.44 
305.87 262.01 310.77 245.86 286.52 218.59 268.19 260.13 262.82 294.27 246.97 231.62 297.67 261.37 249.47 278.01 236.18 283.83 289.23 254.53 244.08 262.16 253.69 258.34 289.32 279.55 243.34 227.47 280.88 275.55 
318.48 330.77 350.38 366.22 305.22 328.07 298.49 368.28 296.23 324.09 315.29 322.81 292.5 285.84 275.96 362.32 288.41 301.08 280.58 298.7 331.75 312.68 292.21 306.01 311.38 380.33 311.55 280.07 354.61 345.42 260.78 
163.97 162.53 171.18 163.12 147.77 151.33 181.75 162.36 174.16 157.0 140.57 182.92 165.07 143.16 156.61 148.02 136.13 148.87 151.32 170.08 174.92 144.83 176.16 141.34 149.06 152.58 151.02 130.95 144.82 162.09 
32.4 33.65 39.29 30.88 40.15 42.48 40.94 43.69 27.59 39.21 42.96 33.09 40.04 35.62 34.72 32.39 39.05 32.95 34.21 41.58 37.53 34.33 38.14 42.35 34.59 32.63 36.38 33.31 37.76 36.22 37.19 
