0101 8.8
0101 11.4
0102 10.8
0102 13.2
0103 11.0
0103 7.0
0104 5.8
0104 4.6
0105 4.6
0105 6.6
0106 5.4
0106 7.6
0107 6.4
0107 12.8
0108 10.6
0108 11.8
0109 8.4
0109 9.6
0110 8.4
0110 12.8
0111 10.2
0111 11.0
0112 9.0
0112 13.0
0113 9.6
0113 14.2
0114 8.8
0114 14.2
0115 8.2
0115 15.0
0116 12.0
0116 18.2
0117 14.2
0117 13.2
0118 10.6
0118 13.0
0119 10.6
0119 16.6
0120 13.0
0120 16.4
0121 15.2
0121 18.2
0122 15.4
0122 18.0
0123 12.6
0123 16.0
0124 13.6
0124 16.2
0125 12.0
0125 16.4
0126 14.6
0126 12.4
0127 12.6
0127 15.6
0128 10.4
0128 17.0
0129 13.2
0129 19.4
0130 14.2
0130 19.2
0131 14.8
0131 17.6
0201 15.2
0201 21.8
0202 15.4
0202 23.6
0203 19.0
0203 19.6
0204 18.4
0204 20.0
0205 19.4
0205 23.0
0206 20.4
0206 23.4
0207 19.6
0207 21.8
0208 11.0
0208 9.2
0209 7.0
0209 8.4
0210 8.0
0210 11.2
0211 9.4
0211 14.4
0212 12.6
0212 12.0
0213 10.2
0213 17.0
0214 13.6
0214 19.0
0215 17.2
0215 12.6
0216 11.2
0216 13.8
0217 12.8
0217 17.6
0218 17.4
0218 22.8
0219 18.6
0219 11.6
0220 10.4
0220 12.0
0221 10.6
0221 14.8
0222 11.8
0222 14.8
0223 11.2
0223 15.2
0224 13.2
0224 19.2
0225 17.0
0225 21.4
0226 17.8
0226 19.2
0227 19.2
0227 24.0
0228 21.0
0228 19.8
0301 18.6
0301 19.6
0302 12.4
0302 11.8
0303 10.0
0303 11.2
0304 10.2
0304 18.2
0305 13.0
0305 20.2
0306 11.2
0306 22.6
0307 12.8
0307 23.4
0308 15.0
0308 25.4
0309 16.0
0309 24.0
0310 16.4
0310 25.0
0311 17.4
0311 23.6
0312 19.0
0312 23.0
0313 19.8
0313 24.6
0314 16.8
0314 14.8
0315 15.6
0315 19.6
0316 17.2
0316 21.8
0317 19.0
0317 21.2
0318 19.4
0318 22.8
0319 20.4
0319 24.2
0320 23.4
0320 21.2
0321 19.4
0321 20.6
0322 19.8
0322 22.4
0323 21.2
0323 22.2
0324 19.0
0324 23.4
0325 19.8
0325 19.2
0326 19.0
0326 18.0
0327 16.2
0327 18.0
0328 16.8
0328 17.0
0329 17.2
0329 21.0
0330 16.8
0330 17.2
0331 18.2
0331 18.4
0401 18.0
0401 20.0
0402 19.2
0402 21.4
0403 19.4
0403 19.4
0404 17.8
0404 19.6
0405 20.8
0405 22.6
0406 14.2
0406 15.4
0407 12.6
0407 15.4
0408 14.2
0408 15.6
0409 16.6
0409 21.0
0410 16.4
0410 18.0
0411 15.2
0411 16.2
0412 13.4
0412 20.6
0413 15.4
0413 19.4
0414 16.8
0414 24.6
0415 16.6
0415 26.6
0416 20.2
0416 20.8
0417 21.4
0417 23.2
0418 22.8
0418 26.4
0419 23.6
0419 26.6
0420 23.4
0420 21.8
0421 16.8
0421 17.8
0422 16.4
0422 18.8
0423 19.6
0423 22.2
0424 22.4
0424 23.0
0425 21.4
0425 22.0
0426 19.2
0426 19.4
0427 18.8
0427 22.4
0428 20.2
0428 23.0
0429 22.6
0429 24.0
0430 23.6
0430 22.8
0501 19.6
0501 22.8
0502 18.4
0502 20.8
0503 18.4
0503 18.6
0504 18.4
0504 20.6
0505 19.6
0505 24.6
0506 22.4
0506 25.2
0507 22.8
0507 24.8
0508 23.2
0508 24.0
0509 22.6
0509 23.2
0510 22.6
0510 26.0
0511 22.8
0511 25.0
0512 23.0
0512 28.2
0513 23.6
0513 25.2
0514 24.8
0514 25.8
0515 26.4
0515 26.4
0516 26.6
0516 25.2
0517 22.8
0517 26.2
0518 24.8
0518 25.8
0519 26.0
0519 24.4
0520 24.4
0520 24.4
0521 23.8
0521 25.4
0522 24.0
0522 25.8
0523 25.4
0523 29.2
0524 25.0
0524 28.6
0525 24.2
0525 22.6
0526 24.8
0526 28.6
0527 26.8
0527 28.6
0528 27.6
0528 23.6
0529 25.4
0529 23.6
0530 25.0
0530 25.0
0531 25.6
0531 30.2
0601 27.2
0601 32.0
0602 27.2
0602 31.6
0603 26.6
0603 30.2
0604 25.4
0604 25.6
0605 24.6
0605 23.8
0606 23.6
0606 26.0
0607 26.4
0607 31.2
0608 26.0
0608 27.6
0609 26.2
0609 25.8
0610 24.4
0610 24.6
0611 22.4
0611 23.2
0612 22.4
0612 27.2
0613 24.2
0613 25.8
0614 24.8
0614 24.8
0615 24.4
0615 27.0
0616 26.0
0616 27.4
0617 26.4
0617 29.0
0618 26.4
0618 30.8
0619 28.2
0619 32.6
0620 27.6
0620 33.2
0621 27.6
0621 31.2
0622 28.0
0622 28.2
0623 25.6
0623 26.0
0624 26.6
0624 27.2
0625 24.6
0625 29.6
0626 27.4
0626 30.6
0627 27.6
0627 31.2
0628 28.2
0628 30.4
0629 28.0
0629 31.0
0630 28.4
0630 31.4
0701 27.6
0701 26.0
0702 27.4
0702 25.8
0703 26.2
0703 30.2
0704 27.2
0704 31.4
0705 27.2
0705 31.6
0706 27.4
0706 28.4
0707 26.6
0707 27.0
0708 26.4
0708 27.8
0709 26.6
0709 25.2
0710 24.8
0710 29.8
0711 26.6
0711 32.4
0712 26.6
0712 33.4
0713 27.8
0713 31.2
0714 28.4
0714 30.0
0715 23.6
0715 26.2
0716 24.4
0716 28.2
0717 25.8
0717 26.0
0718 25.6
0718 28.6
0719 25.8
0719 28.6
0720 26.8
0720 24.4
0721 25.4
0721 24.8
0722 25.8
0722 27.6
0723 26.8
0723 28.6
0724 26.6
0724 26.0
0725 25.8
0725 26.2
0726 24.4
0726 26.0
0727 25.4
0727 25.2
0728 25.6
0728 25.2
0729 24.8
0729 29.2
0730 26.4
0730 31.6
0731 26.2
0731 32.0
0801 26.6
0801 28.8
0802 26.0
0802 25.6
0803 25.2
0803 25.6
0804 26.4
0804 31.0
0805 25.8
0805 32.2
0806 26.2
0806 32.0
0807 26.8
0807 28.2
0808 26.2
0808 28.2
0809 26.0
0809 32.6
0810 26.2
0810 33.4
0811 25.4
0811 31.6
0812 26.6
0812 32.8
0813 27.2
0813 28.0
0814 26.4
0814 27.0
0815 25.4
0815 27.4
0816 24.2
0816 26.8
0817 25.2
0817 26.4
0818 25.0
0818 26.0
0819 26.0
0819 26.6
0820 25.6
0820 25.2
0821 25.4
0821 30.0
0822 27.0
0822 29.6
0823 25.4
0823 26.2
0824 26.6
0824 25.6
0825 26.0
0825 26.0
0826 25.0
0826 30.0
0827 25.6
0827 32.6
0828 26.4
0828 32.8
0829 27.0
0829 33.2
0830 23.0
0830 25.0
0831 24.4
0831 25.4
0901 24.8
0901 27.2
0902 24.4
0902 27.4
0903 25.6
0903 24.6
0904 23.8
0904 24.4
0905 23.2
0905 26.2
0906 24.6
0906 27.4
0907 24.2
0907 27.8
0908 25.4
0908 29.6
0909 25.0
0909 31.0
0910 26.6
0910 31.0
0911 26.0
0911 31.2
0912 25.4
0912 30.8
0913 25.0
0913 27.4
0914 25.2
0914 30.4
0915 25.4
0915 30.8
0916 24.2
0916 29.8
0917 23.8
0917 28.6
0918 22.4
0918 28.2
0919 25.0
0919 30.0
0920 26.0
0920 30.8
0921 28.0
0921 32.4
0922 28.8
0922 28.8
0923 24.4
0923 27.2
0924 26.8
0924 27.2
0925 24.4
0925 25.4
0926 21.0
0926 23.4
0927 20.4
0927 27.0
0928 22.0
0928 25.6
0929 22.6
0929 24.0
0930 22.4
0930 24.2
1001 23.8
1001 28.2
1002 24.0
1002 27.6
1003 22.6
1003 25.6
1004 22.8
1004 24.6
1005 21.8
1005 24.6
1006 21.8
1006 27.4
1007 23.6
1007 26.6
1008 22.8
1008 24.6
1009 23.0
1009 25.2
1010 23.2
1010 26.8
1011 24.6
1011 28.0
1012 24.6
1012 28.0
1013 25.2
1013 27.4
1014 22.4
1014 26.8
1015 23.8
1015 26.2
1016 20.6
1016 22.4
1017 21.0
1017 23.8
1018 20.4
1018 22.0
1019 19.6
1019 23.8
1020 18.4
1020 23.2
1021 19.4
1021 23.4
1022 21.2
1022 23.6
1023 19.2
1023 23.6
1024 18.6
1024 23.8
1025 19.2
1025 22.4
1026 15.2
1026 19.8
1027 16.2
1027 21.0
1028 14.6
1028 22.4
1029 18.6
1029 22.6
1030 20.2
1030 24.2
1031 20.0
1031 25.6
1101 21.6
1101 25.4
1102 21.2
1102 26.2
1103 21.8
1103 24.4
1104 21.4
1104 22.8
1105 21.0
1105 19.4
1106 21.4
1106 24.4
1107 20.4
1107 24.4
1108 21.0
1108 25.0
1109 21.0
1109 27.0
1110 24.8
1110 23.0
1111 22.4
1111 21.6
1112 20.0
1112 16.0
1113 14.8
1113 16.8
1114 14.8
1114 16.8
1115 15.8
1115 18.2
1116 14.4
1116 19.8
1117 17.0
1117 19.6
1118 16.4
1118 20.0
1119 17.6
1119 18.0
1120 15.2
1120 19.0
1121 15.6
1121 20.4
1122 14.6
1122 21.4
1123 17.2
1123 21.8
1124 18.8
1124 17.2
1125 12.2
1125 16.8
1126 12.8
1126 18.0
1127 15.2
1127 13.0
1128 12.2
1128 14.4
1129 9.8
1129 12.6
1130 10.6
1130 14.8
1201 13.2
1201 16.6
1202 11.0
1202 17.8
1203 9.0
1203 17.8
1204 12.8
1204 18.2
1205 12.4
1205 16.8
1206 11.8
1206 17.4
1207 13.0
1207 17.0
1209 14.6
1209 17.6
1210 14.0
1210 17.4
1211 15.0
1211 14.0
1212 12.6
1212 14.8
1213 12.2
1213 13.0
1214 11.8
1214 13.0
1215 12.6
1215 12.2
1216 8.2
1216 8.4
1217 7.2
1217 10.0
1218 8.4
1218 9.8
1219 7.0
1219 9.6
1220 7.4
1220 11.0
1221 7.6
1221 10.4
1222 5.6
1222 10.2
1223 7.2
1223 12.8
1224 8.0
1224 12.6
1225 8.2
1225 12.8
1226 8.6
1226 13.0
1227 9.6
1227 10.2
1228 5.4
1228 9.8
1229 6.6
1229 11.2
1230 7.4
1230 12.8
1231 8.8
1231 14.4
0101 16.0
0102 7.2
0102 17.8
0103 13.6
0103 18.8
0104 14.0
0104 15.6
0105 10.2
0105 15.6
0106 10.4
0106 17.2
0107 14.8
0107 17.0
0108 14.4
0108 10.8
0109 9.6
0109 12.4
0110 10.4
0111 11.4
0111 17.6
0112 11.6
0112 11.6
0113 9.2
0113 10.8
0114 7.0
0114 12.4
0115 6.0
0115 12.2
0116 7.4
0116 14.2
0117 7.2
0117 15.6
0118 10.8
0118 15.4
0119 9.2
0119 15.0
0120 6.8
0120 15.8
0121 10.2
0121 14.2
0122 7.2
0122 12.8
0123 4.4
0123 14.4
0124 7.6
0124 15.4
0125 13.4
0125 18.8
0126 16.8
0126 19.8
0127 14.8
0127 19.6
0128 14.2
0128 18.4
0129 12.0
0129 20.0
0130 12.2
0130 21.0
0131 12.8
0131 22.0
0201 16.2
0201 21.6
0202 14.0
0202 22.0
0203 14.4
0203 22.6
0204 15.2
0204 19.4
0205 16.8
0205 20.4
0206 17.0
0206 21.2
0207 19.0
0207 9.8
0208 8.4
0208 7.8
0209 8.2
0209 6.6
0210 5.2
0210 6.0
0211 4.0
0211 5.0
0212 5.0
0212 4.2
0213 4.6
0213 5.8
0214 4.6
0214 7.4
0215 5.4
0215 6.0
0216 7.4
0216 9.6
0217 9.8
0217 12.4
0218 10.4
0218 7.4
0219 5.0
0219 7.4
0220 4.4
0220 13.8
0221 9.8
0221 15.2
0222 10.6
0222 11.2
0223 11.6
0223 17.6
0224 13.2
0224 19.2
0225 16.8
0225 19.0
0226 17.0
0226 19.4
0227 16.6
0227 22.4
0228 18.2
0228 18.0
0301 18.6
0301 21.0
0302 13.4
0302 13.0
0303 11.4
0303 11.6
0304 12.4
0305 12.4
0305 14.6
0306 12.6
0306 13.8
0307 12.0
0307 -75.5
0308 12.2
0309 10.4
0309 10.8
0310 9.8
0310 10.8
0311 10.8
0311 12.6
0312 13.8
0312 16.4
0313 16.2
0313 18.8
0314 14.4
0314 13.8
0315 12.2
0315 15.0
0316 12.4
0316 14.8
0317 14.6
0317 20.2
0318 18.4
0318 23.4
0320 18.8
0320 17.0
0321 13.4
0321 13.2
0322 12.0
0322 18.0
0323 14.8
0323 21.4
0324 14.0
0324 23.0
0325 18.4
0325 25.0
0326 18.4
0326 26.0
0327 19.4
0327 24.0
0328 21.8
0328 22.0
0329 22.2
0329 22.4
0330 20.0
0330 20.4
0331 18.0
0331 22.8
0401 19.2
0401 19.4
0402 17.4
0402 18.4
0403 18.2
0403 23.0
0404 19.8
0404 23.8
0405 24.4
0406 17.6
0406 18.4
0407 18.2
0407 20.2
0408 19.0
0408 23.0
0409 21.0
0409 26.2
0410 21.8
0410 24.8
0411 20.8
0411 25.2
0412 22.4
0412 26.0
0413 23.0
0413 28.8
0414 23.6
0414 23.8
0415 21.2
0415 23.8
0416 20.4
0416 22.8
0417 22.0
0417 26.4
0418 22.2
0418 27.6
0419 22.6
0419 27.2
0420 23.8
0420 25.0
0421 24.2
0421 26.0
0422 21.6
0422 23.8
0423 19.2
0423 20.2
0424 21.4
0424 23.0
0425 22.2
0425 23.4
0426 23.4
0426 21.4
0427 21.4
0427 21.6
0428 20.6
0428 24.8
0429 21.8
0429 20.0
0430 18.0
0430 17.8
0501 18.2
0501 22.0
0502 20.4
0502 26.0
0503 22.6
0503 27.6
0504 22.2
0504 22.8
0505 19.4
0505 17.8
0506 17.6
0506 19.6
0507 18.6
0507 20.4
0508 19.8
0508 21.4
0509 21.4
0509 22.0
0510 22.0
0510 24.8
0511 24.4
0511 23.8
0512 21.6
0512 24.4
0513 23.0
0513 27.8
0514 27.0
0514 29.4
0515 24.8
0515 27.2
0516 24.2
0516 26.0
0517 25.0
0517 22.8
0518 23.2
0518 23.6
0519 23.0
0519 23.8
0520 24.2
0520 25.8
0521 24.0
0521 25.6
0522 26.4
0522 23.0
0523 23.0
0523 22.2
0524 23.8
0524 26.8
0525 26.4
0525 29.8
0526 26.0
0526 28.0
0527 26.0
0527 29.0
0528 25.6
0528 27.0
0529 25.8
0529 25.8
0530 25.8
0530 25.8
0531 27.0
0531 31.8
0601 27.8
0601 32.4
0602 28.0
0602 29.0
0603 24.6
0603 26.6
0604 26.0
0604 30.6
0605 26.8
0605 24.2
0606 24.0
0606 25.0
0607 24.8
0607 25.4
0608 25.4
0608 31.2
0609 26.2
0609 30.4
0610 25.0
0610 27.6
0611 26.2
0611 25.6
0612 26.2
0612 29.2
0613 27.2
0613 31.2
0614 27.0
0614 31.2
0615 26.6
0615 32.8
0616 28.0
0616 33.0
0617 28.4
0617 26.6
0618 25.8
0618 25.6
0619 26.8
0619 25.4
0620 25.6
0620 26.4
0621 25.2
0621 25.2
0622 26.6
0622 26.4
0623 26.0
0623 25.6
0624 25.6
0624 26.4
0625 27.2
0625 27.4
0626 28.0
0626 31.4
0627 28.2
0627 31.4
0628 27.8
0628 32.4
0629 27.6
0629 31.2
0630 28.2
0630 29.0
0701 27.2
0701 27.4
0702 26.8
0702 29.8
0703 27.6
0703 30.6
0704 27.8
0704 32.4
0705 28.2
0705 32.6
0706 27.8
0706 32.2
0707 27.6
0707 30.4
0708 26.0
0708 24.4
0709 24.8
0709 33.4
0710 27.2
0710 28.6
0711 26.4
0711 27.4
0712 27.2
0712 26.4
0713 26.2
0713 24.6
0714 27.6
0714 29.6
0715 28.4
0715 27.4
0716 26.6
0716 30.6
0717 27.8
0717 30.0
0718 28.2
0718 27.4
0719 26.6
0719 28.6
0720 26.2
0720 30.2
0721 26.8
0721 26.0
0722 26.0
0722 34.2
0723 28.4
0723 34.4
0724 29.6
0724 26.0
0725 25.2
0725 28.4
0726 26.6
0726 26.8
0727 26.4
0727 28.6
0728 26.4
0728 32.4
0729 26.0
0729 33.0
0730 27.6
0730 33.4
0731 27.4
0731 34.2
0801 27.8
0801 28.8
0802 25.8
0802 24.4
0803 25.0
0803 32.0
0804 27.4
0804 29.6
0805 27.4
0805 31.8
0806 27.2
0806 27.4
0807 26.6
0807 28.8
0808 27.0
0808 32.4
0809 28.2
0809 31.8
0810 27.8
0811 26.4
0811 31.8
0812 28.0
0812 29.2
0813 24.2
0813 24.8
0814 24.4
0814 25.0
0815 25.2
0815 24.4
0816 24.6
0816 29.2
0817 25.6
0817 30.8
0818 27.4
0818 31.2
0819 24.8
0819 24.4
0820 23.8
0820 23.0
0821 23.2
0821 24.8
0822 24.4
0822 28.2
0823 25.6
0823 30.6
0824 26.6
0824 31.0
0825 26.2
0825 31.6
0826 27.2
0826 31.8
0827 26.6
0827 31.2
0828 27.2
0828 28.0
0829 25.4
0829 31.0
0830 27.0
0830 28.8
0831 26.0
0831 25.4
0901 25.0
0901 25.6
0902 25.2
0902 31.2
0903 26.2
0903 25.6
0904 26.0
0904 30.6
0905 25.6
0905 27.8
0906 24.2
0906 30.2
0907 26.6
0907 29.4
0908 27.4
0908 26.4
0909 26.0
0909 27.2
0910 26.4
0910 31.2
0911 26.6
0911 30.8
0912 27.4
0912 26.8
0913 26.6
0913 26.4
0914 26.4
0914 30.0
0915 27.8
0915 31.2
0916 27.4
0916 26.4
0917 26.4
0917 27.6
0918 26.0
0918 30.0
0919 25.6
0919 30.2
0920 24.0
0920 25.8
0921 23.6
0921 26.6
0922 26.6
0923 24.2
0923 26.8
0924 24.4
0924 27.6
0925 24.8
0925 27.8
0926 24.2
0926 29.4
0927 25.4
0927 30.0
0928 26.0
0928 30.0
0929 25.0
0929 30.4
0930 26.4
0930 30.2
1001 24.8
1001 27.8
1002 24.2
1002 29.4
1003 25.6
1003 27.2
1004 24.6
1004 28.0
1005 24.2
1005 26.6
1006 22.4
1006 27.4
1007 22.6
1007 24.4
1008 20.6
1008 24.0
1009 22.8
1009 24.6
1010 22.0
1010 26.2
1011 23.0
1011 26.4
1012 23.6
1012 26.8
1013 22.4
1013 24.0
1014 20.2
1014 22.4
1015 19.4
1015 24.0
1016 20.4
1016 25.2
1017 19.4
1017 25.0
1018 20.0
1018 26.2
1019 20.8
1019 26.2
1020 21.0
1020 27.2
1021 22.4
1021 26.4
1022 22.2
1022 24.2
1023 20.8
1023 23.4
1024 21.0
1024 23.8
1025 19.6
1025 26.4
1026 21.6
1026 24.4
1027 22.0
1027 27.2
1028 21.8
1028 26.6
1029 22.6
1029 27.0
1030 22.2
1030 26.8
1031 22.0
1031 27.4
1101 21.6
1101 27.4
1102 21.6
1102 20.4
1103 17.6
1103 21.0
1104 18.0
1104 20.8
1105 19.2
1105 21.2
1106 17.4
1106 19.8
1107 15.8
1107 15.6
1108 15.0
1108 18.4
1109 17.4
1109 17.2
1110 15.6
1110 16.6
1111 16.6
1111 17.4
1112 16.8
1112 17.8
1113 16.2
1113 18.6
1114 15.8
1114 18.0
1115 17.2
1115 21.6
1116 19.4
1116 21.0
1117 15.4
1117 17.8
1118 15.4
1118 16.6
1119 14.0
1119 17.8
1120 15.4
1120 19.6
1121 15.2
1121 21.8
1122 17.6
1122 23.6
1123 19.4
1123 24.0
1124 19.4
1124 24.2
1125 20.0
1125 20.0
1126 16.8
1126 21.2
1127 18.8
1127 24.8
1128 20.6
1128 22.8
1129 21.2
1129 24.6
1130 22.4
1130 24.6
1201 15.6
1201 15.6
1202 12.0
1202 13.0
1203 11.4
1203 13.0
1204 10.4
1204 13.4
1205 11.8
1205 14.6
1206 11.8
1206 14.8
1207 11.0
1207 11.8
1208 12.8
1208 15.8
1209 14.2
1209 17.2
1210 13.8
1210 16.0
1211 10.4
1211 11.2
1212 9.4
1212 12.2
1213 7.6
1213 12.4
1214 9.2
1214 15.0
1215 11.8
1215 15.6
1216 11.6
1216 14.0
1217 7.8
1217 11.2
1218 6.2
1218 14.0
1219 11.0
1219 11.8
1220 9.4
1220 15.2
1221 9.6
1221 13.8
1222 7.8
1222 11.8
1223 8.8
1223 13.2
1224 12.0
1224 18.6
1225 17.2
1225 17.2
1226 14.4
1226 12.6
1227 11.0
1227 11.8
1228 9.0
1228 10.2
1229 6.8
1229 13.8
1230 7.2
1230 15.8
1231 8.2
1231 17.8
