0101 8.8
0101 11.4
0102 10.8
0102 13.2
0103 11.0
0103 7.0
0104 5.8
0104 4.6
0105 4.6
0105 6.6
0106 5.4
0106 7.6
0107 6.4
0107 12.8
0108 10.6
0108 11.8
0109 8.4
0109 9.6
0110 8.4
0110 12.8
0111 10.2
0111 11.0
0112 9.0
0112 13.0
0113 9.6
0113 14.2
0114 8.8
0114 14.2
0115 8.2
0115 15.0
0116 12.0
0116 18.2
0117 14.2
0117 13.2
0118 10.6
0118 13.0
0119 10.6
0119 16.6
0120 13.0
0120 16.4
0121 15.2
0121 18.2
0122 15.4
0122 18.0
0123 12.6
0123 16.0
0124 13.6
0124 16.2
0125 12.0
0125 16.4
0126 14.6
0126 12.4
0127 12.6
0127 15.6
0128 10.4
0128 17.0
0129 13.2
0129 19.4
0130 14.2
0130 19.2
0131 14.8
0131 17.6
0201 15.2
0201 21.8
0202 15.4
0202 23.6
0203 19.0
0203 19.6
0204 18.4
0204 20.0
0205 19.4
0205 23.0
0206 20.4
0206 23.4
0207 19.6
0207 21.8
0208 11.0
0208 9.2
0209 7.0
0209 8.4
0210 8.0
0210 11.2
0211 9.4
0211 14.4
0212 12.6
0212 12.0
0213 10.2
0213 17.0
0214 13.6
0214 19.0
0215 17.2
0215 12.6
0216 11.2
0216 13.8
0217 12.8
0217 17.6
0218 17.4
0218 22.8
0219 18.6
0219 11.6
0220 10.4
0220 12.0
0221 10.6
0221 14.8
0222 11.8
0222 14.8
0223 11.2
0223 15.2
0224 13.2
0224 19.2
0225 17.0
0225 21.4
0226 17.8
0226 19.2
0227 19.2
0227 24.0
0228 21.0
0228 19.8
0301 18.6
0301 19.6
0302 12.4
0302 11.8
0303 10.0
0303 11.2
0304 10.2
0304 18.2
0305 13.0
0305 20.2
0306 11.2
0306 22.6
0307 12.8
0307 23.4
0308 15.0
0308 25.4
0309 16.0
0309 24.0
0310 16.4
0310 25.0
0311 17.4
0311 23.6
0312 19.0
0312 23.0
0313 19.8
0313 24.6
0314 16.8
0314 14.8
0315 15.6
0315 19.6
0316 17.2
0316 21.8
0317 19.0
0317 21.2
0318 19.4
0318 22.8
0319 20.4
0319 24.2
0320 23.4
0320 21.2
0321 19.4
0321 20.6
0322 19.8
0322 22.4
0323 21.2
0323 22.2
0324 19.0
0324 23.4
0325 19.8
0325 19.2
0326 19.0
0326 18.0
0327 16.2
0327 18.0
0328 16.8
0328 17.0
0329 17.2
0329 21.0
0330 16.8
0330 17.2
0331 18.2
0331 18.4
0401 18.0
0401 20.0
0402 19.2
0402 21.4
0403 19.4
0403 19.4
0404 17.8
0404 19.6
0405 20.8
0405 22.6
0406 14.2
0406 15.4
0407 12.6
0407 15.4
0408 14.2
0408 15.6
0409 16.6
0409 21.0
0410 16.4
0410 18.0
0411 15.2
0411 16.2
0412 13.4
0412 20.6
0413 15.4
0413 19.4
0414 16.8
0414 24.6
0415 16.6
0415 26.6
0416 20.2
0416 20.8
0417 21.4
0417 23.2
0418 22.8
0418 26.4
0419 23.6
0419 26.6
0420 23.4
0420 21.8
0421 16.8
0421 17.8
0422 16.4
0422 18.8
0423 19.6
0423 22.2
0424 22.4
0424 23.0
0425 21.4
0425 22.0
0426 19.2
0426 19.4
0427 18.8
0427 22.4
0428 20.2
0428 23.0
0429 22.6
0429 24.0
0430 23.6
0430 22.8
0501 19.6
0501 22.8
0502 18.4
0502 20.8
0503 18.4
0503 18.6
0504 18.4
0504 20.6
0505 19.6
0505 24.6
0506 22.4
0506 25.2
0507 22.8
0507 24.8
0508 23.2
0508 24.0
0509 22.6
0509 23.2
0510 22.6
0510 26.0
0511 22.8
0511 25.0
0512 23.0
0512 28.2
0513 23.6
0513 25.2
0514 24.8
0514 25.8
0515 26.4
0515 26.4
0516 26.6
0516 25.2
0517 22.8
0517 26.2
0518 24.8
0518 25.8
0519 26.0
0519 24.4
0520 24.4
0520 24.4
0521 23.8
0521 25.4
0522 24.0
0522 25.8
0523 25.4
0523 29.2
0524 25.0
0524 28.6
0525 24.2
0525 22.6
0526 24.8
0526 28.6
0527 26.8
0527 28.6
0528 27.6
0528 23.6
0529 25.4
0529 23.6
0530 25.0
0530 25.0
0531 25.6
0531 30.2
0601 27.2
0601 32.0
0602 27.2
0602 31.6
0603 26.6
0603 30.2
0604 25.4
0604 25.6
0605 24.6
0605 23.8
0606 23.6
0606 26.0
0607 26.4
0607 31.2
0608 26.0
0608 27.6
0609 26.2
0609 25.8
0610 24.4
0610 24.6
0611 22.4
0611 23.2
0612 22.4
0612 27.2
0613 24.2
0613 25.8
0614 24.8
0614 24.8
0615 24.4
0615 27.0
0616 26.0
0616 27.4
0617 26.4
0617 29.0
0618 26.4
0618 30.8
0619 28.2
0619 32.6
0620 27.6
0620 33.2
0621 27.6
0621 31.2
0622 28.0
0622 28.2
0623 25.6
0623 26.0
0624 26.6
0624 27.2
0625 24.6
0625 29.6
0626 27.4
0626 30.6
0627 27.6
0627 31.2
0628 28.2
0628 30.4
0629 28.0
0629 31.0
0630 28.4
0630 31.4
0701 27.6
0701 26.0
0702 27.4
0702 25.8
0703 26.2
0703 30.2
0704 27.2
0704 31.4
0705 27.2
0705 31.6
0706 27.4
0706 28.4
0707 26.6
0707 27.0
0708 26.4
0708 27.8
0709 26.6
0709 25.2
0710 24.8
0710 29.8
0711 26.6
0711 32.4
0712 26.6
0712 33.4
0713 27.8
0713 31.2
0714 28.4
0714 30.0
0715 23.6
0715 26.2
0716 24.4
0716 28.2
0717 25.8
0717 26.0
0718 25.6
0718 28.6
0719 25.8
0719 28.6
0720 26.8
0720 24.4
0721 25.4
0721 24.8
0722 25.8
0722 27.6
0723 26.8
0723 28.6
0724 26.6
0724 26.0
0725 25.8
0725 26.2
0726 24.4
0726 26.0
0727 25.4
0727 25.2
0728 25.6
0728 25.2
0729 24.8
0729 29.2
0730 26.4
0730 31.6
0731 26.2
0731 32.0
0801 26.6
0801 28.8
0802 26.0
0802 25.6
0803 25.2
0803 25.6
0804 26.4
0804 31.0
0805 25.8
0805 32.2
0806 26.2
0806 32.0
0807 26.8
0807 28.2
0808 26.2
0808 28.2
0809 26.0
0809 32.6
0810 26.2
0810 33.4
0811 25.4
0811 31.6
0812 26.6
0812 32.8
0813 27.2
0813 28.0
0814 26.4
0814 27.0
0815 25.4
0815 27.4
0816 24.2
0816 26.8
0817 25.2
0817 26.4
0818 25.0
0818 26.0
0819 26.0
0819 26.6
0820 25.6
0820 25.2
0821 25.4
0821 30.0
0822 27.0
0822 29.6
0823 25.4
0823 26.2
0824 26.6
0824 25.6
0825 26.0
0825 26.0
0826 25.0
0826 30.0
0827 25.6
0827 32.6
0828 26.4
0828 32.8
0829 27.0
0829 33.2
0830 23.0
0830 25.0
0831 24.4
0831 25.4
0901 24.8
0901 27.2
0902 24.4
0902 27.4
0903 25.6
0903 24.6
0904 23.8
0904 24.4
0905 23.2
0905 26.2
0906 24.6
0906 27.4
0907 24.2
0907 27.8
0908 25.4
0908 29.6
0909 25.0
0909 31.0
0910 26.6
0910 31.0
0911 26.0
0911 31.2
0912 25.4
0912 30.8
0913 25.0
0913 27.4
0914 25.2
0914 30.4
0915 25.4
0915 30.8
0916 24.2
0916 29.8
0917 23.8
0917 28.6
0918 22.4
0918 28.2
0919 25.0
0919 30.0
0920 26.0
0920 30.8
0921 28.0
0921 32.4
0922 28.8
0922 28.8
0923 24.4
0923 27.2
0924 26.8
0924 27.2
0925 24.4
0925 25.4
0926 21.0
0926 23.4
0927 20.4
0927 27.0
0928 22.0
0928 25.6
0929 22.6
0929 24.0
0930 22.4
0930 24.2
1001 23.8
1001 28.2
1002 24.0
1002 27.6
1003 22.6
1003 25.6
1004 22.8
1004 24.6
1005 21.8
1005 24.6
1006 21.8
1006 27.4
1007 23.6
1007 26.6
1008 22.8
1008 24.6
1009 23.0
1009 25.2
1010 23.2
1010 26.8
1011 24.6
1011 28.0
1012 24.6
1012 28.0
1013 25.2
1013 27.4
1014 22.4
1014 26.8
1015 23.8
1015 26.2
1016 20.6
1016 22.4
1017 21.0
1017 23.8
1018 20.4
1018 22.0
1019 19.6
1019 23.8
1020 18.4
1020 23.2
1021 19.4
1021 23.4
1022 21.2
1022 23.6
1023 19.2
1023 23.6
1024 18.6
1024 23.8
1025 19.2
1025 22.4
1026 15.2
1026 19.8
1027 16.2
1027 21.0
1028 14.6
1028 22.4
1029 18.6
1029 22.6
1030 20.2
1030 24.2
1031 20.0
1031 25.6
1101 21.6
1101 25.4
1102 21.2
1102 26.2
1103 21.8
1103 24.4
1104 21.4
1104 22.8
1105 21.0
1105 19.4
1106 21.4
1106 24.4
1107 20.4
1107 24.4
1108 21.0
1108 25.0
1109 21.0
1109 27.0
1110 24.8
1110 23.0
1111 22.4
1111 21.6
1112 20.0
1112 16.0
1113 14.8
1113 16.8
1114 14.8
1114 16.8
1115 15.8
1115 18.2
1116 14.4
1116 19.8
1117 17.0
1117 19.6
1118 16.4
1118 20.0
1119 17.6
1119 18.0
1120 15.2
1120 19.0
1121 15.6
1121 20.4
1122 14.6
1122 21.4
1123 17.2
1123 21.8
1124 18.8
1124 17.2
1125 12.2
1125 16.8
1126 12.8
1126 18.0
1127 15.2
1127 13.0
1128 12.2
1128 14.4
1129 9.8
1129 12.6
1130 10.6
1130 14.8
1201 13.2
1201 16.6
1202 11.0
1202 17.8
1203 9.0
1203 17.8
1204 12.8
1204 18.2
1205 12.4
1205 16.8
1206 11.8
1206 17.4
1207 13.0
1207 17.0
1209 14.6
1209 17.6
1210 14.0
1210 17.4
1211 15.0
1211 14.0
1212 12.6
1212 14.8
1213 12.2
1213 13.0
1214 11.8
1214 13.0
1215 12.6
1215 12.2
1216 8.2
1216 8.4
1217 7.2
1217 10.0
1218 8.4
1218 9.8
1219 7.0
1219 9.6
1220 7.4
1220 11.0
1221 7.6
1221 10.4
1222 5.6
1222 10.2
1223 7.2
1223 12.8
1224 8.0
1224 12.6
1225 8.2
1225 12.8
1226 8.6
1226 13.0
1227 9.6
1227 10.2
1228 5.4
1228 9.8
1229 6.6
1229 11.2
1230 7.4
1230 12.8
1231 8.8
1231 14.4
0101 16.0
0102 7.2
0102 17.8
0103 13.6
0103 18.8
0104 14.0
0104 15.6
0105 10.2
0105 15.6
0106 10.4
0106 17.2
0107 14.8
0107 17.0
0108 14.4
0108 10.8
0109 9.6
0109 12.4
0110 10.4
0111 11.4
0111 17.6
0112 11.6
0112 11.6
0113 9.2
0113 10.8
0114 7.0
0114 12.4
0115 6.0
0115 12.2
0116 7.4
0116 14.2
0117 7.2
0117 15.6
0118 10.8
0118 15.4
0119 9.2
0119 15.0
0120 6.8
0120 15.8
0121 10.2
0121 14.2
0122 7.2
0122 12.8
0123 4.4
0123 14.4
0124 7.6
0124 15.4
0125 13.4
0125 18.8
0126 16.8
0126 19.8
0127 14.8
0127 19.6
0128 14.2
0128 18.4
0129 12.0
0129 20.0
0130 12.2
0130 21.0
0131 12.8
0131 22.0
0201 16.2
0201 21.6
0202 14.0
0202 22.0
0203 14.4
0203 22.6
0204 15.2
0204 19.4
0205 16.8
0205 20.4
0206 17.0
0206 21.2
0207 19.0
0207 9.8
0208 8.4
0208 7.8
0209 8.2
0209 6.6
0210 5.2
0210 6.0
0211 4.0
0211 5.0
0212 5.0
0212 4.2
0213 4.6
0213 5.8
0214 4.6
0214 7.4
0215 5.4
0215 6.0
0216 7.4
0216 9.6
0217 9.8
0217 12.4
0218 10.4
0218 7.4
0219 5.0
0219 7.4
0220 4.4
0220 13.8
0221 9.8
0221 15.2
0222 10.6
0222 11.2
0223 11.6
0223 17.6
0224 13.2
0224 19.2
0225 16.8
0225 19.0
0226 17.0
0226 19.4
0227 16.6
0227 22.4
0228 18.2
0228 18.0
0301 18.6
0301 21.0
0302 13.4
0302 13.0
0303 11.4
0303 11.6
0304 12.4
0305 12.4
0305 14.6
0306 12.6
0306 13.8
0307 12.0
0307 -75.5
0308 12.2
0309 10.4
0309 10.8
0310 9.8
0310 10.8
0311 10.8
0311 12.6
0312 13.8
0312 16.4
0313 16.2
0313 18.8
0314 14.4
0314 13.8
0315 12.2
0315 15.0
0316 12.4
0316 14.8
0317 14.6
0317 20.2
0318 18.4
0318 23.4
0320 18.8
0320 17.0
0321 13.4
0321 13.2
0322 12.0
0322 18.0
0323 14.8
0323 21.4
0324 14.0
0324 23.0
0325 18.4
0325 25.0
0326 18.4
0326 26.0
0327 19.4
0327 24.0
0328 21.8
0328 22.0
0329 22.2
0329 22.4
0330 20.0
0330 20.4
0331 18.0
0331 22.8
0401 19.2
0401 19.4
0402 17.4
0402 18.4
0403 18.2
0403 23.0
0404 19.8
0404 23.8
0405 24.4
0406 17.6
0406 18.4
0407 18.2
0407 20.2
0408 19.0
0408 23.0
0409 21.0
0409 26.2
0410 21.8
0410 24.8
0411 20.8
0411 25.2
0412 22.4
0412 26.0
0413 23.0
0413 28.8
0414 23.6
0414 23.8
0415 21.2
0415 23.8
0416 20.4
0416 22.8
0417 22.0
0417 26.4
0418 22.2
0418 27.6
0419 22.6
0419 27.2
0420 23.8
0420 25.0
0421 24.2
0421 26.0
0422 21.6
0422 23.8
0423 19.2
0423 20.2
0424 21.4
0424 23.0
0425 22.2
0425 23.4
0426 23.4
0426 21.4
0427 21.4
0427 21.6
0428 20.6
0428 24.8
0429 21.8
0429 20.0
0430 18.0
0430 17.8
0501 18.2
0501 22.0
0502 20.4
0502 26.0
0503 22.6
0503 27.6
0504 22.2
0504 22.8
0505 19.4
0505 17.8
0506 17.6
0506 19.6
0507 18.6
0507 20.4
0508 19.8
0508 21.4
0509 21.4
0509 22.0
0510 22.0
0510 24.8
0511 24.4
0511 23.8
0512 21.6
0512 24.4
0513 23.0
0513 27.8
0514 27.0
0514 29.4
0515 24.8
0515 27.2
0516 24.2
0516 26.0
0517 25.0
0517 22.8
0518 23.2
0518 23.6
0519 23.0
0519 23.8
0520 24.2
0520 25.8
0521 24.0
0521 25.6
0522 26.4
0522 23.0
0523 23.0
0523 22.2
0524 23.8
0524 26.8
0525 26.4
0525 29.8
0526 26.0
0526 28.0
0527 26.0
0527 29.0
0528 25.6
0528 27.0
0529 25.8
0529 25.8
0530 25.8
0530 25.8
0531 27.0
0531 31.8
0601 27.8
0601 32.4
0602 28.0
0602 29.0
0603 24.6
0603 26.6
0604 26.0
0604 30.6
0605 26.8
0605 24.2
0606 24.0
0606 25.0
0607 24.8
0607 25.4
0608 25.4
0608 31.2
0609 26.2
0609 30.4
0610 25.0
0610 27.6
0611 26.2
0611 25.6
0612 26.2
0612 29.2
0613 27.2
0613 31.2
0614 27.0
0614 31.2
0615 26.6
0615 32.8
0616 28.0
0616 33.0
0617 28.4
0617 26.6
0618 25.8
0618 25.6
0619 26.8
0619 25.4
0620 25.6
0620 26.4
0621 25.2
0621 25.2
0622 26.6
0622 26.4
0623 26.0
0623 25.6
0624 25.6
0624 26.4
0625 27.2
0625 27.4
0626 28.0
0626 31.4
0627 28.2
0627 31.4
0628 27.8
0628 32.4
0629 27.6
0629 31.2
0630 28.2
0630 29.0
0701 27.2
0701 27.4
0702 26.8
0702 29.8
0703 27.6
0703 30.6
0704 27.8
0704 32.4
0705 28.2
0705 32.6
0706 27.8
0706 32.2
0707 27.6
0707 30.4
0708 26.0
0708 24.4
0709 24.8
0709 33.4
0710 27.2
0710 28.6
0711 26.4
0711 27.4
0712 27.2
0712 26.4
0713 26.2
0713 24.6
0714 27.6
0714 29.6
0715 28.4
0715 27.4
0716 26.6
0716 30.6
0717 27.8
0717 30.0
0718 28.2
0718 27.4
0719 26.6
0719 28.6
0720 26.2
0720 30.2
0721 26.8
0721 26.0
0722 26.0
0722 34.2
0723 28.4
0723 34.4
0724 29.6
0724 26.0
0725 25.2
0725 28.4
0726 26.6
0726 26.8
0727 26.4
0727 28.6
0728 26.4
0728 32.4
0729 26.0
0729 33.0
0730 27.6
0730 33.4
0731 27.4
0731 34.2
0801 27.8
0801 28.8
0802 25.8
0802 24.4
0803 25.0
0803 32.0
0804 27.4
0804 29.6
0805 27.4
0805 31.8
0806 27.2
0806 27.4
0807 26.6
0807 28.8
0808 27.0
0808 32.4
0809 28.2
0809 31.8
0810 27.8
0811 26.4
0811 31.8
0812 28.0
0812 29.2
0813 24.2
0813 24.8
0814 24.4
0814 25.0
0815 25.2
0815 24.4
0816 24.6
0816 29.2
0817 25.6
0817 30.8
0818 27.4
0818 31.2
0819 24.8
0819 24.4
0820 23.8
0820 23.0
0821 23.2
0821 24.8
0822 24.4
0822 28.2
0823 25.6
0823 30.6
0824 26.6
0824 31.0
0825 26.2
0825 31.6
0826 27.2
0826 31.8
0827 26.6
0827 31.2
0828 27.2
0828 28.0
0829 25.4
0829 31.0
0830 27.0
0830 28.8
0831 26.0
0831 25.4
0901 25.0
0901 25.6
0902 25.2
0902 31.2
0903 26.2
0903 25.6
0904 26.0
0904 30.6
0905 25.6
0905 27.8
0906 24.2
0906 30.2
0907 26.6
0907 29.4
0908 27.4
0908 26.4
0909 26.0
0909 27.2
0910 26.4
0910 31.2
0911 26.6
0911 30.8
0912 27.4
0912 26.8
0913 26.6
0913 26.4
0914 26.4
0914 30.0
0915 27.8
0915 31.2
0916 27.4
0916 26.4
0917 26.4
0917 27.6
0918 26.0
0918 30.0
0919 25.6
0919 30.2
0920 24.0
0920 25.8
0921 23.6
0921 26.6
0922 26.6
0923 24.2
0923 26.8
0924 24.4
0924 27.6
0925 24.8
0925 27.8
0926 24.2
0926 29.4
0927 25.4
0927 30.0
0928 26.0
0928 30.0
0929 25.0
0929 30.4
0930 26.4
0930 30.2
1001 24.8
1001 27.8
1002 24.2
1002 29.4
1003 25.6
1003 27.2
1004 24.6
1004 28.0
1005 24.2
1005 26.6
1006 22.4
1006 27.4
1007 22.6
1007 24.4
1008 20.6
1008 24.0
1009 22.8
1009 24.6
1010 22.0
1010 26.2
1011 23.0
1011 26.4
1012 23.6
1012 26.8
1013 22.4
1013 24.0
1014 20.2
1014 22.4
1015 19.4
1015 24.0
1016 20.4
1016 25.2
1017 19.4
1017 25.0
1018 20.0
1018 26.2
1019 20.8
1019 26.2
1020 21.0
1020 27.2
1021 22.4
1021 26.4
1022 22.2
1022 24.2
1023 20.8
1023 23.4
1024 21.0
1024 23.8
1025 19.6
1025 26.4
1026 21.6
1026 24.4
1027 22.0
1027 27.2
1028 21.8
1028 26.6
1029 22.6
1029 27.0
1030 22.2
1030 26.8
1031 22.0
1031 27.4
1101 21.6
1101 27.4
1102 21.6
1102 20.4
1103 17.6
1103 21.0
1104 18.0
1104 20.8
1105 19.2
1105 21.2
1106 17.4
1106 19.8
1107 15.8
1107 15.6
1108 15.0
1108 18.4
1109 17.4
1109 17.2
1110 15.6
1110 16.6
1111 16.6
1111 17.4
1112 16.8
1112 17.8
1113 16.2
1113 18.6
1114 15.8
1114 18.0
1115 17.2
1115 21.6
1116 19.4
1116 21.0
1117 15.4
1117 17.8
1118 15.4
1118 16.6
1119 14.0
1119 17.8
1120 15.4
1120 19.6
1121 15.2
1121 21.8
1122 17.6
1122 23.6
1123 19.4
1123 24.0
1124 19.4
1124 24.2
1125 20.0
1125 20.0
1126 16.8
1126 21.2
1127 18.8
1127 24.8
1128 20.6
1128 22.8
1129 21.2
1129 24.6
1130 22.4
1130 24.6
1201 15.6
1201 15.6
1202 12.0
1202 13.0
1203 11.4
1203 13.0
1204 10.4
1204 13.4
1205 11.8
1205 14.6
1206 11.8
1206 14.8
1207 11.0
1207 11.8
1208 12.8
1208 15.8
1209 14.2
1209 17.2
1210 13.8
1210 16.0
1211 10.4
1211 11.2
1212 9.4
1212 12.2
1213 7.6
1213 12.4
1214 9.2
1214 15.0
1215 11.8
1215 15.6
1216 11.6
1216 14.0
1217 7.8
1217 11.2
1218 6.2
1218 14.0
1219 11.0
1219 11.8
1220 9.4
1220 15.2
1221 9.6
1221 13.8
1222 7.8
1222 11.8
1223 8.8
1223 13.2
1224 12.0
1224 18.6
1225 17.2
1225 17.2
1226 14.4
1226 12.6
1227 11.0
1227 11.8
1228 9.0
1228 10.2
1229 6.8
1229 13.8
1230 7.2
1230 15.8
1231 8.2
1231 17.8
0101 14.2
0102 10.0
0102 15.0
0103 7.6
0103 16.2
0104 9.4
0104 18.4
0105 16.4
0105 18.4
0106 17.6
0106 20.2
0107 12.8
0107 11.4
0108 9.0
0108 13.8
0109 10.6
0109 13.6
0110 12.2
0110 12.0
0111 9.8
0111 11.2
0112 9.0
0112 9.8
0113 9.6
0113 11.2
0114 9.4
0114 12.2
0115 7.4
0115 13.8
0116 8.8
0116 15.8
0117 12.2
0117 15.0
0118 11.2
0118 15.2
0119 11.2
0119 15.8
0120 7.8
0120 17.0
0121 11.6
0121 17.4
0122 13.0
0122 17.0
0123 8.8
0123 18.0
0124 12.4
0124 16.8
0125 14.8
0125 18.0
0126 14.0
0126 19.6
0127 14.8
0127 19.2
0128 15.6
0128 16.8
0129 14.8
0129 17.0
0130 8.4
0130 10.8
0131 8.4
0131 11.0
0201 8.8
0202 8.2
0202 16.2
0203 14.0
0203 15.2
0204 10.8
0204 10.2
0205 8.0
0205 9.4
0206 7.6
0206 12.4
0207 8.2
0207 12.4
0208 10.8
0208 13.4
0209 9.6
0209 14.2
0210 9.6
0210 15.8
0211 12.4
0211 13.6
0212 10.0
0212 17.4
0213 9.4
0213 17.6
0214 13.4
0214 17.4
0215 13.4
0215 17.6
0216 15.0
0216 20.2
0217 13.6
0217 22.4
0218 18.0
0218 20.0
0219 16.8
0219 19.4
0220 16.4
0220 19.2
0221 18.6
0221 20.8
0222 18.8
0222 21.8
0223 19.6
0223 20.2
0224 19.8
0224 22.4
0225 20.0
0225 23.0
0226 20.2
0226 23.8
0227 21.2
0227 21.8
0228 19.4
0228 19.6
0301 10.4
0301 12.8
0302 10.8
0302 13.6
0303 14.0
0303 12.4
0304 11.4
0304 10.4
0305 10.6
0305 11.6
0306 9.8
0306 10.2
0307 10.2
0307 13.0
0308 13.0
0308 18.2
0309 17.8
0309 17.2
0310 12.8
0310 13.0
0311 11.8
0311 12.0
0312 10.8
0312 15.0
0313 13.6
0313 15.0
0314 15.2
0314 17.0
0315 18.4
0315 20.4
0316 20.6
0316 22.8
0317 21.4
0317 22.4
0318 22.0
0318 24.0
0319 22.0
0319 25.2
0320 21.8
0320 25.8
0321 19.6
0321 22.0
0322 19.2
0322 21.8
0323 19.8
0323 18.8
0324 17.8
0324 18.4
0325 16.4
0325 19.0
0326 16.4
0326 18.8
0327 17.8
0327 22.0
0328 17.8
0328 24.6
0329 19.4
0329 23.0
0330 20.8
0330 24.8
0331 21.0
0331 25.4
0401 22.8
0401 25.8
0402 24.0
0402 27.8
0403 24.6
0403 26.0
0404 25.2
0404 27.8
0405 24.0
0405 28.2
0406 21.8
0406 29.6
0407 21.6
0407 18.4
0408 14.8
0408 16.4
0409 13.2
0409 12.2
0410 13.8
0410 13.0
0411 13.2
0411 16.2
0412 15.6
0412 23.0
0413 17.4
0413 23.4
0414 14.8
0414 23.6
0415 15.0
0415 24.8
0416 17.0
0416 27.4
0417 19.4
0417 24.8
0418 22.0
0418 26.0
0419 25.4
0419 28.4
0420 23.6
0420 17.4
0421 18.2
0421 22.6
0422 18.4
0422 23.2
0423 18.8
0423 24.2
0424 20.2
0424 23.2
0425 22.4
0425 25.8
0426 22.2
0426 23.6
0427 21.4
0427 27.0
0428 23.4
0428 28.6
0429 24.0
0429 23.2
0430 23.0
0430 28.2
0501 25.2
0501 27.0
0502 26.2
0502 28.2
0503 25.8
0503 29.2
0504 24.8
0504 24.4
0505 23.6
0505 26.4
0506 25.2
0506 22.4
0507 22.4
0507 25.4
0508 25.4
0508 27.4
0509 23.8
0509 24.4
0510 23.2
0510 27.0
0511 23.4
0511 23.2
0512 20.2
0512 26.6
0513 22.2
0513 25.6
0514 25.2
0514 27.0
0515 26.4
0515 28.6
0516 23.4
0516 24.8
0517 23.6
0517 24.6
0518 24.6
0518 28.2
0519 26.6
0519 25.8
0520 23.4
0520 23.8
0521 24.2
0521 24.2
0522 22.4
0522 22.6
0523 23.2
0523 24.0
0524 23.4
0524 25.6
0525 24.6
0525 23.8
0526 24.6
0526 24.8
0527 26.0
0527 26.8
0528 27.4
0528 31.6
0529 28.4
0529 31.8
0530 28.6
0530 24.8
0531 24.4
0531 23.0
0601 23.6
0601 26.2
0602 27.2
0602 27.6
0603 27.4
0603 30.6
0604 27.0
0604 26.2
0605 26.2
0605 25.4
0606 24.8
0606 25.0
0607 25.0
0607 28.4
0608 27.2
0608 30.0
0609 27.6
0609 24.4
0610 25.0
0610 24.8
0611 25.2
0611 25.0
0612 24.0
0612 24.4
0613 24.4
0613 24.0
0614 25.2
0614 28.0
0615 27.2
0615 29.0
0616 26.8
0616 31.0
0617 28.0
0617 32.4
0618 28.2
0618 33.2
0619 28.6
0619 32.0
0620 27.8
0620 31.8
0621 27.8
0621 28.6
0622 29.4
0622 27.4
0623 26.8
0623 28.4
0624 26.6
0624 29.0
0625 27.6
0625 27.8
0626 28.0
0626 31.2
0627 29.2
0627 28.8
0628 28.2
0628 32.2
0629 28.0
0629 32.0
0630 28.4
0630 32.6
0701 29.0
0701 33.6
0702 29.4
0702 32.6
0703 28.4
0703 31.8
0704 28.8
0704 29.2
0705 25.4
0705 26.6
0706 24.8
0706 27.2
0707 25.8
0707 26.6
0708 24.6
0708 27.6
0709 26.0
0709 25.4
0710 23.6
0710 30.8
0711 27.0
0711 31.6
0712 27.0
0712 33.2
0713 27.8
0713 34.2
0714 28.6
0714 33.6
0715 28.4
0715 32.0
0716 26.4
0716 28.2
0717 25.6
0717 30.0
0718 26.4
0718 28.8
0719 27.0
0719 26.6
0720 28.4
0720 26.2
0721 27.0
0721 27.6
0722 26.2
0722 24.6
0723 25.8
0723 27.0
0724 23.8
0724 26.4
0725 26.4
0725 28.2
0726 26.6
0726 27.0
0727 26.0
0727 27.8
0728 25.6
0728 26.4
0729 25.8
0729 26.4
0730 25.0
0730 26.2
0731 25.2
0731 29.2
0801 25.0
0801 30.2
0802 26.4
0802 29.6
0803 25.2
0803 30.6
0804 25.4
0804 32.4
0805 25.8
0805 32.0
0806 28.0
0806 32.2
0807 26.4
0807 32.8
0808 28.6
0808 33.4
0809 30.0
0809 29.6
0810 27.2
0810 27.8
0811 25.8
0811 28.4
0812 26.2
0812 28.2
0813 25.6
0813 24.2
0814 25.4
0814 25.0
0815 25.2
0815 24.6
0816 25.0
0816 27.2
0817 27.2
0817 25.8
0818 26.0
0818 32.0
0819 28.0
0819 32.8
0820 27.8
0820 26.8
0821 25.8
0821 30.6
0822 26.4
0823 27.2
0823 31.0
0824 27.0
0824 30.8
0825 25.4
0825 30.8
0826 26.4
0826 31.4
0827 26.8
0827 27.8
0828 24.8
0828 28.4
0829 25.4
0829 24.6
0830 24.6
0830 26.0
0831 24.6
0831 26.6
0901 24.6
0901 25.0
0902 24.8
0902 24.2
0903 24.0
0903 26.4
0904 25.4
0904 30.6
0905 26.2
0905 30.8
0906 26.8
0906 32.0
0907 27.0
0907 27.4
0908 24.8
0908 28.8
0909 25.2
0909 27.6
0910 25.4
0910 29.0
0911 25.4
0911 29.0
0912 25.2
0912 27.0
0913 24.0
0913 25.0
0914 23.4
0914 28.0
0915 23.8
0915 28.8
0916 25.0
0916 28.6
0917 25.0
0917 29.4
0918 25.8
0918 30.2
0919 26.4
0919 28.6
0920 26.8
0920 24.4
0921 22.4
0921 23.2
0922 23.6
0922 25.2
0923 24.8
0923 29.6
0924 25.8
0924 30.8
0925 25.6
0925 31.2
0926 26.8
0926 28.8
0927 25.6
0927 28.0
0928 25.0
0928 28.6
0929 25.6
0929 28.6
0930 25.0
0930 27.8
1001 25.6
1001 27.6
1002 24.0
1002 27.0
1003 25.2
1003 26.2
1004 24.8
1004 25.2
1005 24.4
1005 24.6
1006 24.4
1006 25.6
1007 24.6
1007 26.0
1008 24.2
1008 26.0
1009 22.4
1009 24.2
1010 22.0
1010 18.2
1011 18.0
1011 20.0
1012 20.8
1012 23.4
1013 21.2
1013 25.2
1014 21.8
1014 25.0
1015 19.6
1015 25.6
1016 21.0
1016 25.4
1017 22.0
1017 24.4
1018 21.8
1018 25.2
1019 21.2
1019 24.2
1020 19.8
1020 24.6
1021 21.6
1021 25.6
1022 23.8
1022 26.6
1023 23.6
1023 26.4
1024 22.2
1024 26.4
1025 22.0
1025 26.4
1026 22.6
1026 26.6
1027 23.4
1027 24.8
1028 23.4
1028 25.8
1029 23.8
1029 25.6
1030 24.0
1030 21.4
1031 19.2
1031 19.4
1101 17.4
1101 16.4
1102 15.0
1102 19.8
1103 17.0
1103 20.6
1104 18.0
1104 23.0
1105 21.6
1105 26.4
1106 22.8
1106 25.2
1107 22.6
1107 25.2
1108 23.8
1108 26.6
1109 21.0
1109 20.4
1110 18.0
1110 19.0
1111 18.0
1111 19.0
1112 17.6
1112 16.6
1113 15.2
1113 15.4
1114 16.0
1114 22.2
1115 20.2
1115 24.6
1116 22.0
1116 23.6
1117 23.4
1117 26.2
1118 22.2
1118 25.6
1119 21.4
1119 24.2
1120 21.4
1120 24.8
1121 21.4
1121 22.0
1122 20.2
1122 23.4
1123 19.6
1123 22.0
1124 18.8
1124 22.8
1125 14.6
1125 12.6
1126 11.2
1126 14.8
1127 11.0
1127 14.0
1128 13.2
1128 16.0
1129 14.8
1129 16.4
1130 15.6
1130 17.8
1201 16.4
1201 20.4
1202 18.6
1202 16.4
1203 14.6
1203 13.4
1204 11.8
1204 14.2
1205 11.6
1205 11.2
1206 10.0
1206 11.4
1207 10.6
1207 12.2
1208 10.6
1208 12.2
1209 11.6
1209 13.0
1210 13.0
1210 15.0
1211 13.8
1211 15.6
1212 13.2
1212 14.4
1213 14.4
1213 15.2
1214 13.8
1214 14.4
1215 12.6
1215 13.4
1216 10.8
1216 12.0
1217 8.0
1217 10.0
1218 6.6
1218 12.4
1219 8.8
1219 14.2
1220 12.4
1220 16.2
1221 14.6
1221 14.4
1222 14.0
1222 16.8
1223 16.6
1223 19.6
1224 19.6
1224 15.6
1225 11.0
1225 13.4
1226 10.4
1226 10.2
1227 11.2
1227 15.2
1228 11.4
1228 15.4
1229 10.4
1229 11.6
1230 11.2
1230 13.4
1231 12.6
1231 15.8
0101 16.8
0102 11.8
0102 19.2
0103 16.0
0103 20.8
0104 18.0
0104 19.8
0105 18.8
0105 20.4
0106 16.2
0106 17.2
0107 12.0
0107 16.2
0108 14.2
0108 15.0
0109 13.8
0109 16.2
0110 14.6
0110 14.2
0111 14.0
0111 13.6
0112 11.8
0112 13.8
0113 11.0
0113 14.2
0114 10.8
0114 11.6
0115 10.4
0115 10.6
0116 11.4
0116 12.0
0117 13.0
0117 12.4
0118 9.0
0118 13.6
0119 10.6
0119 13.6
0120 10.4
0120 10.6
0121 11.0
0121 10.0
0122 8.0
0122 6.4
0123 4.4
0123 5.6
0124 3.6
0124 4.2
0125 1.2
0125 7.6
0126 5.4
0126 4.0
0127 5.2
0127 8.6
0128 10.2
0128 12.4
0129 13.4
0129 15.0
0130 10.4
0130 14.2
0131 11.0
0131 10.4
0201 8.2
0201 7.0
0202 5.8
0202 7.8
0203 6.2
0203 9.0
0204 9.4
0204 9.4
0205 8.0
0205 11.6
0206 9.0
0206 13.6
0207 6.6
0207 14.4
0208 4.8
0208 16.4
0209 6.4
0209 18.2
0210 12.2
0210 16.8
0211 15.4
0211 20.0
0212 19.2
0212 23.0
0213 21.2
0213 23.8
0214 15.2
0214 12.0
0215 8.0
0215 9.6
0216 8.0
0216 9.8
0217 10.2
0217 12.6
0218 10.6
0218 15.0
0219 11.4
0219 12.8
0220 13.6
0220 17.0
0221 13.0
0221 12.6
0222 11.2
0222 11.8
0223 12.0
0223 11.2
0224 10.0
0224 11.6
0225 9.6
0225 11.0
0226 10.6
0227 10.8
0227 15.6
0228 7.8
0228 17.6
0229 12.6
0229 20.0
0301 13.4
0301 20.4
0302 12.0
0302 20.2
0303 11.4
0303 20.8
0304 14.4
0304 22.6
0305 16.8
0305 20.0
0306 18.0
0306 24.2
0307 18.8
0307 20.0
0308 19.6
0308 20.4
0309 20.6
0309 13.4
0310 10.0
0310 7.2
0311 7.0
0311 9.4
0312 8.4
0312 9.0
0313 10.0
0313 13.0
0314 12.4
0314 15.4
0315 13.4
0315 12.6
0316 12.6
0316 14.2
0317 14.2
0317 16.0
0318 16.4
0318 19.4
0319 19.2
0319 19.8
0320 20.2
0320 20.2
0321 18.4
0321 18.6
0322 18.2
0322 18.2
0323 18.0
0323 19.8
0324 14.6
0324 14.2
0325 12.0
0325 15.8
0326 10.8
0326 19.2
0327 13.0
0327 19.0
0328 13.2
0328 18.4
0329 14.6
0329 19.4
0330 16.8
0330 20.8
0331 18.2
0331 24.4
0401 20.6
0401 24.4
0402 21.6
0402 24.2
0403 21.6
0403 22.8
0404 22.2
0404 21.0
0405 19.6
0405 23.0
0406 22.2
0406 25.4
0407 23.0
0407 25.0
0408 23.6
0408 24.6
0409 24.0
0409 24.0
0410 19.2
0410 23.4
0411 21.4
0411 24.2
0412 21.4
0412 20.8
0413 20.6
0413 24.2
0414 22.2
0414 23.4
0415 24.6
0415 23.0
0416 22.8
0416 27.0
0417 24.8
0417 27.0
0418 17.4
0418 23.4
0419 20.0
0419 20.8
0420 20.0
0420 21.4
0421 21.2
0421 22.6
0422 23.2
0422 22.4
0423 20.6
0423 23.8
0424 22.4
0424 23.6
0425 22.2
0425 25.6
0426 25.4
0426 24.8
0427 23.2
0427 27.2
0428 22.6
0428 26.8
0429 23.0
0429 22.0
0430 20.0
0430 18.0
0501 19.0
0501 22.0
0502 23.6
0502 29.0
0503 25.8
0504 23.0
0504 26.4
0505 25.2
0505 25.4
0506 26.4
0506 21.8
0507 22.4
0507 27.6
0508 26.0
0508 25.8
0509 25.6
0509 23.6
0510 23.4
0510 25.0
0511 21.8
0511 27.2
0512 23.0
0512 27.8
0513 24.2
0513 28.2
0514 25.2
0514 26.6
0515 25.2
0515 20.0
0516 19.8
0516 23.8
0517 20.6
0517 25.6
0518 22.4
0518 25.0
0519 23.4
0519 25.4
0520 24.4
0520 24.2
0521 23.6
0521 25.6
0522 23.6
0522 25.8
0523 24.2
0523 28.0
0524 24.8
0524 27.6
0525 24.8
0525 30.0
0526 25.8
0526 30.6
0527 26.6
0527 26.4
0528 24.8
0528 27.4
0529 25.6
0529 26.4
0530 25.4
0530 26.2
0531 27.4
0531 31.6
0601 28.4
0601 32.6
0602 28.0
0602 33.2
0603 28.8
0603 28.0
0604 25.0
0604 24.8
0605 24.6
0606 24.0
0606 29.8
0607 25.8
0607 27.8
0608 25.4
0608 28.4
0609 25.2
0609 27.0
0610 24.6
0610 26.2
0611 25.2
0611 25.6
0612 25.4
0612 25.0
0613 25.2
0613 26.2
0614 26.0
0614 25.0
0615 25.8
0615 26.6
0616 23.2
0616 25.8
0617 23.8
0617 26.8
0618 25.4
0618 29.0
0619 27.8
0619 31.4
0620 29.0
0620 32.8
0621 27.8
0621 28.8
0622 29.0
0622 30.4
0623 27.8
0623 32.0
0624 28.0
0624 33.2
0625 28.4
0625 31.4
0626 28.6
0626 29.0
0627 27.6
0627 30.6
0628 28.4
0628 25.8
0629 27.4
0629 27.6
0630 26.4
0630 27.2
0701 26.4
0701 27.4
0702 27.0
0702 26.6
0703 27.6
0703 26.6
0704 26.4
0704 25.4
0705 26.0
0705 25.2
0706 27.2
0706 28.0
0707 26.4
0707 33.8
0708 28.8
0708 34.8
0709 29.6
0709 34.8
0710 26.2
0710 26.8
0711 25.6
0711 27.2
0712 25.2
0712 26.2
0713 26.2
0713 27.0
0714 26.8
0714 24.8
0715 25.0
0715 27.6
0716 27.4
0716 29.2
0717 28.0
0717 32.0
0718 28.4
0718 30.0
0719 28.0
0719 29.0
0720 27.8
0720 27.2
0721 28.0
0721 31.4
0722 28.0
0722 32.4
0723 27.8
0723 32.8
0724 27.2
0724 34.2
0725 27.4
0725 34.2
0726 27.8
0726 30.8
0727 28.0
0727 27.4
0728 26.4
0728 32.6
0729 27.0
0729 34.4
0730 28.4
0730 27.2
0731 26.2
0731 24.8
0801 26.8
0801 33.6
0802 25.6
0802 26.6
0803 26.0
0803 25.8
0805 25.0
0805 32.0
0806 26.2
0806 31.6
0807 27.2
0807 33.6
0808 28.4
0808 27.8
0809 27.4
0809 27.0
0810 26.6
0810 27.0
0811 26.2
0811 31.8
0812 27.2
0812 26.0
0813 25.4
0813 31.0
0814 25.8
0814 26.6
0815 26.2
0815 26.8
0816 27.2
0816 30.2
0817 26.6
0817 30.4
0818 27.6
0818 28.8
0819 26.0
0819 27.8
0820 26.6
0820 30.8
0821 28.0
0821 30.6
0822 27.6
0822 31.6
0823 27.0
0823 32.2
0824 27.4
0824 31.2
0825 27.2
0825 32.4
0826 28.6
0826 26.0
0827 26.8
0827 27.2
0828 24.6
0828 26.4
0829 25.0
0829 28.0
0830 23.4
0830 29.8
0831 24.8
0831 30.2
0901 27.2
0901 24.4
0902 25.2
0902 27.0
0903 23.4
0903 25.0
0904 25.4
0904 27.4
0905 25.2
0905 26.8
0906 26.2
0906 27.4
0907 26.2
0907 28.2
0908 26.0
0908 26.8
0909 26.0
0909 28.0
0910 26.0
0910 25.4
0911 24.8
0911 24.0
0912 24.6
0912 28.4
0913 25.8
0913 29.4
0914 26.6
0914 30.2
0915 27.2
0915 29.0
0916 25.4
0916 29.0
0917 26.2
0917 29.0
0918 24.8
0918 27.8
0919 25.4
0919 28.0
0920 24.8
0920 27.2
0921 24.2
0921 27.8
0922 24.2
0922 28.2
0923 24.6
0923 29.2
0924 24.4
0924 28.2
0925 24.8
0925 30.8
0926 24.6
0926 31.4
0927 27.4
0927 32.2
0928 27.4
0928 27.4
0929 20.6
0929 21.4
0930 17.2
0930 18.4
1001 20.0
1001 22.6
1002 21.8
1002 27.6
1003 26.0
1003 28.6
1004 24.8
1004 28.0
1005 24.6
1005 28.4
1006 25.8
1006 27.6
1007 26.2
1007 27.6
1008 25.8
1008 26.8
1009 24.2
1009 24.4
1010 22.4
1010 25.0
1011 22.8
1011 25.4
1012 23.4
1012 20.0
1013 21.4
1013 23.8
1014 22.2
1014 24.6
1015 22.2
1015 26.4
1016 23.2
1016 27.8
1017 25.0
1017 27.2
1018 22.4
1018 22.6
1019 22.4
1019 23.0
1020 23.6
1020 26.8
1021 26.0
1021 27.8
1022 24.0
1022 27.2
1023 24.0
1023 26.6
1024 24.4
1024 24.0
1025 24.8
1025 27.2
1026 24.6
1026 27.4
1027 23.6
1027 26.8
1028 23.0
1028 27.4
1029 21.8
1029 19.8
1030 18.0
1030 20.4
1031 19.2
1031 22.0
1101 18.6
1101 20.8
1102 17.8
1102 19.8
1104 20.4
1105 15.8
1105 22.6
1106 18.8
1106 24.2
1107 19.4
1107 25.4
1108 20.8
1108 17.8
1109 16.4
1109 13.6
1110 12.2
1110 14.0
1111 12.4
1111 14.4
1112 15.2
1112 21.0
1113 19.4
1113 24.6
1114 22.2
1114 25.6
1115 20.6
1115 26.4
1116 22.8
1116 24.8
1117 21.2
1117 24.6
1118 18.8
1118 24.6
1119 23.0
1119 24.2
1120 23.0
1120 22.2
1121 21.0
1121 22.2
1122 22.0
1122 21.2
1123 14.4
1123 11.2
1124 9.4
1124 12.0
1125 9.6
1125 11.0
1126 10.0
1126 10.2
1127 9.8
1127 14.6
1128 11.0
1128 16.0
1129 13.6
1129 16.0
1130 13.2
1130 16.2
1201 11.8
1201 16.2
1202 13.2
1202 17.4
1203 20.4
1204 16.8
1204 20.8
1205 18.0
1205 21.4
1206 18.0
1206 18.0
1207 13.0
1207 17.0
1208 13.2
1208 18.4
1209 13.8
1209 18.2
1210 14.6
1210 19.4
1211 15.8
1211 20.4
1212 17.0
1212 21.4
1213 17.8
1213 18.6
1214 15.6
1214 14.6
1215 12.2
1215 12.6
1216 8.8
1216 12.8
1217 9.4
1217 16.0
1218 14.2
1218 20.2
1219 16.8
1219 21.4
1220 17.8
1220 23.8
1221 18.6
1221 21.2
1222 15.2
1222 16.8
1223 12.4
1223 16.8
1224 15.8
1224 16.2
1225 15.6
1225 16.8
1226 16.2
1226 14.8
1227 10.2
1227 11.0
1228 6.8
1228 12.8
1229 9.6
1229 13.6
1230 9.4
1230 14.6
1231 12.2
1231 17.2
0101 19.4
0102 22.6
0103 18.6
0103 22.4
0104 16.6
0104 20.0
0105 15.0
0105 21.4
0106 15.8
0106 23.0
0107 18.8
0107 22.2
0108 17.4
0108 16.0
0109 13.8
0109 18.2
0110 15.8
0110 19.4
0111 15.2
0111 15.2
0112 11.2
0112 10.4
0113 8.8
0113 10.0
0114 10.2
0114 10.2
0115 11.0
0115 11.2
0116 11.0
0116 10.6
0117 10.8
0117 12.2
0118 12.4
0118 14.2
0119 13.2
0119 13.2
0120 11.0
0120 12.2
0121 10.2
0121 15.0
0122 9.6
0122 14.6
0123 10.6
0123 16.2
0124 13.0
0124 16.8
0125 13.2
0125 18.4
0126 12.0
0126 17.4
0127 9.4
0127 17.6
0128 9.6
0128 20.0
0129 15.8
0129 17.6
0130 16.6
0130 15.4
0131 12.0
0131 12.4
0201 13.4
0201 17.0
0202 13.0
0202 16.2
0203 13.2
0203 17.4
0204 14.8
0204 16.6
0205 15.2
0205 19.0
0206 14.8
0206 20.8
0207 16.0
0207 17.4
0208 15.8
0208 9.6
0209 6.6
0209 9.8
0210 8.0
0210 9.8
0211 6.8
0211 12.4
0212 8.4
0212 14.4
0213 8.0
0213 17.2
0214 9.4
0214 20.4
0215 10.2
0215 20.2
0216 12.2
0216 22.0
0217 15.0
0217 24.4
0218 15.4
0218 24.2
0219 17.8
0219 20.6
0220 17.8
0220 23.2
0221 19.4
0221 22.6
0222 18.4
0222 16.2
0223 11.0
0223 9.4
0224 7.4
0224 8.2
0225 6.8
0225 8.2
0226 8.8
0226 15.2
0227 13.8
0227 16.6
0228 13.8
0228 14.8
0301 12.8
0301 18.2
0302 13.0
0302 17.8
0303 12.2
0303 19.8
0304 15.8
0304 21.2
0305 19.0
0305 23.0
0306 15.4
0306 15.4
0307 13.2
0307 12.6
0308 11.4
0308 14.8
0309 11.6
0309 12.2
0310 13.0
0310 15.0
0311 15.4
0311 16.2
0312 16.2
0312 17.8
0313 19.0
0313 21.0
0314 15.0
0314 14.0
0315 11.2
0315 14.0
0316 14.2
0316 13.8
0317 13.2
0317 16.4
0318 16.0
0318 16.2
0319 16.6
0319 18.0
0320 19.2
0320 22.4
0321 17.8
0321 18.2
0322 16.6
0322 17.6
0323 17.0
0323 21.6
0324 20.4
0324 23.6
0325 14.6
0325 13.0
0326 11.6
0326 17.2
0327 13.0
0327 22.4
0328 15.8
0328 21.6
0329 17.4
0329 21.2
0330 20.8
0330 23.0
0331 17.2
0331 15.0
0401 12.6
0401 20.2
0402 15.4
0402 22.6
0403 14.4
0403 22.2
0404 16.6
0404 23.2
0405 19.2
0405 24.6
0406 21.2
0406 23.0
0407 20.8
0407 25.8
0408 23.0
0408 26.6
0409 23.2
0409 27.2
0410 24.8
0410 25.8
0411 19.0
0411 16.8
0412 16.2
0412 17.0
0413 16.6
0413 20.8
0414 16.0
0414 22.0
0415 20.8
0415 24.2
0416 23.2
0416 26.2
0417 23.4
0417 28.6
0418 21.8
0418 28.6
0419 23.2
0419 21.8
0420 21.8
0420 24.4
0421 24.6
0421 19.6
0422 17.6
0422 19.6
0423 16.8
0423 20.6
0424 19.0
0424 21.2
0425 20.2
0425 21.8
0426 21.8
0426 22.2
0427 19.6
0427 21.2
0428 18.0
0428 23.6
0429 16.8
0429 26.2
0430 19.6
0430 25.6
0501 21.2
0501 26.2
0502 23.6
0502 25.6
0503 24.8
0503 26.4
0504 21.4
0504 25.0
0505 21.8
0505 27.2
0506 23.6
0506 29.4
0507 22.0
0507 24.4
0508 22.8
0508 21.8
0509 22.2
0509 27.6
0510 23.4
0510 27.8
0511 25.2
0511 29.0
0512 21.6
0512 26.6
0513 23.0
0513 27.2
0514 23.8
0514 29.0
0515 22.4
0515 23.4
0516 22.4
0516 26.6
0517 23.4
0517 26.8
0518 22.6
0518 26.6
0519 23.8
0519 22.0
0520 21.4
0520 23.6
0521 23.2
0521 24.2
0522 23.0
0522 23.8
0523 24.0
0523 27.4
0524 21.6
0524 23.8
0525 22.0
0525 25.6
0526 22.4
0526 25.8
0527 21.4
0527 28.2
0528 22.6
0528 29.2
0529 23.4
0529 30.0
0530 24.0
0530 29.6
0531 25.6
0531 31.0
0601 27.4
0601 31.2
0602 27.8
0602 27.8
0603 25.4
0603 25.0
0604 26.2
0604 28.6
0605 27.6
0605 28.2
0606 26.6
0606 24.0
0607 24.8
0607 23.6
0608 25.2
0608 24.8
0609 26.4
0609 28.8
0610 27.8
0610 26.2
0611 27.2
0611 32.6
0612 27.6
0612 26.4
0613 26.8
0613 30.0
0614 25.8
0614 27.6
0615 27.0
0615 27.2
0616 24.8
0616 25.4
0617 23.2
0617 25.8
0618 23.2
0618 24.0
0619 24.2
0619 24.4
0620 24.6
0620 24.2
0621 24.4
0621 24.2
0622 26.0
0622 26.8
0623 27.2
0623 28.4
0624 27.8
0624 28.8
0625 27.8
0625 26.8
0626 27.4
0626 28.6
0627 27.4
0627 31.2
0628 27.8
0628 29.2
0629 26.2
0629 27.4
0630 27.8
0630 28.8
0701 26.6
0701 28.6
0702 26.8
0702 23.4
0703 24.2
0703 25.6
0704 24.6
0704 27.6
0705 27.2
0705 25.2
0706 26.2
0706 28.6
0707 25.4
0707 26.0
0708 26.6
0708 26.0
0709 27.4
0709 24.2
0710 26.4
0710 26.8
0711 26.2
0711 28.8
0712 26.2
0712 30.2
0713 26.0
0713 27.8
0714 27.4
0714 29.6
0715 27.4
0715 24.8
0716 27.4
0716 25.4
0717 26.4
0717 26.0
0718 24.2
0718 25.8
0719 25.4
0719 24.0
0720 24.8
0720 26.8
0721 27.0
0721 28.2
0722 26.4
0722 32.8
0723 26.4
0723 27.8
0724 26.0
0724 29.2
0725 27.4
0725 32.0
0726 27.2
0726 28.0
0727 25.2
0727 32.6
0728 27.0
0728 33.8
0729 28.4
0729 34.8
0730 29.6
0730 33.8
0731 29.0
0731 33.6
0801 27.6
0801 33.8
0802 27.2
0802 27.2
0803 27.0
0803 25.8
0804 25.8
0804 27.8
0805 27.2
0805 29.4
0806 27.6
0806 33.8
0807 28.8
0807 32.0
0808 28.2
0808 31.2
0809 28.2
0809 29.8
0810 28.8
0810 28.0
0811 28.0
0811 26.0
0812 28.4
0812 31.4
0813 27.8
0813 31.6
0814 28.2
0814 31.8
0815 28.0
0815 28.8
0816 27.2
0816 26.8
0817 27.2
0817 30.8
0818 26.4
0818 33.4
0819 27.4
0819 32.6
0820 26.8
0820 32.8
0821 27.2
0821 35.0
0822 30.2
0822 34.4
0823 28.6
0823 27.4
0824 24.4
0824 24.8
0825 24.8
0825 26.4
0826 25.8
0826 31.4
0827 26.2
0827 25.2
0828 24.0
0828 25.6
0829 25.2
0829 30.6
0830 26.4
0830 32.8
0831 26.4
0831 30.6
0901 25.6
0901 31.6
0902 26.4
0902 30.8
0903 26.4
0903 31.2
0904 26.6
0904 25.0
0905 25.6
0905 25.8
0906 25.8
0906 30.4
0907 24.4
0907 26.2
0908 25.0
0908 27.8
0909 25.6
0909 27.6
0910 26.0
0910 25.6
0911 25.0
0911 30.4
0912 26.4
0912 30.2
0913 26.4
0913 30.0
0914 26.4
0914 28.8
0915 26.0
0915 28.2
0916 26.0
0916 30.6
0917 25.8
0917 29.8
0918 24.4
0918 30.4
0919 26.2
0919 29.2
0920 26.0
0920 29.6
0921 25.6
0921 30.8
0922 26.8
0922 30.0
0923 27.2
0923 30.6
0924 26.8
0924 27.8
0925 26.0
0925 30.0
0926 26.4
0926 30.2
0927 25.6
0927 31.6
0928 25.8
0928 31.6
0929 25.6
0929 25.6
0930 26.0
0930 26.2
1001 25.6
1001 27.0
1002 25.8
1002 30.0
1004 26.6
1004 23.6
1005 25.0
1005 28.0
1006 24.8
1006 28.0
1007 24.4
1007 28.8
1008 25.6
1008 29.6
1009 27.4
1009 28.8
1010 26.8
1010 29.8
1011 27.4
1011 30.6
1012 23.8
1012 24.2
1013 21.0
1013 24.0
1014 21.4
1014 22.4
1015 20.8
1015 20.2
1016 18.2
1016 20.6
1017 19.2
1017 22.0
1018 21.4
1018 23.8
1019 21.2
1019 21.6
1020 21.0
1020 21.2
1021 20.0
1021 20.4
1022 17.4
1022 22.0
1023 17.4
1023 21.8
1024 19.8
1024 22.8
1025 19.8
1025 23.8
1026 21.4
1026 24.2
1027 21.0
1027 24.2
1028 20.0
1028 23.4
1029 20.8
1029 23.6
1030 18.4
1030 21.4
1031 15.2
1031 19.2
1101 16.8
1101 22.4
1102 17.4
1102 23.6
1103 20.0
1104 21.2
1104 23.6
1105 18.0
1105 20.8
1106 18.8
1106 20.2
1107 17.0
1107 17.8
1108 19.0
1108 21.0
1109 20.0
1109 23.4
1110 20.2
1110 24.4
1111 22.4
1111 23.6
1112 21.0
1112 24.6
1113 20.2
1113 21.2
1114 21.2
1114 22.0
1115 18.6
1115 18.8
1116 19.2
1116 22.2
1117 21.4
1117 23.2
1118 20.4
1118 19.4
1119 13.0
1119 14.2
1120 12.8
1120 12.6
1121 11.0
1121 13.2
1122 12.8
1122 14.0
1123 12.6
1123 14.2
1124 9.2
1124 11.4
1125 11.6
1125 12.6
1126 12.4
1126 15.2
1127 13.6
1127 19.0
1128 17.0
1128 19.8
1129 19.0
1129 21.6
1130 20.4
1130 18.6
1201 14.0
1201 15.2
1202 13.2
1202 15.4
1203 13.4
1203 18.2
1204 15.4
1204 16.0
1205 13.8
1205 14.8
1206 13.2
1206 16.2
1207 15.2
1207 17.6
1208 14.2
1208 14.4
1209 10.6
1209 13.6
1210 11.4
1210 17.0
1211 13.2
1211 17.0
1212 14.8
1212 16.4
1213 15.4
1213 14.2
1214 13.4
1214 13.4
1215 13.0
1215 12.4
1216 9.4
1216 10.2
1217 7.8
1217 8.8
1218 5.6
1218 11.0
1219 6.4
1219 13.0
1220 9.0
1220 14.0
1221 8.8
1221 15.0
1222 13.0
1222 16.4
1223 12.8
1223 17.4
1224 16.4
1224 18.4
1225 11.8
1225 15.6
1226 13.4
1226 17.6
1227 14.4
1227 17.2
1228 14.6
1228 16.8
1229 14.6
1229 20.4
1230 17.2
1230 14.8
1231 12.2
1231 14.4
0101 17.6
0102 14.4
0102 18.6
0103 16.6
0103 19.2
0104 16.8
0104 21.6
0105 12.4
0105 10.8
0106 9.8
0106 11.0
0107 12.0
0107 15.0
0108 9.2
0108 5.8
0109 5.4
0109 8.6
0110 8.2
0110 12.4
0111 7.2
0111 12.4
0112 7.6
0112 10.8
0113 8.0
0113 14.2
0114 10.6
0114 13.8
0115 10.2
0115 16.4
0116 9.6
0116 18.0
0117 13.2
0117 19.4
0118 12.8
0118 20.8
0119 17.8
0119 22.2
0120 15.0
0120 20.6
0121 18.0
0121 19.8
0122 15.2
0122 17.2
0123 14.6
0123 16.2
0124 14.6
0124 16.0
0125 15.4
0125 18.2
0126 9.4
0126 9.0
0127 7.6
0127 10.2
0128 8.2
0128 6.6
0129 4.2
0129 5.4
0130 3.0
0130 4.2
0131 4.0
0131 5.6
0201 3.0
0201 9.4
0202 7.4
0202 8.0
0203 6.8
0203 8.6
0204 6.0
0204 6.6
0205 5.2
0205 9.4
0206 4.4
0206 10.8
0207 7.4
0207 9.8
0208 8.8
0208 14.4
0209 10.2
0209 13.0
0210 11.4
0210 12.6
0211 10.4
0211 14.4
0212 10.2
0212 14.2
0214 8.0
0214 20.0
0215 15.6
0215 20.2
0216 14.8
0216 23.0
0217 16.8
0217 19.4
0218 17.4
0218 21.2
0219 19.2
0219 24.0
0220 19.6
0220 24.2
0221 15.4
0221 14.6
0222 10.6
0222 10.6
0223 10.4
0223 14.2
0224 13.2
0224 16.4
0225 16.0
0225 16.2
0226 14.4
0226 20.2
0227 16.6
0227 21.4
0228 18.4
0228 23.8
0301 17.8
0301 24.4
0302 20.6
0302 24.6
0303 21.4
0303 23.2
0304 22.4
0304 25.2
0305 23.6
0305 22.4
0306 17.6
0306 18.2
0307 17.4
0307 14.0
0308 9.6
0308 12.6
0309 8.8
0309 15.6
0310 9.2
0310 19.8
0311 11.0
0311 19.4
0312 12.6
0312 22.4
0313 16.6
0313 23.2
0314 18.4
0314 22.2
0315 19.0
0315 21.2
0316 18.2
0316 24.8
0317 20.0
0317 21.2
0318 19.2
0318 21.4
0319 20.2
0319 21.6
0320 13.0
0320 14.8
0321 10.6
0321 17.4
0322 13.2
0322 20.8
0323 11.4
0323 23.0
0324 15.0
0324 22.0
0325 18.6
0325 20.2
0326 18.2
0326 20.2
0327 16.8
0327 24.0
0328 17.2
0328 24.8
0329 19.8
0329 23.2
0330 19.2
0330 23.4
0331 20.2
0331 25.6
0401 19.4
0401 26.4
0402 20.0
0402 27.0
0403 20.8
0403 26.0
0404 20.0
0404 26.2
0405 21.0
0405 26.2
0406 18.4
0406 14.2
0407 14.0
0407 17.6
0408 11.4
0408 21.0
0409 13.0
0409 23.8
0410 20.2
0410 25.2
0411 20.4
0411 25.6
0412 23.2
0412 25.2
0413 23.8
0413 25.8
0414 24.2
0414 18.0
0415 15.8
0415 17.2
0416 15.6
0416 15.6
0417 15.0
0417 22.0
0418 16.6
0418 24.6
0419 19.6
0419 23.6
0420 21.0
0420 23.4
0421 21.8
0421 24.4
0422 22.6
0422 25.4
0423 23.4
0423 24.2
0424 22.0
0424 22.4
0425 20.8
0425 22.6
0426 20.6
0426 21.4
0427 20.4
0427 23.0
0428 22.0
0428 23.2
0429 22.4
0429 24.6
0430 23.6
0430 24.6
0501 24.4
0501 27.0
0502 25.0
0502 25.2
0503 25.2
0503 25.0
0504 21.8
0504 21.6
0505 22.2
0505 26.8
0506 24.8
0506 27.2
0507 26.2
0507 22.4
0508 22.4
0508 25.6
0509 20.8
0509 20.6
0510 20.4
0510 21.4
0512 23.4
0512 27.2
0513 24.0
0513 25.6
0514 25.2
0514 30.6
0515 26.2
0515 29.4
0516 26.2
0516 29.4
0517 26.0
0517 24.8
0518 26.4
0518 31.0
0519 27.4
0519 32.8
0520 28.0
0520 32.2
0521 28.0
0521 32.0
0522 28.0
0522 32.2
0523 26.6
0523 31.6
0524 27.2
0524 31.4
0525 27.6
0525 31.6
0526 27.8
0526 30.8
0527 28.4
0527 24.8
0528 26.0
0528 23.8
0529 24.4
0529 31.4
0530 25.4
0530 24.8
0531 26.4
0531 32.6
0601 26.4
0601 27.2
0602 24.0
0602 28.2
0603 24.4
0603 29.0
0604 27.0
0604 25.8
0605 25.6
0605 25.6
0606 23.8
0606 24.8
0607 24.4
0607 25.4
0608 24.0
0608 23.6
0609 24.4
0609 26.8
0610 26.4
0610 30.4
0611 25.0
0611 30.6
0612 24.4
0612 23.0
0613 22.8
0613 24.4
0614 23.4
0614 26.4
0615 24.8
0615 27.6
0616 23.8
0616 28.4
0617 25.0
0617 29.6
0618 26.2
0618 31.6
0619 28.0
0619 30.2
0620 27.8
0620 30.4
0621 24.0
0621 23.8
0622 24.8
0622 24.8
0623 25.4
0623 25.2
0624 25.6
0624 28.4
0625 27.0
0625 24.4
0626 25.6
0626 28.6
0627 26.4
0627 31.2
0628 27.2
0628 31.4
0629 27.2
0629 32.0
0630 27.8
0630 30.4
0701 27.6
0701 30.8
0702 27.2
0702 26.4
0703 27.8
0703 28.0
0704 28.2
0704 32.4
0705 28.8
0705 28.2
0706 27.4
0706 26.4
0707 25.6
0707 24.4
0708 25.0
0708 26.2
0709 26.4
0709 25.6
0710 26.4
0710 32.4
0711 27.2
0711 29.0
0712 28.0
0712 31.0
0713 27.4
0713 25.4
0714 26.0
0714 27.0
0715 26.8
0715 26.0
0716 26.0
0716 31.0
0717 26.6
0717 32.0
0718 29.0
0718 30.6
0719 27.2
0719 32.0
0720 27.8
0720 32.6
0721 27.2
0721 31.0
0722 27.0
0722 28.0
0723 26.0
0723 25.0
0724 25.6
0724 26.0
0725 26.6
0725 27.2
0726 25.8
0726 25.6
0727 25.2
0727 29.2
0728 26.4
0728 29.6
0729 26.4
0729 26.8
0730 26.2
0730 28.4
0731 25.4
0731 29.8
0801 27.0
0801 32.0
0802 27.6
0802 30.0
0803 24.4
0803 28.8
0804 26.2
0804 30.2
0805 25.6
0805 30.8
0806 23.6
0806 29.2
0807 26.2
0807 27.4
0808 25.4
0808 31.6
0809 26.6
0809 32.2
0810 27.8
0810 27.0
0811 26.0
0811 26.8
0812 26.2
0812 30.0
0813 26.8
0813 30.2
0814 27.6
0814 29.4
0815 27.6
0815 26.4
0816 26.4
0816 27.8
0817 26.8
0817 25.8
0818 26.0
0818 28.4
0819 26.8
0819 28.2
0820 26.6
0820 28.0
0821 26.2
0821 30.8
0822 25.6
0822 26.8
0823 26.2
0823 29.2
0824 26.2
0824 31.4
0825 26.8
0825 31.2
0826 27.2
0826 24.8
0827 24.6
0827 26.0
0828 24.8
0828 26.0
0829 24.2
0829 24.6
0830 25.0
0830 24.8
0831 25.2
0831 24.8
0901 24.6
0901 26.2
0902 24.6
0902 26.6
0903 25.0
0903 29.8
0904 25.4
0904 31.2
0905 26.6
0905 29.8
0906 26.0
0906 26.8
0907 25.4
0907 24.8
0908 23.2
0908 25.8
0909 23.6
0909 26.2
0910 24.6
0910 27.2
0911 24.6
0911 27.6
0912 25.2
0912 27.0
0913 25.4
0913 28.2
0914 26.4
0914 31.4
0915 28.2
0915 33.0
0916 30.4
0916 23.8
0917 25.4
0917 25.6
0918 26.2
0918 28.2
0919 25.0
0919 31.2
0920 24.8
0920 31.8
0921 26.2
0921 29.8
0922 25.4
0922 30.0
0923 25.0
0923 28.2
0924 25.2
0924 28.2
0925 25.6
0925 27.4
0926 25.8
0926 29.4
0927 25.6
0927 26.2
0928 22.8
0928 24.2
0929 22.0
0929 25.8
0930 22.4
0930 25.4
1001 22.4
1001 26.4
1002 23.0
1002 25.2
1003 22.2
1003 25.0
1004 21.0
1004 25.4
1005 21.0
1005 25.2
1006 20.2
1006 25.6
1007 21.4
1007 25.6
1008 20.4
1008 26.2
1009 22.2
1009 26.4
1010 22.4
1010 20.2
1011 17.0
1011 19.6
1012 18.2
1012 21.6
1013 20.0
1013 21.8
1014 20.4
1014 24.4
1015 19.6
1015 19.6
1016 18.6
1016 20.6
1017 18.2
1017 19.2
1018 19.6
1018 21.2
1019 20.2
1019 20.2
1020 20.0
1020 23.0
1021 21.8
1021 25.4
1022 22.0
1022 22.2
1023 19.4
1023 20.2
1024 19.8
1024 21.0
1025 20.4
1025 25.2
1026 22.4
1026 24.2
1027 20.8
1027 22.8
1028 18.2
1028 22.4
1029 18.6
1029 23.2
1030 18.8
1030 24.0
1031 19.6
1031 24.2
1101 20.2
1101 23.4
1102 17.8
1102 16.6
1103 17.4
1103 20.0
1104 18.8
1104 21.8
1105 19.6
1105 25.0
1106 21.6
1106 24.8
1107 20.0
1107 22.4
1108 17.6
1108 20.0
1109 16.4
1109 23.0
1110 20.8
1110 24.0
1111 19.6
1111 24.6
1112 21.2
1112 20.8
1113 18.0
1113 22.0
1114 18.0
1114 23.4
1115 20.8
1115 23.0
1116 19.2
1116 17.8
1117 17.2
1117 18.4
1118 17.8
1118 16.6
1119 15.2
1119 17.0
1120 15.8
1120 16.2
1121 17.4
1121 15.2
1122 14.8
1122 16.4
1123 13.2
1123 16.4
1124 13.6
1124 19.2
1125 15.0
1125 19.0
1126 15.0
1126 20.2
1127 16.2
1127 20.8
1128 18.2
1128 19.2
1129 13.6
1129 18.6
1130 14.6
1130 21.2
1201 18.6
1201 18.6
1202 18.4
1202 22.6
1203 20.4
1203 23.6
1204 19.2
1204 23.6
1205 18.0
1205 22.8
1206 20.8
1206 20.2
1207 12.8
1207 11.8
1208 10.8
1208 9.2
1209 7.8
1209 7.8
1210 8.2
1210 11.2
1211 9.6
1211 9.4
1212 6.0
1212 8.4
1213 8.2
1213 10.4
1214 9.0
1214 12.2
1215 11.4
1215 15.2
1216 13.0
1216 14.2
1217 10.0
1217 16.6
1218 11.4
1218 16.2
1219 11.8
1219 17.8
1220 16.8
1220 20.6
1221 19.8
1221 22.4
1222 19.0
1222 22.4
1223 18.2
1223 17.0
1224 13.8
1224 15.4
1225 13.2
1225 16.2
1227 13.6
1227 14.8
1228 12.6
1228 11.4
1229 8.2
1229 8.6
1230 5.4
1230 5.8
1231 4.4
1231 7.0
0101 8.6
0102 6.2
0102 7.8
0103 8.2
0103 12.4
0104 11.8
0104 13.4
0105 12.2
0105 12.0
0106 11.4
0106 12.0
0107 11.8
0107 13.2
0108 11.4
0108 11.4
0109 10.0
0109 12.2
0110 12.0
0110 13.8
0111 12.6
0111 14.2
0112 13.0
0112 16.0
0113 15.0
0113 16.2
0114 14.4
0114 18.4
0115 14.8
0115 13.8
0116 10.6
0116 11.8
0117 9.8
0117 13.2
0118 7.2
0118 13.2
0119 12.4
0119 17.2
0120 14.4
0120 13.6
0121 10.2
0121 11.8
0122 8.6
0122 13.6
0123 9.2
0123 16.0
0124 11.6
0124 16.8
0125 12.2
0125 19.0
0126 15.8
0126 16.4
0127 11.8
0127 18.2
0128 11.6
0128 18.6
0129 13.8
0129 19.6
0130 14.0
0130 21.4
0131 16.4
0131 17.8
0201 11.0
0201 13.8
0202 13.2
0202 18.0
0203 17.8
0203 21.6
0204 17.8
0204 21.4
0205 17.6
0205 21.6
0206 20.0
0206 24.4
0207 20.6
0207 23.8
0208 20.8
0208 24.0
0209 16.4
0209 12.2
0210 10.0
0210 10.4
0211 8.4
0211 10.0
0212 9.8
0212 17.6
0213 15.6
0213 19.8
0214 17.0
0214 16.8
0215 14.8
0215 17.8
0216 15.8
0216 13.8
0217 11.0
0217 10.6
0218 11.6
0218 13.0
0219 13.6
0219 15.4
0220 15.0
0220 23.8
0221 21.8
0221 11.8
0222 9.4
0222 13.2
0223 9.8
0223 8.8
0224 8.4
0224 12.8
0225 11.0
0225 10.8
0226 10.2
0226 12.8
0227 13.6
0227 17.0
0228 13.8
0228 13.8
0301 14.0
0301 18.8
0302 19.0
0302 20.4
0303 13.6
0303 18.6
0304 14.4
0304 20.0
0305 18.2
0305 20.2
0306 17.2
0306 15.4
0307 12.6
0307 12.4
0308 12.4
0308 12.2
0309 12.4
0309 13.4
0310 12.0
0310 14.6
0311 13.0
0311 20.2
0312 15.4
0312 22.6
0313 16.2
0313 23.2
0314 17.8
0314 18.6
0315 15.2
0315 18.4
0316 15.8
0316 19.8
0317 16.6
0317 17.4
0318 14.2
0318 16.6
0319 16.8
0319 23.2
0320 21.2
0320 23.6
0321 22.2
0321 25.6
0322 23.0
0322 20.0
0323 14.6
0323 11.4
0324 11.4
0324 13.0
0325 13.0
0325 19.2
0326 18.0
0326 20.8
0327 19.8
0327 23.4
0328 21.2
0328 23.6
0329 21.8
0329 21.6
0330 19.0
0330 25.2
0331 21.8
0331 19.0
0401 15.6
0401 16.2
0402 15.2
0402 20.8
0403 19.6
0403 23.0
0404 16.6
0404 18.0
0405 17.0
0405 24.0
0406 17.8
0406 26.0
0407 22.8
0407 27.6
0408 23.8
0408 27.0
0409 24.4
0409 27.2
0410 24.8
0410 29.0
0411 24.8
0411 17.6
0412 15.6
0412 17.0
0413 17.4
0413 18.8
0414 19.8
0414 21.2
0415 19.4
0415 18.0
0416 18.0
0416 22.6
0417 19.6
0417 25.4
0418 21.8
0418 22.0
0419 21.0
0419 20.8
0420 20.8
0420 23.2
0421 22.2
0421 23.8
0422 23.8
0422 22.4
0423 23.2
0423 28.8
0424 25.4
0424 28.2
0425 25.4
0425 29.0
0426 24.6
0426 27.4
0427 21.0
0427 20.8
0428 21.0
0428 23.6
0429 23.4
0429 26.6
0430 24.4
0430 22.0
0501 19.4
0501 22.0
0502 19.6
0502 18.6
0503 19.8
0503 23.4
0504 19.6
0504 19.2
0505 18.4
0505 19.0
0506 19.0
0506 19.4
0507 18.6
0507 19.8
0508 18.4
0508 19.8
0509 19.8
0509 24.0
0510 22.2
0510 26.0
0511 23.6
0511 29.0
0512 24.4
0512 28.4
0513 24.8
0513 29.2
0514 25.4
0514 29.2
0515 26.0
0515 26.8
0516 27.0
0516 30.4
0517 26.8
0517 25.0
0518 26.6
0518 31.2
0519 28.2
0519 31.2
0520 23.6
0520 25.6
0521 23.6
0521 25.0
0522 23.2
0522 23.8
0523 23.0
0523 23.8
0524 24.2
0524 24.6
0525 23.8
0525 26.2
0526 24.6
0526 26.8
0527 25.8
0527 26.0
0528 24.8
0528 26.6
0529 24.0
0529 24.4
0530 23.4
0530 24.6
0531 23.8
0531 26.0
0601 24.8
0601 26.2
0602 24.8
0602 25.2
0603 25.2
0603 30.0
0604 25.8
0604 24.6
0605 24.0
0605 24.4
0606 26.2
0606 25.8
0607 26.8
0607 31.0
0608 27.8
0608 30.2
0609 27.2
0609 30.4
0610 27.8
0610 25.0
0611 24.6
0611 26.6
0612 23.6
0612 25.0
0613 25.8
0613 25.8
0614 24.8
0614 28.4
0615 25.0
0615 29.6
0616 25.0
0616 29.0
0617 25.2
0617 28.2
0618 26.8
0618 28.4
0619 28.2
0619 30.4
0620 27.6
0620 30.2
0621 28.0
0621 32.0
0622 28.6
0622 31.8
0623 28.4
0623 24.8
0624 24.0
0624 24.2
0625 24.4
0625 28.6
0626 25.2
0626 28.8
0627 27.4
0627 28.8
0628 27.8
0628 29.6
0629 29.2
0629 32.0
0630 28.0
0630 29.8
0701 27.2
0701 31.8
0702 28.2
0702 25.8
0703 26.4
0703 26.8
0704 26.4
0704 29.6
0705 28.0
0705 30.4
0706 27.8
0706 32.6
0707 28.0
0707 26.8
0708 27.8
0708 30.8
0709 28.2
0709 28.2
0710 25.0
0710 26.2
0711 25.0
0711 23.8
0712 25.8
0712 28.8
0713 27.4
0713 29.2
0714 27.8
0714 27.2
0715 25.8
0715 31.2
0716 27.4
0716 32.8
0717 27.0
0717 33.2
0718 28.8
0718 27.8
0719 27.6
0719 26.4
0720 26.2
0720 26.8
0721 27.0
0721 25.8
0722 26.2
0722 27.0
0723 25.6
0723 27.2
0724 26.2
0724 29.0
0725 26.8
0725 30.2
0726 27.8
0726 32.0
0727 28.2
0727 31.8
0728 28.2
0728 29.2
0729 27.2
0729 25.6
0730 26.6
0730 26.6
0731 27.2
0731 27.2
0801 27.0
0801 26.2
0802 24.6
0802 27.8
0803 26.4
0803 25.2
0804 25.6
0804 28.0
0805 25.2
0805 31.2
0806 27.6
0806 31.0
0807 25.4
0807 32.6
0808 26.4
0808 33.2
0809 27.8
0809 34.0
0810 29.8
0810 32.8
0811 28.8
0811 32.2
0812 27.6
0812 26.4
0813 25.2
0813 29.6
0814 26.0
0814 28.0
0815 25.6
0815 27.4
0816 26.2
0816 24.4
0817 24.6
0817 25.4
0818 25.6
0818 28.6
0819 26.0
0819 29.2
0820 26.4
0820 31.6
0821 27.8
0821 30.8
0822 25.8
0822 30.4
0823 26.4
0823 27.2
0824 26.2
0824 33.6
0825 30.2
0825 25.6
0826 24.4
0826 26.4
0827 25.6
0827 29.4
0828 26.6
0828 32.2
0829 28.0
0829 26.0
0830 25.8
0830 26.0
0831 25.4
0831 25.4
0901 25.6
0901 23.6
0902 25.0
0902 23.8
0903 25.6
0903 29.0
0904 26.2
0904 28.8
0905 26.0
0905 28.4
0906 24.8
0906 26.4
0907 25.2
0907 31.4
0908 26.6
0908 30.4
0909 26.2
0909 30.6
0910 27.2
0910 31.0
0911 26.6
0911 32.0
0912 26.4
0912 31.8
0913 27.8
0913 31.2
0914 27.2
0914 30.0
0915 23.4
0915 28.8
0916 26.2
0916 29.2
0917 25.4
0917 30.8
0918 26.8
0918 30.8
0919 25.2
0919 28.4
0920 24.0
0920 27.8
0921 23.8
0921 27.6
0922 23.0
0922 26.4
0923 22.8
0923 26.4
0924 22.0
0924 26.8
0925 19.6
0925 26.8
0926 19.4
0926 27.2
0927 21.6
0927 27.2
0928 23.2
0928 27.8
0929 21.0
0929 28.2
0930 22.6
0930 28.4
1001 23.2
1001 30.0
1002 22.8
1002 29.6
1003 23.8
1003 29.4
1004 23.6
1004 29.2
1005 22.8
1005 28.8
1006 24.8
1006 25.6
1007 23.8
1007 27.4
1008 24.8
1008 28.4
1009 24.0
1009 26.2
1010 23.8
1010 28.8
1011 23.4
1011 29.4
1012 24.0
1012 29.8
1013 24.2
1013 27.2
1014 24.4
1014 26.4
1015 23.0
1015 24.8
1016 21.8
1016 24.6
1017 21.8
1017 25.0
1018 19.8
1018 24.8
1019 20.6
1019 24.6
1020 21.4
1020 24.6
1021 17.2
1021 25.0
1022 19.2
1022 24.6
1023 22.0
1023 23.2
1024 20.2
1024 22.4
1025 21.2
1025 26.2
1026 22.4
1026 21.0
1027 19.0
1027 22.4
1028 19.2
1028 17.8
1029 16.6
1029 22.2
1030 16.8
1030 21.6
1031 19.8
1031 23.4
1101 21.8
1101 25.6
1102 22.2
1102 27.0
1103 23.4
1103 24.6
1104 20.8
1104 23.8
1105 19.0
1105 21.6
1106 18.2
1106 21.8
1107 18.2
1107 22.2
1108 17.6
1108 21.4
1109 17.8
1109 21.4
1110 16.4
1110 22.2
1111 17.2
1111 23.2
1112 16.4
1112 22.8
1113 18.0
1113 22.6
1114 18.2
1114 21.4
1115 16.2
1115 22.0
1116 17.6
1116 21.4
1117 18.0
1117 23.8
1118 20.4
1118 16.4
1119 14.4
1119 18.4
1120 14.0
1120 19.4
1121 16.4
1121 20.8
1122 17.2
1122 22.2
1123 14.4
1123 22.8
1124 16.0
1124 23.6
1125 20.4
1125 20.4
1126 15.0
1126 20.0
1127 18.0
1127 19.4
1128 12.2
1128 13.4
1129 12.4
1129 14.8
1130 13.0
1130 19.2
1201 15.8
1201 16.2
1202 10.4
1202 14.4
1203 9.6
1203 13.6
1204 10.6
1204 16.2
1205 13.2
1205 17.8
1206 12.6
1206 15.6
1207 9.2
1207 15.4
1208 10.2
1208 15.4
1209 11.4
1209 16.0
1210 10.4
1210 16.2
1211 12.0
1211 19.0
1212 10.6
1212 17.8
1213 12.2
1213 20.2
1214 13.2
1214 20.0
1215 13.8
1215 21.0
1216 18.2
1216 21.4
1217 18.6
1217 23.6
1218 20.8
1218 20.6
1219 13.4
1219 12.6
1220 11.4
1220 13.2
1221 11.2
1221 16.6
1222 14.6
1222 14.4
1223 14.2
1223 19.2
1224 14.8
1224 15.0
1225 14.6
1225 18.2
1226 15.6
1226 13.4
1227 11.0
1227 14.8
1228 11.0
1228 16.4
1229 11.6
1229 21.4
1230 17.2
1230 23.4
1231 17.0
1231 18.0
