0101 -1.5
0101 2.2
0102 4.2
0102 0.8
0103 -1.3
0103 0.4
0104 -0.1
0104 0.8
0105 1.2
0105 2.4
0106 1.4
0106 3.0
0107 2.4
0107 3.4
0108 2.6
0108 5.0
0109 3.2
0109 2.8
0110 0.2
0110 2.4
0111 -2.5
0111 7.4
0112 1.4
0112 6.6
0113 6.2
0113 6.6
0114 2.8
0114 5.2
0115 1.2
0115 5.6
0116 4.0
0116 3.4
0117 2.2
0117 0.4
0118 0.2
0118 1.8
0119 -2.9
0119 7.0
0120 10.0
0120 10.6
0121 10.0
0121 5.2
0122 4.6
0122 4.2
0123 3.2
0123 3.8
0124 -0.3
0124 3.0
0125 -1.5
0125 5.0
0126 -0.9
0126 5.6
0127 2.8
0127 4.0
0128 -0.7
0128 8.2
0129 8.0
0129 8.2
0130 2.4
0130 11.0
0131 12.4
0131 15.4
0201 13.0
0201 9.6
0202 6.0
0202 5.8
0203 8.2
0203 12.6
0204 10.0
0204 6.8
0205 6.8
0205 6.0
0206 4.4
0206 4.2
0207 3.8
0207 -1.5
0208 -1.5
0208 -0.7
0209 -1.3
0209 2.0
0210 -2.1
0210 3.2
0211 3.4
0211 5.6
0212 3.4
0212 5.4
0213 3.4
0213 6.2
0214 6.6
0214 6.2
0215 5.8
0215 5.0
0216 3.0
0216 6.4
0217 8.4
0217 10.2
0218 7.4
0218 3.2
0219 0.8
0219 3.4
0220 1.4
0220 5.0
0221 5.2
0221 7.0
0222 6.2
0222 8.6
0223 5.0
0223 8.6
0224 6.2
0224 10.2
0225 10.4
0225 10.8
0226 10.4
0226 9.8
0227 8.8
0227 9.0
0228 8.2
0228 15.0
0301 7.2
0301 3.8
0302 2.8
0302 3.6
0303 0.8
0303 7.2
0304 3.8
0304 13.0
0305 6.8
0305 14.0
0306 7.4
0306 17.0
0307 13.8
0307 17.2
0308 13.4
0308 19.2
0309 19.0
0309 23.4
0310 7.8
0310 6.4
0311 6.4
0311 8.0
0312 10.0
0312 17.8
0313 8.2
0313 5.0
0314 3.6
0314 6.0
0315 3.8
0315 9.8
0316 8.4
0316 12.6
0317 12.2
0317 15.8
0318 11.8
0318 16.8
0319 13.0
0319 14.6
0320 12.6
0320 5.6
0321 4.6
0321 9.0
0322 10.4
0322 10.4
0323 8.6
0323 10.0
0324 10.6
0324 7.0
0325 5.4
0325 6.6
0326 7.2
0326 8.6
0327 8.8
0327 11.0
0328 9.4
0328 12.4
0329 9.6
0329 8.4
0330 9.8
0330 11.8
0331 9.0
0331 9.2
0401 10.2
0401 15.0
0402 9.6
0402 11.0
0403 8.8
0403 12.8
0404 12.0
0404 14.0
0405 14.6
0405 14.8
0406 8.4
0406 9.8
0407 6.8
0407 12.0
0408 10.8
0408 17.6
0409 11.8
0409 12.4
0410 10.8
0410 14.0
0411 10.8
0411 13.2
0412 12.6
0412 13.0
0413 15.0
0413 22.2
0414 19.0
0414 12.2
0415 14.2
0415 24.6
0416 20.4
0416 24.4
0417 12.8
0417 15.4
0418 15.6
0418 11.6
0419 10.0
0419 11.4
0420 11.8
0420 8.4
0421 8.6
0421 11.2
0422 11.8
0422 13.8
0423 14.2
0423 15.2
0424 13.6
0424 13.6
0425 14.0
0425 16.8
0426 16.0
0426 19.6
0427 17.8
0427 22.4
0428 19.8
0428 22.6
0429 21.2
0429 16.2
0430 14.4
0430 17.4
0501 15.2
0501 17.6
0502 14.8
0502 15.8
0503 14.8
0503 18.8
0504 17.0
0504 16.8
0505 16.4
0505 18.2
0506 17.8
0506 17.6
0507 18.8
0507 19.4
0508 18.4
0508 18.0
0509 20.2
0509 22.6
0510 17.6
0510 20.0
0511 19.4
0511 23.8
0512 22.2
0512 26.0
0513 22.2
0513 24.4
0514 22.4
0514 25.6
0515 21.4
0515 21.0
0516 18.8
0516 19.8
0517 18.6
0517 19.2
0518 19.8
0518 21.4
0519 19.4
0519 23.2
0520 22.8
0520 23.0
0521 22.2
0521 25.6
0522 23.0
0522 23.6
0523 21.2
0523 23.0
0524 23.0
0524 24.0
0525 24.0
0525 24.2
0526 22.8
0526 22.4
0527 23.6
0527 23.8
0528 21.6
0528 26.4
0529 23.4
0529 22.6
0530 18.0
0530 18.4
0531 19.2
0531 20.6
0601 20.6
0601 20.8
0602 18.4
0602 21.2
0603 20.6
0603 22.0
0604 21.4
0604 22.6
0605 23.6
0605 24.2
0606 24.2
0606 24.6
0607 23.2
0607 21.0
0608 21.6
0608 20.8
0609 19.6
0609 20.2
0610 20.4
0610 22.8
0611 21.6
0611 22.0
0612 20.2
0612 21.2
0613 20.6
0613 20.4
0614 21.0
0614 22.0
0615 22.4
0615 24.0
0616 24.4
0616 27.2
0617 28.6
0617 32.8
0618 30.2
0618 33.8
0619 30.8
0619 25.8
0620 23.2
0620 24.8
0621 24.6
0621 25.6
0622 24.6
0622 26.4
0623 26.8
0623 26.2
0624 24.2
0624 25.0
0625 25.2
0625 22.6
0626 22.2
0626 23.6
0627 22.8
0627 22.6
0628 21.6
0628 23.8
0629 23.6
0629 24.6
0630 24.6
0630 28.4
0701 27.8
0701 32.6
0702 31.0
0702 34.6
0703 31.0
0703 34.6
0704 31.0
0704 35.0
0705 31.8
0705 25.8
0706 24.8
0706 28.6
0707 28.6
0707 32.4
0708 30.6
0708 33.4
0709 31.6
0709 33.2
0710 30.8
0710 33.6
0711 30.8
0711 33.2
0712 28.2
0712 30.0
0713 29.2
0713 29.4
0714 28.8
0714 30.0
0715 29.4
0715 30.0
0716 29.8
0716 31.8
0717 30.2
0717 31.2
0718 29.4
0718 30.8
0719 28.6
0719 31.8
0720 30.2
0720 26.4
0721 29.0
0721 30.4
0722 28.6
0722 33.0
0723 31.4
0723 35.0
0724 32.6
0724 35.4
0725 32.0
0725 34.8
0726 32.4
0726 32.6
0727 31.4
0727 31.8
0728 30.8
0728 34.4
0729 33.0
0729 34.6
0730 32.6
0730 35.2
0731 32.2
0731 27.8
0801 31.0
0801 26.6
0802 29.8
0802 30.4
0803 30.0
0803 33.2
0804 30.0
0804 26.6
0805 29.6
0805 32.6
0806 32.8
0806 35.6
0807 32.8
0807 34.2
0808 33.2
0808 35.8
0809 33.8
0809 33.8
0810 33.4
0810 31.8
0811 30.8
0811 32.6
0812 30.2
0812 32.0
0813 30.0
0813 31.0
0814 30.6
0814 31.2
0815 30.2
0815 30.6
0816 29.8
0816 30.6
0817 30.0
0817 30.4
0818 29.6
0818 29.6
0819 29.0
0819 30.0
0820 29.6
0820 30.4
0821 29.4
0821 29.8
0822 29.6
0822 29.2
0823 29.6
0823 31.2
0824 30.0
0824 31.4
0825 28.8
0825 26.4
0826 27.2
0826 26.8
0827 27.2
0827 27.8
0828 27.6
0828 31.2
0829 30.2
0829 28.8
0830 28.4
0830 27.4
0831 24.4
0831 24.6
0901 24.4
0901 25.2
0902 24.6
0902 25.6
0903 24.8
0903 24.6
0904 24.6
0904 24.6
0905 24.0
0905 22.0
0906 20.4
0906 21.8
0907 21.2
0907 23.6
0908 23.6
0908 24.4
0909 24.6
0909 26.2
0910 26.0
0910 28.8
0911 26.0
0911 26.2
0912 27.0
0912 28.4
0913 27.4
0913 24.8
0914 24.8
0914 27.0
0915 25.6
0915 25.6
0916 24.6
0916 25.2
0917 24.8
0917 25.2
0918 25.4
0918 25.4
0919 25.4
0919 25.8
0920 26.0
0920 26.0
0921 25.6
0921 25.8
0922 25.8
0922 26.2
0923 26.8
0923 27.0
0924 26.0
0924 26.6
0925 20.6
0925 21.4
0926 20.4
0926 21.2
0927 21.2
0927 22.0
0928 22.6
0928 20.4
0929 19.8
0929 22.6
0930 22.2
0930 22.4
1001 22.2
1001 22.6
1002 20.2
1002 20.2
1003 20.2
1003 20.6
1004 20.4
1004 21.0
1005 21.4
1005 22.2
1006 22.8
1006 24.2
1007 24.2
1007 22.4
1008 21.6
1008 20.6
1009 21.2
1009 22.4
1010 21.2
1010 23.2
1011 20.2
1011 21.4
1012 21.0
1012 21.4
1013 19.8
1013 22.0
1014 19.8
1014 23.2
1015 20.0
1015 15.2
1016 12.4
1016 16.2
1017 16.2
1017 18.2
1018 18.8
1018 20.0
1019 19.6
1019 20.2
1020 18.6
1020 18.6
1021 17.0
1021 17.4
1022 15.6
1022 17.8
1023 18.0
1023 18.2
1024 17.4
1024 16.8
1025 15.0
1025 15.8
1026 14.4
1026 15.2
1027 12.0
1027 16.2
1028 15.6
1028 18.0
1029 15.6
1029 19.8
1030 19.0
1030 19.0
1031 17.6
1031 18.2
1101 17.8
1101 18.4
1102 18.4
1102 20.0
1103 18.0
1103 18.0
1104 15.6
1104 16.2
1105 10.8
1105 17.2
1106 12.4
1106 17.0
1107 10.8
1107 17.4
1108 15.6
1108 20.0
1109 20.4
1109 22.6
1110 16.2
1110 14.4
1111 13.4
1111 12.8
1112 13.0
1112 13.8
1113 12.6
1113 14.2
1114 15.0
1114 12.8
1115 9.8
1115 10.8
1116 6.4
1116 13.2
1117 8.4
1117 11.2
1118 5.2
1118 9.6
1119 5.0
1119 7.0
1120 3.2
1120 12.0
1121 8.0
1121 15.0
1122 13.4
1122 14.4
1123 13.8
1123 17.0
1124 18.0
1124 10.0
1125 7.2
1125 10.4
1126 3.8
1126 11.8
1127 10.0
1127 6.6
1128 1.6
1128 5.6
1129 0.6
1129 4.2
1130 -1.3
1130 5.6
1201 4.0
1201 7.6
1202 1.4
1202 9.0
1203 3.4
1203 13.0
1204 8.4
1204 11.2
1205 8.0
1205 11.0
1206 8.6
1206 11.2
1207 4.6
1207 11.0
1209 8.4
1209 7.8
1210 2.2
1210 4.2
1211 2.6
1211 6.0
1212 -1.3
1212 8.4
1213 5.6
1213 7.0
1214 5.4
1214 9.8
1215 9.2
1215 9.6
1216 6.6
1216 6.2
1217 6.6
1217 6.8
1218 7.6
1218 6.6
1219 0.8
1219 2.8
1220 0.0
1220 2.4
1221 -0.1
1221 3.8
1222 -0.3
1222 5.4
1223 0.0
1223 4.6
1224 1.0
1224 5.6
1225 2.8
1225 5.8
1226 2.4
1226 2.4
1227 -1.9
1227 0.8
1228 -2.9
1228 0.8
1229 -3.1
1229 0.0
1230 -4.3
1230 3.8
1231 -2.1
1231 7.0
