0101 -1.5
0101 2.2
0102 4.2
0102 0.8
0103 -1.3
0103 0.4
0104 -0.1
0104 0.8
0105 1.2
0105 2.4
0106 1.4
0106 3.0
0107 2.4
0107 3.4
0108 2.6
0108 5.0
0109 3.2
0109 2.8
0110 0.2
0110 2.4
0111 -2.5
0111 7.4
0112 1.4
0112 6.6
0113 6.2
0113 6.6
0114 2.8
0114 5.2
0115 1.2
0115 5.6
0116 4.0
0116 3.4
0117 2.2
0117 0.4
0118 0.2
0118 1.8
0119 -2.9
0119 7.0
0120 10.0
0120 10.6
0121 10.0
0121 5.2
0122 4.6
0122 4.2
0123 3.2
0123 3.8
0124 -0.3
0124 3.0
0125 -1.5
0125 5.0
0126 -0.9
0126 5.6
0127 2.8
0127 4.0
0128 -0.7
0128 8.2
0129 8.0
0129 8.2
0130 2.4
0130 11.0
0131 12.4
0131 15.4
0201 13.0
0201 9.6
0202 6.0
0202 5.8
0203 8.2
0203 12.6
0204 10.0
0204 6.8
0205 6.8
0205 6.0
0206 4.4
0206 4.2
0207 3.8
0207 -1.5
0208 -1.5
0208 -0.7
0209 -1.3
0209 2.0
0210 -2.1
0210 3.2
0211 3.4
0211 5.6
0212 3.4
0212 5.4
0213 3.4
0213 6.2
0214 6.6
0214 6.2
0215 5.8
0215 5.0
0216 3.0
0216 6.4
0217 8.4
0217 10.2
0218 7.4
0218 3.2
0219 0.8
0219 3.4
0220 1.4
0220 5.0
0221 5.2
0221 7.0
0222 6.2
0222 8.6
0223 5.0
0223 8.6
0224 6.2
0224 10.2
0225 10.4
0225 10.8
0226 10.4
0226 9.8
0227 8.8
0227 9.0
0228 8.2
0228 15.0
0301 7.2
0301 3.8
0302 2.8
0302 3.6
0303 0.8
0303 7.2
0304 3.8
0304 13.0
0305 6.8
0305 14.0
0306 7.4
0306 17.0
0307 13.8
0307 17.2
0308 13.4
0308 19.2
0309 19.0
0309 23.4
0310 7.8
0310 6.4
0311 6.4
0311 8.0
0312 10.0
0312 17.8
0313 8.2
0313 5.0
0314 3.6
0314 6.0
0315 3.8
0315 9.8
0316 8.4
0316 12.6
0317 12.2
0317 15.8
0318 11.8
0318 16.8
0319 13.0
0319 14.6
0320 12.6
0320 5.6
0321 4.6
0321 9.0
0322 10.4
0322 10.4
0323 8.6
0323 10.0
0324 10.6
0324 7.0
0325 5.4
0325 6.6
0326 7.2
0326 8.6
0327 8.8
0327 11.0
0328 9.4
0328 12.4
0329 9.6
0329 8.4
0330 9.8
0330 11.8
0331 9.0
0331 9.2
0401 10.2
0401 15.0
0402 9.6
0402 11.0
0403 8.8
0403 12.8
0404 12.0
0404 14.0
0405 14.6
0405 14.8
0406 8.4
0406 9.8
0407 6.8
0407 12.0
0408 10.8
0408 17.6
0409 11.8
0409 12.4
0410 10.8
0410 14.0
0411 10.8
0411 13.2
0412 12.6
0412 13.0
0413 15.0
0413 22.2
0414 19.0
0414 12.2
0415 14.2
0415 24.6
0416 20.4
0416 24.4
0417 12.8
0417 15.4
0418 15.6
0418 11.6
0419 10.0
0419 11.4
0420 11.8
0420 8.4
0421 8.6
0421 11.2
0422 11.8
0422 13.8
0423 14.2
0423 15.2
0424 13.6
0424 13.6
0425 14.0
0425 16.8
0426 16.0
0426 19.6
0427 17.8
0427 22.4
0428 19.8
0428 22.6
0429 21.2
0429 16.2
0430 14.4
0430 17.4
0501 15.2
0501 17.6
0502 14.8
0502 15.8
0503 14.8
0503 18.8
0504 17.0
0504 16.8
0505 16.4
0505 18.2
0506 17.8
0506 17.6
0507 18.8
0507 19.4
0508 18.4
0508 18.0
0509 20.2
0509 22.6
0510 17.6
0510 20.0
0511 19.4
0511 23.8
0512 22.2
0512 26.0
0513 22.2
0513 24.4
0514 22.4
0514 25.6
0515 21.4
0515 21.0
0516 18.8
0516 19.8
0517 18.6
0517 19.2
0518 19.8
0518 21.4
0519 19.4
0519 23.2
0520 22.8
0520 23.0
0521 22.2
0521 25.6
0522 23.0
0522 23.6
0523 21.2
0523 23.0
0524 23.0
0524 24.0
0525 24.0
0525 24.2
0526 22.8
0526 22.4
0527 23.6
0527 23.8
0528 21.6
0528 26.4
0529 23.4
0529 22.6
0530 18.0
0530 18.4
0531 19.2
0531 20.6
0601 20.6
0601 20.8
0602 18.4
0602 21.2
0603 20.6
0603 22.0
0604 21.4
0604 22.6
0605 23.6
0605 24.2
0606 24.2
0606 24.6
0607 23.2
0607 21.0
0608 21.6
0608 20.8
0609 19.6
0609 20.2
0610 20.4
0610 22.8
0611 21.6
0611 22.0
0612 20.2
0612 21.2
0613 20.6
0613 20.4
0614 21.0
0614 22.0
0615 22.4
0615 24.0
0616 24.4
0616 27.2
0617 28.6
0617 32.8
0618 30.2
0618 33.8
0619 30.8
0619 25.8
0620 23.2
0620 24.8
0621 24.6
0621 25.6
0622 24.6
0622 26.4
0623 26.8
0623 26.2
0624 24.2
0624 25.0
0625 25.2
0625 22.6
0626 22.2
0626 23.6
0627 22.8
0627 22.6
0628 21.6
0628 23.8
0629 23.6
0629 24.6
0630 24.6
0630 28.4
0701 27.8
0701 32.6
0702 31.0
0702 34.6
0703 31.0
0703 34.6
0704 31.0
0704 35.0
0705 31.8
0705 25.8
0706 24.8
0706 28.6
0707 28.6
0707 32.4
0708 30.6
0708 33.4
0709 31.6
0709 33.2
0710 30.8
0710 33.6
0711 30.8
0711 33.2
0712 28.2
0712 30.0
0713 29.2
0713 29.4
0714 28.8
0714 30.0
0715 29.4
0715 30.0
0716 29.8
0716 31.8
0717 30.2
0717 31.2
0718 29.4
0718 30.8
0719 28.6
0719 31.8
0720 30.2
0720 26.4
0721 29.0
0721 30.4
0722 28.6
0722 33.0
0723 31.4
0723 35.0
0724 32.6
0724 35.4
0725 32.0
0725 34.8
0726 32.4
0726 32.6
0727 31.4
0727 31.8
0728 30.8
0728 34.4
0729 33.0
0729 34.6
0730 32.6
0730 35.2
0731 32.2
0731 27.8
0801 31.0
0801 26.6
0802 29.8
0802 30.4
0803 30.0
0803 33.2
0804 30.0
0804 26.6
0805 29.6
0805 32.6
0806 32.8
0806 35.6
0807 32.8
0807 34.2
0808 33.2
0808 35.8
0809 33.8
0809 33.8
0810 33.4
0810 31.8
0811 30.8
0811 32.6
0812 30.2
0812 32.0
0813 30.0
0813 31.0
0814 30.6
0814 31.2
0815 30.2
0815 30.6
0816 29.8
0816 30.6
0817 30.0
0817 30.4
0818 29.6
0818 29.6
0819 29.0
0819 30.0
0820 29.6
0820 30.4
0821 29.4
0821 29.8
0822 29.6
0822 29.2
0823 29.6
0823 31.2
0824 30.0
0824 31.4
0825 28.8
0825 26.4
0826 27.2
0826 26.8
0827 27.2
0827 27.8
0828 27.6
0828 31.2
0829 30.2
0829 28.8
0830 28.4
0830 27.4
0831 24.4
0831 24.6
0901 24.4
0901 25.2
0902 24.6
0902 25.6
0903 24.8
0903 24.6
0904 24.6
0904 24.6
0905 24.0
0905 22.0
0906 20.4
0906 21.8
0907 21.2
0907 23.6
0908 23.6
0908 24.4
0909 24.6
0909 26.2
0910 26.0
0910 28.8
0911 26.0
0911 26.2
0912 27.0
0912 28.4
0913 27.4
0913 24.8
0914 24.8
0914 27.0
0915 25.6
0915 25.6
0916 24.6
0916 25.2
0917 24.8
0917 25.2
0918 25.4
0918 25.4
0919 25.4
0919 25.8
0920 26.0
0920 26.0
0921 25.6
0921 25.8
0922 25.8
0922 26.2
0923 26.8
0923 27.0
0924 26.0
0924 26.6
0925 20.6
0925 21.4
0926 20.4
0926 21.2
0927 21.2
0927 22.0
0928 22.6
0928 20.4
0929 19.8
0929 22.6
0930 22.2
0930 22.4
1001 22.2
1001 22.6
1002 20.2
1002 20.2
1003 20.2
1003 20.6
1004 20.4
1004 21.0
1005 21.4
1005 22.2
1006 22.8
1006 24.2
1007 24.2
1007 22.4
1008 21.6
1008 20.6
1009 21.2
1009 22.4
1010 21.2
1010 23.2
1011 20.2
1011 21.4
1012 21.0
1012 21.4
1013 19.8
1013 22.0
1014 19.8
1014 23.2
1015 20.0
1015 15.2
1016 12.4
1016 16.2
1017 16.2
1017 18.2
1018 18.8
1018 20.0
1019 19.6
1019 20.2
1020 18.6
1020 18.6
1021 17.0
1021 17.4
1022 15.6
1022 17.8
1023 18.0
1023 18.2
1024 17.4
1024 16.8
1025 15.0
1025 15.8
1026 14.4
1026 15.2
1027 12.0
1027 16.2
1028 15.6
1028 18.0
1029 15.6
1029 19.8
1030 19.0
1030 19.0
1031 17.6
1031 18.2
1101 17.8
1101 18.4
1102 18.4
1102 20.0
1103 18.0
1103 18.0
1104 15.6
1104 16.2
1105 10.8
1105 17.2
1106 12.4
1106 17.0
1107 10.8
1107 17.4
1108 15.6
1108 20.0
1109 20.4
1109 22.6
1110 16.2
1110 14.4
1111 13.4
1111 12.8
1112 13.0
1112 13.8
1113 12.6
1113 14.2
1114 15.0
1114 12.8
1115 9.8
1115 10.8
1116 6.4
1116 13.2
1117 8.4
1117 11.2
1118 5.2
1118 9.6
1119 5.0
1119 7.0
1120 3.2
1120 12.0
1121 8.0
1121 15.0
1122 13.4
1122 14.4
1123 13.8
1123 17.0
1124 18.0
1124 10.0
1125 7.2
1125 10.4
1126 3.8
1126 11.8
1127 10.0
1127 6.6
1128 1.6
1128 5.6
1129 0.6
1129 4.2
1130 -1.3
1130 5.6
1201 4.0
1201 7.6
1202 1.4
1202 9.0
1203 3.4
1203 13.0
1204 8.4
1204 11.2
1205 8.0
1205 11.0
1206 8.6
1206 11.2
1207 4.6
1207 11.0
1209 8.4
1209 7.8
1210 2.2
1210 4.2
1211 2.6
1211 6.0
1212 -1.3
1212 8.4
1213 5.6
1213 7.0
1214 5.4
1214 9.8
1215 9.2
1215 9.6
1216 6.6
1216 6.2
1217 6.6
1217 6.8
1218 7.6
1218 6.6
1219 0.8
1219 2.8
1220 0.0
1220 2.4
1221 -0.1
1221 3.8
1222 -0.3
1222 5.4
1223 0.0
1223 4.6
1224 1.0
1224 5.6
1225 2.8
1225 5.8
1226 2.4
1226 2.4
1227 -1.9
1227 0.8
1228 -2.9
1228 0.8
1229 -3.1
1229 0.0
1230 -4.3
1230 3.8
1231 -2.1
1231 7.0
0101 5.6
0102 0.2
0102 10.8
0103 8.2
0103 11.8
0104 6.0
0104 5.6
0105 -0.7
0105 5.8
0106 3.8
0106 9.2
0107 9.6
0107 10.4
0108 8.0
0108 5.2
0109 2.2
0109 2.2
0110 -2.5
0111 6.0
0111 4.6
0112 4.6
0112 5.8
0113 3.4
0113 4.0
0114 3.2
0114 4.0
0115 1.6
0115 4.4
0116 -0.7
0116 6.8
0117 2.2
0117 8.8
0118 4.6
0118 4.8
0119 -1.7
0119 7.0
0120 4.0
0120 4.6
0121 2.2
0121 2.2
0122 -4.1
0122 3.0
0123 -1.7
0123 8.2
0124 6.2
0124 13.6
0125 11.2
0125 7.8
0126 5.4
0126 5.2
0127 -0.1
0127 9.6
0128 5.0
0128 8.8
0129 7.4
0129 11.8
0130 8.0
0130 8.4
0131 11.2
0131 16.8
0201 15.2
0201 18.0
0202 10.6
0202 9.2
0203 8.6
0203 5.2
0204 2.2
0204 2.8
0205 5.0
0205 6.4
0206 8.6
0206 7.6
0207 5.4
0207 3.6
0208 1.4
0208 2.8
0209 2.6
0209 0.8
0210 -1.1
0210 -0.7
0211 -2.3
0211 2.0
0212 1.6
0212 5.0
0213 4.2
0213 5.2
0214 3.2
0214 3.2
0215 -0.1
0215 5.0
0216 6.4
0216 8.2
0217 7.6
0217 7.0
0218 4.8
0218 4.2
0219 2.2
0219 3.6
0220 0.2
0220 5.2
0221 -0.5
0221 5.0
0222 5.2
0222 6.6
0223 5.6
0223 7.6
0224 7.6
0224 8.6
0225 9.2
0225 9.6
0226 9.2
0226 9.4
0227 8.0
0227 11.4
0228 7.4
0228 7.6
0301 6.0
0301 6.0
0302 5.4
0302 7.4
0303 6.2
0303 9.0
0304 8.6
0304 -68.5
0305 7.2
0305 6.0
0306 5.8
0306 5.8
0307 5.0
0307 -65.3
0308 6.8
0309 3.2
0309 9.2
0310 6.6
0310 9.6
0311 8.0
0311 12.6
0312 14.4
0312 9.6
0313 5.2
0313 7.2
0314 5.2
0314 10.2
0315 7.2
0315 15.4
0316 9.6
0316 17.6
0317 15.6
0317 19.2
0318 13.4
0318 12.2
0320 8.6
0320 9.6
0321 6.0
0321 10.2
0322 8.0
0322 12.8
0323 9.8
0323 13.0
0324 13.6
0324 18.6
0325 16.4
0325 18.0
0326 16.8
0326 15.2
0327 12.2
0327 12.8
0328 14.6
0328 17.4
0329 16.4
0329 15.4
0330 11.8
0330 14.0
0331 11.6
0331 12.2
0401 12.4
0401 14.2
0402 12.4
0402 15.6
0403 13.6
0403 14.4
0404 9.6
0404 16.2
0405 10.6
0406 9.0
0406 12.6
0407 10.4
0407 15.6
0408 13.8
0408 16.4
0409 14.0
0409 18.2
0410 15.2
0410 17.4
0411 13.2
0411 15.6
0412 16.0
0412 17.4
0413 13.2
0413 13.6
0414 11.8
0414 16.2
0415 13.6
0415 15.8
0416 16.0
0416 18.4
0417 16.6
0417 17.4
0418 14.8
0418 14.2
0419 14.0
0419 13.6
0420 14.0
0420 14.0
0421 13.2
0421 12.8
0422 13.4
0422 16.0
0423 13.2
0423 15.8
0424 17.0
0424 18.6
0425 18.8
0425 18.0
0426 17.4
0426 17.2
0427 17.0
0427 17.2
0428 16.6
0428 16.6
0429 15.0
0429 16.8
0430 15.0
0430 19.6
0501 17.6
0501 23.6
0502 21.2
0502 20.2
0503 15.8
0503 16.4
0504 17.2
0504 14.8
0505 14.8
0505 16.0
0506 15.2
0506 17.8
0507 17.2
0507 21.8
0508 19.4
0508 17.2
0509 16.4
0509 16.8
0510 17.4
0510 18.8
0511 21.0
0511 19.0
0512 18.4
0512 23.4
0513 20.6
0513 20.8
0514 19.8
0514 23.8
0515 19.6
0515 21.4
0516 20.6
0516 23.4
0517 19.4
0517 17.8
0518 17.2
0518 18.6
0519 18.0
0519 19.4
0520 19.2
0520 21.2
0521 20.0
0521 24.8
0522 21.6
0522 23.6
0523 21.4
0523 22.8
0524 21.6
0524 23.6
0525 24.2
0525 24.6
0526 23.6
0526 26.8
0527 25.0
0527 29.2
0528 26.2
0528 27.0
0529 25.4
0529 29.6
0530 27.4
0530 28.4
0531 24.0
0531 23.8
0601 22.2
0601 22.6
0602 23.4
0602 21.2
0603 20.2
0603 19.6
0604 20.8
0604 22.6
0605 20.4
0605 22.6
0606 22.4
0606 22.6
0607 23.0
0607 25.2
0608 23.2
0608 22.8
0609 22.0
0609 22.4
0610 21.4
0610 22.4
0611 22.0
0611 24.0
0612 22.6
0612 24.2
0613 23.4
0613 27.4
0614 25.4
0614 27.6
0615 25.4
0615 25.2
0616 24.0
0616 22.6
0617 22.6
0617 21.6
0618 21.2
0618 22.4
0619 22.4
0619 23.8
0620 22.8
0620 23.4
0621 22.2
0621 21.8
0622 21.6
0622 22.4
0623 21.6
0623 23.8
0624 23.2
0624 25.8
0625 22.6
0625 20.2
0626 21.4
0626 22.2
0627 21.6
0627 22.2
0628 21.8
0628 23.4
0629 23.4
0629 27.0
0630 23.4
0630 23.2
0701 22.4
0701 20.8
0702 23.8
0702 24.8
0703 23.4
0703 25.2
0704 24.2
0704 22.6
0705 24.2
0705 27.0
0706 22.4
0706 25.6
0707 23.0
0707 24.8
0708 24.2
0708 25.0
0709 25.8
0709 29.0
0710 27.2
0710 28.4
0711 28.6
0711 28.6
0712 28.0
0712 25.2
0713 23.0
0713 24.6
0714 24.2
0714 26.2
0715 25.2
0715 23.8
0716 24.6
0716 27.6
0717 27.4
0717 30.0
0718 28.2
0718 29.6
0719 28.4
0719 30.2
0720 28.6
0720 30.0
0721 28.4
0721 30.8
0722 29.0
0722 30.4
0723 29.8
0723 31.0
0724 29.8
0724 30.2
0725 27.0
0725 30.0
0726 27.8
0726 26.2
0727 25.8
0727 23.2
0728 25.2
0728 29.2
0729 28.0
0729 30.6
0730 29.2
0730 29.4
0731 28.8
0731 28.4
0801 25.8
0801 26.4
0802 25.4
0802 28.4
0803 27.8
0803 31.0
0804 29.0
0804 31.6
0805 29.4
0805 30.4
0806 29.2
0806 30.6
0807 28.4
0807 28.0
0808 27.8
0808 27.6
0809 25.6
0809 26.0
0810 26.0
0811 26.0
0811 26.2
0812 25.4
0812 26.0
0813 26.0
0813 27.2
0814 27.4
0814 24.0
0815 24.2
0815 25.2
0816 25.6
0816 25.4
0817 23.4
0817 22.2
0818 22.8
0818 23.0
0819 21.4
0819 23.2
0820 23.0
0820 22.4
0821 22.0
0821 25.8
0822 24.8
0822 26.8
0823 26.2
0823 28.6
0824 27.2
0824 30.8
0825 24.8
0825 27.4
0826 25.2
0826 26.2
0827 23.6
0827 23.4
0828 23.8
0828 25.0
0829 23.6
0829 24.8
0830 24.8
0830 25.2
0831 25.0
0831 25.8
0901 25.0
0901 26.2
0902 24.8
0902 27.2
0903 23.0
0903 24.2
0904 21.6
0904 24.4
0905 23.0
0905 25.6
0906 25.0
0906 25.4
0907 24.6
0907 25.2
0908 24.4
0908 25.6
0909 25.4
0909 25.4
0910 24.8
0910 24.4
0911 24.0
0911 24.4
0912 24.4
0912 25.2
0913 22.0
0913 23.6
0914 24.2
0914 23.8
0915 23.4
0915 23.6
0916 23.4
0916 24.2
0917 24.0
0917 24.0
0918 22.0
0918 21.0
0919 19.2
0919 19.4
0920 19.0
0920 22.2
0921 23.0
0921 23.2
0922 23.2
0923 24.0
0923 23.6
0924 22.2
0924 23.0
0925 20.8
0925 24.0
0926 22.6
0926 23.4
0927 23.4
0927 24.4
0928 23.6
0928 24.2
0929 25.0
0929 24.0
0930 21.0
0930 19.2
1001 19.0
1001 21.0
1002 19.6
1002 24.6
1003 21.2
1003 19.6
1004 19.4
1004 20.6
1005 20.4
1005 21.2
1006 19.8
1006 19.6
1007 19.0
1007 19.8
1008 19.2
1008 20.4
1009 19.2
1009 21.2
1010 20.2
1010 21.2
1011 21.2
1011 21.6
1012 20.4
1012 21.0
1013 17.0
1013 18.0
1014 13.2
1014 16.4
1015 13.0
1015 15.6
1016 13.2
1016 19.6
1017 18.0
1017 19.6
1018 19.0
1018 19.6
1019 20.6
1019 23.0
1020 21.2
1020 24.8
1021 22.2
1021 19.0
1022 16.4
1022 18.6
1023 14.6
1023 18.8
1024 14.8
1024 19.4
1025 18.0
1025 20.2
1026 17.0
1026 21.2
1027 18.6
1027 16.2
1028 16.0
1028 18.0
1029 19.0
1029 19.0
1030 19.2
1030 20.0
1031 18.8
1031 18.6
1101 17.8
1101 18.2
1102 14.2
1102 16.6
1103 10.2
1103 13.4
1104 8.4
1104 15.2
1105 10.0
1105 18.0
1106 15.6
1106 17.2
1107 14.8
1107 15.0
1108 13.4
1108 13.4
1109 14.4
1109 15.2
1110 14.6
1110 14.8
1111 12.8
1111 14.2
1112 12.6
1112 13.4
1113 11.4
1113 10.4
1114 5.2
1114 12.0
1115 7.4
1115 15.4
1116 13.2
1116 13.8
1117 10.8
1117 12.2
1118 9.0
1118 11.8
1119 10.8
1119 14.0
1120 8.4
1120 15.2
1121 10.6
1121 17.6
1122 13.8
1122 17.4
1123 16.6
1123 19.2
1124 19.0
1124 14.6
1125 13.0
1125 12.6
1126 10.6
1126 12.6
1127 9.0
1127 18.0
1128 14.6
1128 13.2
1129 13.0
1129 17.0
1130 15.8
1130 12.8
1201 7.2
1201 3.6
1202 2.0
1202 3.6
1203 5.6
1203 2.8
1204 1.8
1204 3.8
1205 0.8
1205 1.8
1206 -1.7
1206 6.2
1207 5.8
1207 7.0
1208 6.0
1208 7.8
1209 9.2
1209 9.0
1210 10.2
1210 8.2
1211 6.4
1211 5.6
1212 1.0
1212 5.6
1213 -0.9
1213 3.4
1214 -2.1
1214 5.8
1215 6.4
1215 8.0
1216 2.6
1216 2.0
1217 -0.7
1217 3.8
1218 -3.3
1218 6.0
1219 7.0
1219 9.0
1220 5.4
1220 5.0
1221 2.0
1221 3.2
1222 -2.1
1222 2.0
1223 3.6
1223 6.0
1224 5.2
1224 8.0
1225 4.8
1225 5.4
1226 4.8
1226 6.4
1227 5.6
1227 6.6
1228 2.6
1228 6.6
1229 3.2
1229 6.4
1230 1.6
1230 7.8
1231 8.0
1231 5.0
0101 1.6
0102 -4.5
0102 5.4
0103 2.8
0103 8.0
0104 0.6
0104 10.2
0105 12.2
0105 15.4
0106 8.2
0106 3.8
0107 3.2
0107 4.2
0108 0.2
0108 4.6
0109 -1.1
0109 5.2
0110 1.2
0110 6.2
0111 0.4
0111 8.2
0112 4.4
0112 6.2
0113 6.4
0113 7.2
0114 7.6
0114 8.0
0115 6.6
0115 6.8
0116 5.2
0116 7.4
0117 3.0
0117 4.0
0118 1.0
0118 7.2
0119 0.6
0119 6.4
0120 5.8
0120 9.4
0121 6.8
0121 11.0
0122 3.8
0122 4.8
0123 -0.5
0123 7.0
0124 3.0
0124 11.2
0125 12.6
0125 9.8
0126 7.2
0126 7.4
0127 6.2
0127 3.0
0128 3.0
0128 4.2
0129 2.4
0129 3.4
0130 2.2
0130 3.4
0131 2.2
0131 2.6
0201 2.8
0202 4.6
0202 5.4
0203 5.2
0203 6.2
0204 3.2
0204 5.8
0205 1.4
0205 3.6
0206 -1.7
0206 4.4
0207 -1.5
0207 7.0
0208 1.8
0208 1.0
0209 -0.1
0209 1.6
0210 -3.5
0210 6.2
0211 0.4
0211 10.8
0212 5.4
0212 6.2
0213 5.2
0213 8.2
0214 6.8
0214 16.0
0215 12.4
0215 14.8
0216 12.2
0216 11.2
0217 6.4
0217 8.2
0218 1.2
0218 5.0
0219 3.8
0219 5.8
0220 7.6
0220 10.8
0221 9.8
0221 9.0
0222 7.2
0222 7.0
0223 3.8
0223 7.4
0224 6.8
0224 8.6
0225 7.8
0225 8.6
0226 8.2
0226 7.2
0227 7.2
0227 3.6
0228 4.4
0228 4.4
0301 2.2
0301 7.4
0302 2.4
0302 9.0
0303 8.2
0303 6.8
0304 4.0
0304 4.2
0305 4.0
0305 3.4
0306 4.8
0306 6.2
0307 5.8
0307 6.8
0308 8.8
0308 9.6
0309 7.8
0309 6.2
0310 1.6
0310 4.2
0311 0.0
0311 7.6
0312 2.4
0312 11.2
0313 8.4
0313 14.8
0314 9.2
0314 9.2
0315 10.0
0315 10.8
0316 10.8
0316 12.4
0317 13.0
0317 15.0
0318 15.2
0318 12.0
0319 10.4
0319 14.0
0320 9.6
0320 10.4
0321 10.8
0321 15.4
0322 11.6
0322 13.0
0323 9.8
0323 10.2
0324 9.8
0324 9.8
0325 9.4
0325 10.2
0326 10.8
0326 11.6
0327 10.6
0327 11.8
0328 11.0
0328 15.6
0329 11.6
0329 19.6
0330 15.4
0330 16.0
0331 16.4
0331 21.4
0401 18.6
0401 16.4
0402 20.2
0402 21.2
0403 13.0
0403 11.6
0404 12.8
0404 15.4
0405 12.4
0405 11.6
0406 10.8
0406 9.8
0407 7.8
0407 5.4
0408 7.2
0408 8.8
0409 8.6
0409 11.6
0410 11.4
0410 11.6
0411 10.6
0411 13.6
0412 13.6
0412 14.8
0413 10.6
0413 10.8
0414 8.2
0414 14.4
0415 13.6
0415 19.4
0416 18.8
0416 14.4
0417 14.4
0417 15.6
0418 19.0
0418 22.2
0419 18.8
0419 17.4
0420 12.2
0420 13.8
0421 12.2
0421 15.6
0422 13.0
0422 20.0
0423 14.8
0423 20.2
0424 16.6
0424 19.6
0425 15.6
0425 22.4
0426 19.4
0426 22.2
0427 19.6
0427 22.0
0428 21.4
0428 20.2
0429 16.8
0429 18.4
0430 17.2
0430 18.6
0501 16.8
0501 17.8
0502 19.2
0502 21.4
0503 16.2
0503 19.2
0504 17.6
0504 16.8
0505 16.6
0505 18.4
0506 18.0
0506 25.6
0507 18.0
0507 20.8
0508 19.8
0508 17.2
0509 16.6
0509 17.6
0510 18.2
0510 19.0
0511 18.8
0511 15.2
0512 16.2
0512 22.8
0513 20.0
0513 25.6
0514 22.8
0514 25.0
0515 24.2
0515 19.2
0516 17.8
0516 19.0
0517 19.0
0517 21.2
0518 20.8
0518 20.6
0519 20.4
0519 21.8
0520 20.0
0520 20.2
0521 18.6
0521 19.0
0522 18.6
0522 20.4
0523 20.0
0523 21.0
0524 20.0
0524 21.2
0525 20.6
0525 21.8
0526 20.8
0526 22.0
0527 21.2
0527 19.8
0528 21.2
0528 21.0
0529 21.0
0529 22.6
0530 21.4
0530 21.8
0531 20.4
0531 21.8
0601 21.4
0601 24.0
0602 22.8
0602 24.4
0603 20.8
0603 22.0
0604 21.4
0604 21.8
0605 19.2
0605 25.6
0606 23.2
0606 24.6
0607 22.6
0607 22.4
0608 22.0
0608 22.0
0609 21.6
0609 22.8
0610 22.0
0610 25.4
0611 24.8
0611 28.8
0612 25.6
0612 30.6
0613 26.6
0613 28.4
0614 25.2
0614 27.6
0615 24.4
0615 21.6
0616 20.4
0616 20.8
0617 22.8
0617 20.8
0618 20.8
0618 22.4
0619 21.6
0619 24.6
0620 23.0
0620 25.0
0621 23.4
0621 22.6
0622 20.4
0622 24.0
0623 24.2
0623 24.0
0624 23.4
0624 25.2
0625 28.8
0625 32.4
0626 24.2
0626 23.4
0627 21.4
0627 21.8
0628 21.2
0628 22.2
0629 22.8
0629 25.4
0630 27.0
0630 23.8
0701 19.0
0701 25.6
0702 22.4
0702 26.0
0703 23.6
0703 24.6
0704 22.6
0704 21.2
0705 21.4
0705 20.6
0706 20.0
0706 18.2
0707 19.4
0707 20.8
0708 21.6
0708 23.4
0709 22.6
0709 24.2
0710 24.0
0710 25.2
0711 24.0
0711 23.6
0712 23.8
0712 27.6
0713 26.0
0713 30.4
0714 26.6
0714 29.2
0715 26.2
0715 26.0
0716 26.0
0716 25.6
0717 25.2
0717 25.4
0718 25.0
0718 25.8
0719 25.4
0719 25.2
0720 26.2
0720 27.0
0721 25.8
0721 27.2
0722 26.6
0722 26.8
0723 27.4
0723 26.8
0724 27.4
0724 30.6
0725 28.8
0725 28.6
0726 28.0
0726 30.4
0727 30.6
0727 33.0
0728 31.8
0728 34.0
0729 31.0
0729 33.4
0730 29.0
0730 33.6
0731 31.2
0731 34.2
0801 30.8
0801 29.0
0802 31.0
0802 34.2
0803 30.8
0803 34.6
0804 30.4
0804 34.0
0805 30.0
0805 32.2
0806 28.6
0806 29.6
0807 29.0
0807 29.0
0808 29.0
0808 28.4
0809 28.2
0809 28.2
0810 27.6
0810 27.8
0811 25.4
0811 25.8
0812 24.0
0812 27.6
0813 25.4
0813 27.4
0814 26.4
0814 28.2
0815 26.4
0815 27.4
0816 26.0
0816 27.0
0817 26.0
0817 26.6
0818 26.6
0818 26.8
0819 26.4
0819 27.8
0820 28.2
0820 27.0
0821 25.4
0821 25.4
0822 24.0
0823 23.4
0823 26.8
0824 25.0
0824 24.2
0825 22.8
0825 25.8
0826 23.8
0826 27.0
0827 25.2
0827 26.4
0828 24.4
0828 26.2
0829 25.8
0829 26.0
0830 24.4
0830 26.2
0831 25.2
0831 26.2
0901 24.8
0901 26.8
0902 25.4
0902 27.4
0903 24.4
0903 28.0
0904 25.6
0904 26.8
0905 25.8
0905 26.0
0906 23.6
0906 25.4
0907 24.0
0907 25.4
0908 24.6
0908 24.6
0909 24.4
0909 24.4
0910 22.4
0910 24.4
0911 23.0
0911 25.2
0912 21.8
0912 21.2
0913 21.6
0913 22.4
0914 21.2
0914 23.4
0915 20.8
0915 20.0
0916 20.4
0916 23.0
0917 22.4
0917 23.6
0918 20.4
0918 24.2
0919 23.0
0919 23.4
0920 22.6
0920 23.0
0921 21.6
0921 23.2
0922 24.0
0922 23.0
0923 22.0
0923 22.6
0924 22.8
0924 24.0
0925 23.4
0925 24.0
0926 23.0
0926 23.6
0927 22.8
0927 22.8
0928 22.8
0928 22.8
0929 22.6
0929 22.4
0930 25.6
0930 27.2
1001 23.8
1001 20.4
1002 16.8
1002 18.6
1003 18.4
1003 22.8
1004 21.8
1004 20.0
1005 19.6
1005 19.2
1006 21.2
1006 21.8
1007 21.4
1007 22.6
1008 18.8
1008 20.2
1009 17.8
1009 19.8
1010 15.4
1010 21.0
1011 14.0
1011 17.4
1012 12.4
1012 16.6
1013 12.6
1013 19.6
1014 15.6
1014 19.6
1015 15.6
1015 21.0
1016 16.4
1016 19.6
1017 16.6
1017 19.8
1018 16.6
1018 20.2
1019 16.0
1019 20.2
1020 20.4
1020 20.6
1021 19.6
1021 20.6
1022 20.6
1022 21.0
1023 20.0
1023 21.2
1024 19.2
1024 21.0
1025 20.2
1025 19.6
1026 18.8
1026 22.6
1027 16.2
1027 16.4
1028 12.2
1028 17.2
1029 15.4
1029 15.0
1030 17.0
1030 15.8
1031 14.6
1031 15.8
1101 13.4
1101 12.6
1102 10.2
1102 11.6
1103 8.2
1103 16.4
1104 14.6
1104 18.6
1105 18.6
1105 20.6
1106 20.8
1106 22.8
1107 22.4
1107 15.6
1108 13.2
1108 13.8
1109 12.0
1109 12.8
1110 9.6
1110 14.0
1111 14.4
1111 15.8
1112 15.2
1112 15.2
1113 15.2
1113 14.4
1114 12.6
1114 13.2
1115 9.6
1115 16.0
1116 18.6
1116 17.2
1117 14.4
1117 16.2
1118 16.2
1118 14.6
1119 13.8
1119 13.8
1120 13.8
1120 15.4
1121 16.0
1121 16.2
1122 16.2
1122 18.0
1123 17.2
1123 15.8
1124 13.8
1124 13.0
1125 8.0
1125 4.8
1126 0.6
1126 1.4
1127 -2.1
1127 4.0
1128 4.2
1128 11.4
1129 9.2
1129 9.4
1130 6.6
1130 11.4
1201 10.0
1201 16.0
1202 14.0
1202 10.2
1203 3.6
1203 8.4
1204 3.2
1204 4.8
1205 5.8
1205 4.4
1206 4.2
1206 5.8
1207 2.0
1207 10.2
1208 3.8
1208 10.6
1209 11.2
1209 13.0
1210 12.2
1210 11.6
1211 10.6
1211 7.8
1212 3.6
1212 9.0
1213 8.8
1213 7.8
1214 7.0
1214 7.0
1215 5.8
1215 7.6
1216 3.0
1216 3.6
1217 -0.3
1217 2.0
1218 0.6
1218 5.2
1219 2.4
1219 9.2
1220 9.4
1220 9.0
1221 5.6
1221 7.6
1222 8.2
1222 13.2
1223 8.4
1223 9.8
1224 10.2
1224 9.0
1225 5.8
1225 6.6
1226 1.2
1226 6.6
1227 7.6
1227 7.0
1228 4.0
1228 4.6
1229 4.0
1229 6.6
1230 1.2
1230 7.8
1231 3.8
1231 5.8
