pressure:
[1009.98507463  959.9137931   775.6097561   540.          442.68656716
  279.88304094  209.13414634  148.45070423  102.51898734   72.52941176
   58.           48.47540984   21.89115646]
[989.         925.         775.           0.         438.33333333
 275.         200.         150.         108.5         79.5
  50.           0.          25.        ]
[1005.          962.5         775.            0.          450.
  277.66666667  200.          165.          100.            0.
   70.           50.           25.        ]
[998. 925. 775.   0. 450. 300. 231. 150.   0. 100.  70.  50.  20.]
[978. 925. 775.   0. 450. 300. 228. 150. 123. 100.  70.  50.  25.]
[987.  925.  850.  700.  450.  300.  250.  191.5 150.  100.   70.   50.
  25. ]
[988.  925.  850.  700.  450.  300.  233.5 200.  136.  100.    0.    0.
   0. ]
[997.  925.  775.    0.  450.  300.  234.  150.    0.   95.5  70.   50.
  25. ]
[1001.          925.          850.          700.          450.
  300.          221.66666667  175.            0.          100.
   70.           50.           25.        ]
[1013.    962.5   850.    700.    450.    300.    224.75  150.    106.
  100.     70.     50.      0.  ]
[1002.   925.   775.     0.   450.   294.5  200.   150.   100.    95.
   70.    50.    30. ]
[982.         925.         775.           0.         450.
 294.66666667 200.         150.         100.          70.
  50.          38.          25.        ]
temperature:
[-22.10447761 -18.36206897 -20.43902439 -39.6        -41.8880597
 -57.42105263 -57.41463415 -54.29577465 -54.21518987 -53.86764706
 -53.45454545 -51.40983607 -46.25170068]
[ -6.          -8.         -13.5          0.         -44.66666667
 -51.5        -53.         -55.         -54.         -56.5
 -56.           0.         -46.5       ]
[ -2.          -3.5        -14.           0.         -38.5
 -56.33333333 -53.         -53.         -53.           0.
 -54.         -55.         -49.5       ]
[ 11.           7.          -3.5          0.         -28.
 -49.         -55.         -50.           0.         -50.
 -53.         -53.         -50.66666667]
[ 29.          25.          13.5          0.         -22.
 -43.         -54.33333333 -52.         -54.         -53.
 -56.         -55.         -51.        ]
[ 21.  20.  14.   7. -12. -34. -45. -60. -56. -56. -58. -54. -50.]
[ 27.   24.   17.    9.  -12.5 -34.  -46.5 -50.  -56.  -59.    0.    0.
   0. ]
[ 13.    9.    0.    0.  -25.5 -45.  -47.  -47.    0.  -53.  -51.  -51.
 -48.5]
[ 13.   15.    9.    2.  -20.5 -43.  -55.  -58.    0.  -55.  -55.  -56.
 -50. ]
[  5.     5.5    0.    -8.   -28.5  -48.   -59.75 -58.   -60.   -60.
 -59.   -58.     0.  ]
[ -6.    -6.   -14.     0.   -37.5  -55.75 -57.   -53.   -54.   -56.
 -50.   -51.   -49.  ]
[-10. -11. -19.   0. -46. -53. -50. -52. -52. -49. -45. -40. -36.]
dewpoint:
[-26.41791045 -23.48275862 -31.03252033 -47.2        -52.55223881
 -47.18128655 -25.58536585 -29.70422535 -31.41772152 -33.64705882
 -24.21212121 -26.62295082 -26.82312925]
[ -8.   -9.  -15.5   0.  -48.  -57.  -59.  -61.  -61.  -63.  -63.    0.
 -55.5]
[ -6.          -8.         -35.5          0.         -58.
 -72.33333333 -70.         -70.5        -71.           0.
 -72.         -73.         -69.        ]
[  5.           1.          -7.5          0.         -36.5
 -62.         -67.33333333 -64.           0.         -65.
 -68.         -68.         -66.        ]
[  0.   -1.   -7.5   0.  -32.5 -56.  -64.  -65.  -68.  -67.  -70.  -70.
 -67. ]
[ 20.  18.  13.   5. -29. -39. -50. -32.   0.   0.   0.   0.   0.]
[ 22.   18.   16.    1.  -17.  -40.  -50.5 -59.  -68.  -71.    0.    0.
   0. ]
[  9.           6.          -3.           0.         -35.5
 -55.         -60.33333333 -68.           0.         -74.
 -72.         -72.         -71.        ]
[ 10.           8.           6.         -22.         -36.
 -59.         -69.33333333 -72.           0.         -70.
 -70.         -71.         -66.        ]
[ -2.   -7.  -29.  -45.  -54.  -67.  -18.5   0.    0.    0.    0.    0.
   0. ]
[-13.5 -23.  -29.    0.  -46.  -62.  -64.  -61.  -64.  -66.  -60.  -62.
 -60. ]
[-13.         -13.         -21.5          0.         -53.
 -65.66666667 -65.         -67.         -68.         -66.
 -63.         -60.         -58.        ]
