pressure:
[1009.          962.5         775.            0.          427.
  274.33333333  200.          150.          107.            0.
   70.           50.           25.        ]
[1011.    962.5   775.      0.    450.    270.25  200.    149.5   100.
    0.     70.     50.     25.  ]
[999.         925.         775.           0.         450.
 278.5        232.66666667 150.         100.           0.
  70.          50.          25.        ]
[988. 925. 850. 700. 450. 300. 220. 150.   0. 100.  70.  50.  25.]
[988.  925.  850.  700.  450.  300.  227.5 175.    0.  100.   70.   50.
  25. ]
[992. 925. 850. 700. 450. 300. 250. 174.   0. 100.  70.  50.  20.]
[991. 925. 850. 700. 500. 350. 250. 200. 145. 100.  70.  50.  25.]
[999. 925. 850. 700. 450. 300. 250. 182.   0. 100.  70.  50.  25.]
[1007.          962.5         850.          700.          450.
  305.          225.66666667  150.            0.           90.5
   70.           50.           25.        ]
[1005.          962.5         850.          700.          450.
  300.          234.33333333  170.            0.          100.
   70.           50.           25.        ]
[998.         925.         775.           0.         450.
 275.         209.66666667 150.         112.           0.
  70.          50.          20.        ]
[1005.          962.5         775.            0.          450.
  276.66666667  200.          150.          100.           70.
   58.           50.           20.        ]
temperature:
[-17.         -14.5        -22.5          0.         -38.66666667
 -55.66666667 -48.         -46.         -48.5          0.
 -44.         -49.         -49.        ]
[ -7.    -9.5  -19.     0.   -39.5  -56.75 -55.   -54.   -48.     0.
 -48.   -47.   -50.  ]
[  8.    5.   -5.5   0.  -34.5 -58.  -57.  -53.  -53.    0.  -53.  -54.
 -51.5]
[ 23.          22.          15.           2.         -22.
 -46.         -60.33333333 -60.           0.         -58.
 -59.         -56.         -52.5       ]
[ 31.   29.   23.   10.  -19.  -42.  -56.  -58.5   0.  -59.  -59.  -57.
 -51. ]
[ 27.          24.          20.           6.         -17.
 -38.         -48.         -58.66666667   0.         -56.
 -57.         -52.         -41.66666667]
[ 26.  23.  20.  12.  -4. -26. -45. -49. -59. -61. -63. -56. -49.]
[ 22.          20.          15.           3.         -19.
 -41.         -51.         -57.66666667   0.         -57.
 -54.         -55.         -51.        ]
[  6.           6.          -2.          -6.         -25.5
 -46.         -57.33333333 -53.           0.         -55.
 -55.         -54.         -48.5       ]
[  2.    2.5   3.   -4.  -24.  -45.  -59.  -63.5   0.  -59.  -60.  -58.
 -50.5]
[ -9.         -14.         -13.5          0.         -36.5
 -51.5        -54.         -51.         -54.           0.
 -55.         -53.         -48.33333333]
[-16.         -17.         -23.           0.         -43.5
 -58.         -52.         -50.         -48.         -46.
 -48.         -47.         -44.66666667]
dewpoint:
[-22.         -23.         -36.5          0.         -55.66666667
 -69.66666667 -63.         -62.         -64.5          0.
 -61.         -66.         -66.        ]
[-13.   -16.5  -32.5    0.   -47.5  -69.75 -68.   -68.   -63.     0.
 -64.   -64.   -67.  ]
[-11.  -18.  -18.    0.  -46.  -32.5   0.    0.    0.    0.    0.    0.
   0. ]
[ -4.         -11.         -12.         -18.         -47.
 -66.         -24.33333333   0.           0.           0.
   0.           0.           0.        ]
[ 12.    8.    5.   -8.  -29.  -55.  -32.5   0.    0.    0.    0.    0.
   0. ]
[ 18.  15.   0.  -2. -47. -56. -65. -24.   0.   0.   0.   0.   0.]
[ 19.   16.    1.   -5.  -21.  -58.5 -69.  -73.  -40.5   0.    0.    0.
   0. ]
[ 20.   11.    3.   -7.  -45.  -50.  -61.  -67.    0.  -68.  -66.  -68.
 -65.5]
[ -7.         -10.         -13.         -42.         -46.
 -64.         -73.66666667 -70.           0.         -72.
 -72.         -71.         -67.        ]
[  0.         -14.5          1.          -6.         -38.
 -60.         -46.33333333   0.           0.           0.
   0.           0.           0.        ]
[-17.         -17.         -15.           0.         -39.5
 -64.5        -67.66666667 -67.         -69.5          0.
 -71.         -70.         -68.33333333]
[-19.         -20.         -27.5          0.         -57.5
 -23.33333333   0.           0.           0.           0.
   0.           0.           0.        ]
