pressure:
[1018.          962.5         775.            0.          450.
  277.          200.          150.          100.            0.
   67.5          50.           25.66666667]
[1000.5         925.          775.            0.          450.
  271.66666667  214.          150.          111.5           0.
   70.           50.           25.        ]
[1006.   962.5  775.     0.   450.   305.5  225.   155.   100.     0.
   68.    50.    25. ]
[998.  925.  850.  700.  450.  300.  227.  156.5   0.  100.   70.   50.
  25. ]
[979.         925.         775.         544.         450.
 300.         215.66666667 150.           0.         100.
  70.          50.          30.        ]
[980. 925. 775.   0. 450. 300. 237. 150. 142. 100.  70.  50.  25.]
[995. 925. 850. 700. 450. 300. 233. 200. 150. 100.  70.  50.  25.]
[1000.   925.   850.   700.   450.   300.   239.5  175.   138.   100.
   70.    50.    25. ]
[995.  925.  850.  700.  450.  300.  222.  171.5   0.   99.   70.   50.
  25. ]
[1009.          962.5         850.          700.          450.
  300.          221.66666667  150.            0.          100.
   70.           50.           25.        ]
[1012.          962.5         775.            0.          450.
  275.33333333  221.          150.          100.           70.
    0.           50.           24.33333333]
[1013.   962.5  775.     0.   450.   283.   200.   148.   100.     0.
   70.    50.    25. ]
temperature:
[-13.         -12.         -16.           0.         -39.
 -57.66666667 -53.         -53.         -55.           0.
 -61.         -58.         -54.66666667]
[ -3.          -8.         -14.5          0.         -38.
 -51.66666667 -51.         -51.         -55.           0.
 -55.         -55.         -52.5       ]
[  2.    1.  -10.    0.  -33.  -51.5 -52.5 -56.  -59.    0.  -60.5 -56.
 -50.5]
[ 18.          14.          11.           0.         -21.
 -40.         -55.66666667 -66.           0.         -63.
 -60.         -60.         -53.        ]
[ 15.   17.    6.  -11.  -20.5 -43.  -60.  -51.    0.  -50.  -56.  -53.
 -51. ]
[ 21.   19.    5.    0.  -22.  -45.  -48.  -47.  -48.  -51.  -52.  -51.
 -46.5]
[ 24.   21.   17.    6.  -15.  -34.  -48.5 -50.  -54.  -58.  -58.  -56.
 -48.5]
[ 19.   17.   13.    3.  -18.5 -41.  -52.  -53.5 -56.  -58.  -57.  -54.
 -50. ]
[ 14.   13.    7.    0.  -20.  -42.  -55.  -58.5   0.  -61.  -58.  -55.
 -51. ]
[  2.           2.5          0.          -6.         -27.5
 -48.         -58.66666667 -57.           0.         -59.
 -58.         -57.         -50.5       ]
[ -8.         -10.         -16.           0.         -34.
 -56.         -58.         -57.         -59.         -60.
   0.         -57.         -40.33333333]
[-12.         -10.5        -13.           0.         -38.
 -58.33333333 -55.         -54.5        -55.           0.
 -53.         -50.         -40.5       ]
dewpoint:
[-16.         -17.5        -23.5          0.         -54.
 -70.66666667 -67.         -67.         -69.           0.
   0.           0.           0.        ]
[ -7.          -9.         -16.           0.         -40.5
 -61.66666667 -64.         -66.         -70.           0.
 -70.         -70.         -68.        ]
[-12.  -15.5 -26.    0.  -50.5 -66.5 -67.5 -71.  -73.    0.    0.    0.
   0. ]
[ -6. -10. -23. -15. -27. -47. -20.   0.   0.   0.   0.   0.   0.]
[ 15.           7.           0.         -13.         -23.
 -47.         -19.33333333   0.           0.           0.
   0.           0.           0.        ]
[ 11.           7.          -1.           0.         -24.5
 -52.         -57.66666667 -64.         -65.         -68.
 -69.         -68.         -64.        ]
[ 20.   11.    1.  -28.  -48.5 -62.  -71.5 -72.  -76.  -80.  -80.  -78.
 -72.5]
[ 18.   14.   10.    0.  -29.5 -48.  -61.  -64.  -67.  -70.  -69.  -67.
 -64.5]
[  3.   2.   1.  -3. -28. -46. -60.   0.   0.   0.   0.   0.   0.]
[-10.         -11.         -21.         -26.         -43.5
 -63.         -23.66666667   0.           0.           0.
   0.           0.           0.        ]
[-11. -12. -31.   0. -53. -71. -37.   0.   0.   0.   0.   0.   0.]
[-16.         -14.         -25.5          0.         -43.5
 -64.66666667 -64.         -66.5        -67.           0.
 -66.         -64.         -58.5       ]
