pressure:
[1017.          962.5         775.            0.          450.
  282.33333333  200.          150.          100.           79.5
   50.           37.           25.        ]
[1011.          962.5         775.            0.          428.66666667
  275.          212.          150.          100.           70.
   50.            0.           25.        ]
[992.         925.         775.           0.         450.
 300.         215.66666667 150.         100.           0.
  70.          50.          25.        ]
[991.  925.  775.    0.  450.  300.  236.5 150.    0.  100.   70.   50.
  25. ]
[995. 925. 850. 700. 450. 283. 225. 150. 135. 100.  70.  50.  25.]
[987. 925. 775.   0. 450. 300. 250. 175.   0. 100.  70.  50.  25.]
[996. 925. 850. 700. 500. 350. 250. 200.   0.   0.   0.   0.   0.]
[974.  925.  775.    0.  450.  286.  250.  200.  150.  102.5  70.   50.
  25. ]
[997.         925.         850.         700.         450.
 300.         232.66666667 166.5          0.          95.5
  70.          50.          25.        ]
[1015.   962.5  775.     0.   450.   272.   200.   144.   100.    80.
   70.    50.    25. ]
[996.         925.         775.           0.         450.
 296.66666667 200.         150.         113.33333333  70.
   0.          50.          25.33333333]
[1009.   962.5  775.     0.   450.   307.5  225.   160.   100.     0.
   70.    50.    30. ]
temperature:
[-20.         -20.         -23.5          0.         -42.
 -56.66666667 -57.         -58.         -62.         -64.5
 -66.         -59.         -50.5       ]
[-13.         -12.         -21.5          0.         -36.66666667
 -59.         -63.         -58.         -59.         -58.
 -56.           0.         -56.5       ]
[  8.          11.           1.5          0.         -28.
 -49.         -64.66666667 -62.         -58.           0.
 -60.         -53.         -50.        ]
[ 14.   12.    0.    0.  -26.  -50.  -57.5 -57.    0.  -56.  -54.  -54.
 -51.5]
[ 19.   16.    9.   -1.  -25.  -50.  -51.5 -52.  -54.  -54.  -54.  -56.
 -48.5]
[ 19.   15.    8.    0.  -16.  -38.  -48.  -56.5   0.  -56.  -53.  -53.
 -50.5]
[ 25.   23.   17.    8.   -6.  -25.5 -43.  -52.    0.    0.    0.    0.
   0. ]
[ 21.   18.    9.5   0.  -16.  -39.  -37.  -38.  -49.  -57.  -58.  -56.
 -52.5]
[ 15.   15.    9.   -4.  -22.5 -46.  -54.  -50.    0.  -58.  -60.  -60.
 -52. ]
[ -7.          -8.5        -18.           0.         -38.5
 -56.66666667 -52.         -52.         -52.         -53.
 -51.         -52.         -47.5       ]
[  0.          -4.         -12.5          0.         -39.
 -53.         -53.         -53.         -55.33333333 -60.
   0.         -59.         -44.        ]
[-11.   -8.  -11.5   0.  -35.5 -53.  -54.  -54.  -57.    0.  -56.  -55.
 -50. ]
dewpoint:
[-26.         -26.         -30.5          0.         -53.
 -66.66666667 -67.         -68.           0.           0.
   0.           0.           0.        ]
[-20.         -22.5        -32.5          0.         -42.66666667
 -30.5          0.           0.           0.           0.
   0.           0.           0.        ]
[ -4.   -7.  -14.    0.  -32.5 -55.    0.    0.    0.    0.    0.    0.
   0. ]
[ -1.    -6.   -10.     0.   -53.5  -60.   -49.75   0.     0.     0.
   0.     0.     0.  ]
[  7.    3.    2.  -18.  -32.  -56.5 -62.5 -67.  -69.  -69.  -70.  -72.
 -66. ]
[ 17.   14.    6.    0.  -21.  -46.  -57.  -33.5   0.    0.    0.    0.
   0. ]
[ 22.  17.  14.  -8. -22. -41. -46. -60.   0.   0.   0.   0.   0.]
[ 19.   17.    7.    0.  -20.5 -46.5 -60.  -70.  -78.  -83.5 -84.  -83.
 -80. ]
[  4.          -3.          -7.         -12.         -48.5
 -64.         -71.33333333 -68.5          0.         -76.
   0.           0.           0.        ]
[-16.         -19.5        -28.           0.         -52.
 -68.66666667 -65.         -65.         -65.         -66.
 -65.         -66.         -62.5       ]
[ -2.          -6.         -14.           0.         -42.5
 -60.33333333 -66.         -68.         -70.33333333   0.
   0.           0.           0.        ]
[-12.  -13.5 -25.5   0.  -49.  -64.  -66.  -67.  -70.    0.  -69.  -68.
 -64. ]
