pressure:
[1006.    962.5   775.      0.    450.    309.25  200.    150.    107.
   70.      0.     50.     30.  ]
[1000.5  925.   775.     0.   450.   279.   200.   150.   105.     0.
   70.    50.    25. ]
[1005.          962.5         775.            0.          450.
  276.33333333  200.          150.          100.            0.
   70.           50.           25.        ]
[997.  925.  775.    0.  450.  291.  234.  150.    0.  100.   68.5  50.
  30. ]
[987.  925.  775.    0.  450.  311.5 225.  150.  130.  100.   70.   50.
  25. ]
[987.         925.         850.         700.         450.
 300.         250.         171.66666667   0.         100.5
  70.          50.          25.        ]
[993.  925.  850.  700.  450.  300.  248.5 202.  150.  102.   70.   50.
  25. ]
[997.  925.  850.  700.  450.  300.  230.  150.    0.   98.5  70.   50.
  25. ]
[999.   925.   850.   700.   450.   300.   223.25 150.     0.   100.
  70.    50.    25.  ]
[995.         925.         775.           0.         450.
 294.5        231.66666667 150.         100.           0.
  70.          48.5         25.        ]
[1012.   962.5  775.     0.   420.   275.   200.   141.   100.     0.
   68.    50.    25. ]
[1011.   962.5  775.     0.   450.   297.   200.   150.   100.    70.
    0.    50.    30. ]
temperature:
[-13.   -12.   -23.     0.   -42.   -50.75 -53.   -54.   -54.5  -54.
   0.   -53.   -49.  ]
[  0.          -2.         -14.           0.         -43.
 -55.66666667 -50.         -51.         -53.5          0.
 -52.         -53.         -53.5       ]
[  0.           1.5        -10.5          0.         -37.
 -52.66666667 -52.         -53.         -58.           0.
 -58.         -57.         -51.5       ]
[ 14.          10.          -2.5          0.         -29.5
 -52.5        -57.33333333 -51.           0.         -53.
 -56.5        -58.         -52.        ]
[ 16.   14.    0.    0.  -30.  -45.5 -46.5 -47.  -51.  -52.  -54.  -51.
 -48.5]
[ 24.   21.   16.    6.  -14.5 -36.  -44.  -57.    0.  -60.  -56.  -54.
 -48. ]
[ 26.   23.   17.    5.  -15.5 -36.  -45.5 -54.  -52.  -59.  -57.  -57.
 -51. ]
[ 17.          14.           8.           1.         -22.5
 -43.         -52.33333333 -51.           0.         -55.
 -53.         -55.         -50.        ]
[ 10.    10.     6.     0.   -24.5  -46.   -57.75 -54.     0.   -55.
 -53.   -53.   -49.  ]
[  7.           7.          -4.           0.         -31.
 -51.5        -56.33333333 -53.         -56.           0.
 -55.         -53.         -51.5       ]
[-16.         -17.         -25.5          0.         -48.66666667
 -50.         -46.         -47.5        -51.           0.
 -53.5        -56.         -54.5       ]
[-16.         -14.         -20.5          0.         -44.
 -52.66666667 -53.         -54.         -57.         -56.
   0.         -53.         -47.        ]
dewpoint:
[-18.   -20.   -33.5    0.   -51.5  -64.75 -68.   -69.   -69.5  -69.
   0.   -69.   -65.  ]
[ -5.   -8.  -21.    0.  -58.  -69.  -64.  -66.  -68.5   0.  -67.  -68.
 -68.5]
[ -1.          -3.5        -17.           0.         -59.5
 -72.33333333 -72.         -73.         -77.           0.
 -77.         -76.         -72.        ]
[ -4.   -8.  -16.    0.  -55.  -72.  -76.  -71.    0.  -73.  -76.5 -78.
 -72. ]
[  5.   -2.   -9.    0.  -40.  -59.  -63.5 -66.  -69.  -70.  -72.  -69.
 -67.5]
[ 21.   15.   15.   -2.  -31.5 -39.  -50.  -20.    0.    0.    0.    0.
   0. ]
[ 16.   14.   14.    2.  -41.  -45.  -58.5 -67.  -66.  -73.  -72.  -72.
 -67.5]
[ 11.           5.           5.         -11.         -35.
 -57.         -64.33333333 -64.           0.         -68.
 -66.         -68.         -64.5       ]
[ -1. -15. -24. -11. -28. -52. -15.   0.   0.   0.   0.   0.   0.]
[-14.         -20.         -19.           0.         -41.5
 -66.5        -70.66666667 -70.         -72.           0.
 -72.         -70.         -68.5       ]
[-29.  -30.  -35.5   0.  -58.  -60.5 -59.  -60.5 -64.    0.  -66.5 -69.
 -67.5]
[-19.  -20.  -29.5   0.  -54.5 -63.  -64.  -65.  -68.  -68.    0.  -65.
 -60. ]
