pressure:
[1013.   962.5  775.     0.   450.   277.   200.   150.   100.    70.
    0.    50.    25. ]
[988.         925.         775.           0.         450.
 279.66666667 200.         150.         100.           0.
  70.          50.           0.        ]
[999.  925.  775.    0.  450.  293.  225.  150.    0.   87.5  70.   50.
  25. ]
[1000.5         925.          850.          700.          450.
  287.5         232.66666667  148.5           0.          100.
   70.           50.            0.        ]
[995. 925. 850. 700. 450. 300. 250. 179.   0. 100.  70.  50.  25.]
[992.         925.         850.         700.         450.
 300.         250.         181.66666667   0.         100.
  70.          50.          25.        ]
[991.         925.         850.         700.         500.
 337.33333333 250.         200.         150.          97.
  70.          50.          25.        ]
[1000.5  925.   850.   700.   450.   300.   250.     0.     0.     0.
    0.     0.     0. ]
[991.  925.  775.    0.  450.  297.5 225.  150.  134.  100.   70.   50.
  30. ]
[1007.          962.5         850.          700.          450.
  300.          215.66666667  150.            0.          100.
   70.           50.           25.        ]
[1006.   962.5  775.     0.   450.   274.   211.5  150.   100.    70.
    0.    46.    30. ]
[1024.   962.5  775.     0.   450.   271.   200.   150.   100.     0.
    0.     0.     0. ]
temperature:
[-17.         -16.         -21.5          0.         -42.5
 -59.33333333 -55.         -53.         -54.         -46.
   0.         -42.         -44.5       ]
[ -8.          -6.         -11.5          0.         -37.
 -55.33333333 -51.         -53.         -51.           0.
 -53.         -56.           0.        ]
[  8.    3.   -5.5   0.  -29.5 -54.  -53.5 -54.    0.  -55.5 -55.  -57.
 -54.5]
[ 15.          10.           4.         -10.         -30.
 -50.         -52.33333333 -54.           0.         -55.
 -55.         -55.           0.        ]
[ 24.          25.          18.           5.         -20.5
 -43.         -52.         -61.33333333   0.         -57.
 -55.         -57.         -48.        ]
[ 27.   24.   17.    5.  -17.  -39.  -49.  -56.    0.  -55.  -52.  -53.
 -47.5]
[ 25.   23.   16.   13.   -3.  -21.  -37.  -48.  -60.  -68.  -65.  -60.
 -49.5]
[ 21.  18.  12.   4. -16. -40. -50.   0.   0.   0.   0.   0.   0.]
[ 13.   13.    1.5   0.  -26.  -47.  -47.5 -51.  -53.  -54.  -56.  -57.
 -53. ]
[  3.           3.5          2.          -6.         -25.
 -47.         -60.66666667 -56.           0.         -59.
 -56.         -56.         -53.        ]
[ -8.          -8.5        -20.           0.         -40.
 -52.66666667 -52.         -53.         -55.         -55.
   0.         -53.         -51.        ]
[-17.  -15.  -17.5   0.  -43.5 -58.  -55.  -56.  -55.    0.    0.    0.
   0. ]
dewpoint:
[-24.         -25.         -33.           0.         -45.
 -20.66666667   0.           0.           0.           0.
   0.           0.           0.        ]
[-10.          -8.         -13.5          0.         -40.
 -61.33333333 -60.         -65.         -69.           0.
 -72.         -76.           0.        ]
[  3.    0.   -7.5   0.  -44.5 -60.  -64.  -67.    0.  -69.5 -69.  -71.
 -69.5]
[ -6.  -11.  -13.  -13.  -33.5 -60.5 -65.  -69.    0.  -70.  -70.  -71.
   0. ]
[ -2.  -11.  -11.  -17.  -40.5 -59.  -67.    0.    0.    0.    0.    0.
   0. ]
[ 16.          14.          13.          -4.         -36.5
 -57.         -65.         -71.33333333   0.         -71.
 -69.         -70.         -65.        ]
[ 20.          13.           8.         -35.         -46.
 -37.66666667 -55.         -65.           0.           0.
   0.           0.           0.        ]
[ 19.  14.   9. -20. -43. -60. -68.   0.   0.   0.   0.   0.   0.]
[ 10.  -2.  -5.   0. -32. -61. -62. -67. -68. -69. -71. -72. -69.]
[ -1.          -5.          -5.         -12.         -56.
 -70.         -25.66666667   0.           0.           0.
   0.           0.           0.        ]
[-18.         -18.5        -27.5          0.         -57.5
 -68.66666667 -68.         -69.         -71.         -71.
   0.         -69.5        -68.        ]
[-30.  -29.5 -39.    0.  -51.  -67.  -65.  -67.  -66.    0.    0.    0.
   0. ]
