pressure:
[1002.  925.  775.    0.  450.  298.  200.  150.  100.   70.   50.    0.
   30.]
[1001.   925.   775.     0.   450.   287.5  200.   150.   100.     0.
   65.    47.5   25. ]
[1001.5  925.   775.     0.   450.   296.   200.   150.   100.     0.
   70.    50.    30. ]
[987.  925.  775.    0.  450.  290.5 225.  147.5   0.  100.   70.   50.
  25. ]
[985. 925. 775.   0. 450. 298. 225. 150.   0.  88.  70.  50.  25.]
[988.         925.         775.           0.         450.
 300.         231.33333333 150.         139.         100.
  70.          50.          30.        ]
[986.  925.  850.  700.  450.  300.  257.5 200.  138.5 100.   70.   50.
  25. ]
[996.         925.         850.         700.         450.
 300.         221.66666667 150.           0.         100.
  70.          50.          25.        ]
[995.  925.  850.  700.  450.  300.  219.  150.    0.   94.5  70.   50.
  25. ]
[1001.  925.  775.    0.  437.  300.  221.  150.  127.  100.   70.   50.
   25.]
[1000.5         925.          775.            0.          450.
  301.33333333  200.          150.          100.            0.
   70.           50.           30.        ]
[1011.          962.5         775.            0.          426.66666667
  281.33333333  200.          150.          113.5           0.
   70.           50.           25.        ]
temperature:
[-12.5 -14.  -23.    0.  -42.  -58.5 -52.  -55.  -55.  -54.  -55.    0.
 -56. ]
[  0.5  -1.  -12.5   0.  -41.  -55.  -52.  -54.  -53.    0.  -47.  -52.
 -47.5]
[  0.5         -3.         -16.5          0.         -44.5
 -54.33333333 -50.         -51.         -50.           0.
 -46.         -47.         -47.        ]
[ 17.   13.    0.5   0.  -30.  -55.  -52.5 -51.5   0.  -53.  -57.  -51.
 -48. ]
[ 14.   12.    1.    0.  -29.  -52.5 -46.5 -47.    0.  -49.  -51.  -50.
 -49.5]
[ 17.   13.    5.5   0.  -19.  -41.  -49.  -49.  -50.  -51.  -56.  -53.
 -51. ]
[ 26.   24.   18.    8.  -13.5 -28.  -35.  -46.  -58.  -63.  -60.  -56.
 -50.5]
[ 21.          19.          12.           0.         -21.5
 -44.         -55.33333333 -52.           0.         -53.
 -53.         -53.         -50.5       ]
[ 24.          20.          17.           5.         -20.
 -44.         -58.33333333 -58.           0.         -57.5
 -58.         -59.         -53.5       ]
[  5.           3.          -8.5          0.         -29.66666667
 -45.         -52.33333333 -54.         -59.         -56.
 -53.         -54.         -52.5       ]
[ -3.          -8.         -16.5          0.         -34.
 -46.33333333 -54.         -53.         -49.           0.
 -48.         -54.         -52.        ]
[-19.         -19.5        -21.           0.         -41.66666667
 -52.         -47.         -46.         -52.           0.
 -52.         -49.         -49.        ]
dewpoint:
[-24.5 -28.  -30.5   0.  -48.    0.    0.    0.    0.    0.    0.    0.
   0. ]
[ -8.5 -12.  -18.5   0.  -51.5 -65.  -63.  -65.  -64.    0.  -60.  -65.
 -61. ]
[-13.5        -17.         -21.           0.         -52.
 -63.66666667 -62.         -64.         -64.           0.
 -61.         -63.         -63.        ]
[  6.    1.   -9.5   0.  -48.  -67.  -66.  -66.5   0.  -69.  -72.  -67.
 -64.5]
[  6.    0.   -5.5   0.  -34.  -58.5 -60.  -64.    0.  -67.  -69.  -68.
 -68. ]
[ 15.   12.    2.5   0.  -26.5 -57.  -64.  -66.  -67.  -68.  -72.  -70.
 -68. ]
[ 21.   15.   12.   -1.  -37.5 -56.  -61.  -69.  -38.5   0.    0.    0.
   0. ]
[ 13.           8.           8.          -8.         -34.
 -54.         -64.33333333 -63.           0.         -65.
 -66.         -66.         -64.5       ]
[ 12.           9.           2.          -5.         -39.5
 -63.         -23.66666667   0.           0.           0.
   0.           0.           0.        ]
[ -8.5 -12.  -20.    0.  -51.  -64.  -70.  -71.  -76.    0.    0.    0.
   0. ]
[ -7.         -11.         -24.5          0.         -54.
 -66.66666667 -73.         -72.         -69.           0.
 -68.         -73.         -72.        ]
[-26.         -26.5        -29.           0.         -57.33333333
 -66.66666667 -63.         -63.         -68.           0.
 -68.         -66.         -66.        ]
