0101 9.6
0101 12.6
0102 10.8
0102 11.8
0103 10.4
0103 6.6
0104 4.4
0104 3.6
0105 3.2
0105 4.4
0106 4.8
0106 7.6
0107 6.0
0107 9.6
0108 8.0
0108 9.4
0109 8.8
0109 10.4
0110 9.6
0110 9.4
0111 6.8
0111 7.6
0112 8.0
0112 8.6
0113 5.6
0113 9.4
0114 5.6
0114 13.8
0115 12.2
0115 13.6
0116 12.8
0116 17.0
0117 13.4
0117 12.0
0118 10.4
0118 11.4
0119 10.4
0119 17.2
0120 15.6
0120 18.4
0121 17.0
0121 21.0
0122 14.2
0122 14.6
0123 12.0
0123 14.4
0124 13.4
0124 13.6
0125 11.8
0125 14.2
0126 11.4
0126 13.4
0127 10.2
0127 15.8
0128 12.2
0128 15.6
0129 15.0
0129 19.4
0130 17.2
0130 19.2
0131 18.2
0131 19.8
0201 18.4
0201 21.2
0202 16.0
0202 22.2
0203 18.2
0203 22.2
0204 19.2
0204 20.2
0205 20.2
0205 23.2
0206 20.2
0206 22.0
0207 21.4
0207 23.2
0208 13.4
0208 8.6
0209 6.2
0209 8.6
0210 7.6
0210 8.4
0211 8.8
0211 11.0
0212 10.4
0212 11.0
0213 8.2
0213 10.0
0214 10.6
0214 14.6
0215 11.8
0215 12.8
0216 10.4
0216 11.0
0217 12.4
0217 19.4
0218 19.2
0218 21.6
0219 19.6
0219 13.0
0220 10.0
0220 9.2
0221 8.8
0221 10.0
0222 10.0
0222 13.8
0223 11.0
0223 17.6
0224 13.8
0224 19.8
0225 17.0
0225 18.4
0226 19.4
0226 22.2
0227 20.6
0227 23.0
0228 20.8
0228 23.2
0301 22.2
0301 25.4
0302 15.6
0302 11.4
0303 9.6
0303 13.6
0304 11.8
0304 15.6
0305 12.0
0305 19.8
0306 12.4
0306 21.8
0307 16.6
0307 22.0
0308 14.0
0308 23.4
0309 17.6
0309 22.8
0310 18.4
0310 23.6
0311 18.2
0311 23.4
0312 20.2
0312 22.8
0313 19.8
0313 24.4
0314 16.0
0314 20.2
0315 16.6
0315 19.2
0316 20.0
0316 22.8
0317 21.0
0317 22.4
0318 21.6
0318 19.6
0319 18.4
0319 24.6
0320 20.8
0320 25.4
0321 21.4
0321 25.4
0322 22.8
0322 25.4
0323 22.0
0323 26.0
0324 22.4
0324 26.4
0325 22.8
0325 25.8
0326 24.2
0326 20.6
0327 17.0
0327 18.8
0328 17.8
0328 20.0
0329 18.8
0329 21.0
0330 18.4
0330 18.8
0331 18.2
0331 18.8
0401 17.8
0401 19.6
0402 19.0
0402 21.8
0403 20.4
0403 23.8
0404 22.8
0404 25.4
0405 23.4
0405 27.8
0406 18.2
0406 18.6
0407 14.4
0407 18.0
0408 15.8
0408 16.2
0409 16.4
0409 18.0
0410 15.2
0410 16.8
0411 13.8
0411 15.0
0412 15.0
0412 16.4
0413 16.4
0413 18.8
0414 16.8
0414 22.8
0415 16.4
0415 24.4
0416 20.8
0416 25.4
0417 22.8
0417 26.0
0418 22.8
0418 27.2
0419 23.4
0419 28.2
0420 23.2
0420 29.4
0421 18.4
0421 17.6
0422 15.8
0422 22.4
0423 23.0
0423 26.2
0424 24.6
0424 27.2
0425 23.4
0425 23.0
0426 20.0
0426 22.4
0427 21.4
0427 25.4
0428 23.8
0428 26.8
0429 24.4
0429 26.2
0430 22.0
0430 24.0
0501 21.2
0501 22.8
0502 21.0
0502 21.4
0503 19.2
0503 20.4
0504 19.8
0504 22.0
0505 21.0
0505 23.0
0506 22.8
0506 24.6
0507 23.0
0507 23.4
0508 24.0
0508 25.0
0509 23.6
0509 27.6
0510 23.2
0510 24.8
0511 19.8
0511 24.6
0512 20.8
0512 27.4
0513 21.6
0513 28.6
0514 26.0
0514 28.6
0515 27.4
0515 29.8
0516 27.2
0516 27.6
0517 24.6
0517 27.4
0518 26.0
0518 30.6
0519 26.2
0519 24.0
0520 24.2
0520 26.0
0521 22.2
0521 26.0
0522 23.4
0522 28.6
0523 24.2
0523 30.4
0524 25.0
0524 26.8
0525 25.2
0525 27.2
0526 27.2
0526 28.8
0527 26.4
0527 30.0
0528 27.0
0528 30.2
0529 26.6
0529 24.4
0530 24.4
0530 24.4
0531 23.2
0531 26.8
0601 25.8
0601 29.4
0602 25.0
0602 27.6
0603 23.6
0603 29.0
0604 25.0
0604 27.6
0605 25.2
0605 27.4
0606 25.4
0606 28.0
0607 26.6
0607 29.0
0608 26.2
0608 29.0
0609 26.8
0609 30.2
0610 24.4
0610 22.8
0611 22.6
0611 25.4
0612 20.6
0612 27.6
0613 20.0
0613 27.6
0614 21.6
0614 30.4
0615 23.8
0615 28.8
0616 24.4
0616 26.6
0617 25.4
0617 29.0
0618 26.4
0618 30.4
0619 26.2
0619 31.6
0620 27.2
0620 31.8
0621 27.0
0621 31.2
0622 27.8
0622 31.8
0623 25.8
0623 25.6
0624 25.0
0624 26.2
0625 25.4
0625 26.0
0626 25.6
0626 28.2
0627 26.4
0627 26.2
0628 27.2
0628 28.8
0629 27.2
0629 30.0
0630 27.4
0630 30.4
0701 26.4
0701 31.4
0702 26.0
0702 25.0
0703 24.4
0703 28.8
0704 25.8
0704 29.6
0705 26.2
0705 29.8
0706 26.6
0706 30.0
0707 26.4
0707 29.0
0708 25.8
0708 26.4
0709 25.6
0709 27.4
0710 25.0
0710 27.2
0711 24.0
0711 29.0
0712 25.0
0712 30.2
0713 25.6
0713 31.8
0714 26.2
0714 29.0
0715 27.0
0715 27.0
0716 25.4
0716 28.4
0717 24.8
0717 28.8
0718 25.8
0718 28.6
0719 25.8
0719 30.6
0720 25.6
0720 27.4
0721 25.6
0721 27.2
0722 25.8
0722 26.2
0723 25.0
0723 25.8
0724 24.8
0724 30.0
0725 25.6
0725 29.4
0726 25.2
0726 25.2
0727 24.6
0727 25.8
0728 24.4
0728 25.4
0729 25.2
0729 24.4
0730 24.2
0730 28.2
0731 25.2
0731 31.2
0801 26.0
0801 31.2
0802 25.6
0802 30.8
0803 26.0
0803 23.4
0804 25.0
0804 26.4
0805 25.2
0805 28.2
0806 25.6
0806 29.6
0807 25.2
0807 25.0
0808 24.8
0808 26.4
0809 25.2
0809 27.2
0810 24.8
0810 29.2
0811 25.0
0811 31.0
0812 24.2
0812 31.2
0813 25.8
0813 31.0
0814 26.2
0814 28.4
0815 27.6
0815 25.6
0816 25.8
0816 29.6
0817 24.8
0817 23.8
0818 24.4
0818 26.8
0819 25.0
0819 26.0
0820 25.2
0820 28.4
0821 25.2
0821 29.8
0822 27.2
0822 28.4
0823 27.4
0823 28.6
0824 23.2
0824 27.4
0825 25.4
0825 25.8
0826 25.4
0826 30.2
0827 25.0
0827 30.6
0828 25.0
0828 30.6
0829 25.4
0829 30.8
0830 25.6
0830 30.8
0831 25.4
0831 27.2
0901 25.2
0901 24.4
0902 24.6
0902 25.2
0903 24.6
0903 26.0
0904 23.4
0904 22.8
0905 21.2
0905 22.4
0906 20.8
0906 22.2
0907 21.8
0907 24.4
0908 22.6
0908 28.2
0909 23.6
0909 28.4
0910 25.0
0910 29.8
0911 24.0
0911 24.8
0912 24.0
0912 25.8
0913 24.6
0913 28.4
0914 24.4
0914 29.0
0915 24.8
0915 27.8
0916 24.8
0916 27.8
0917 25.0
0917 28.0
0918 23.0
0918 28.0
0919 23.4
0919 29.0
0920 26.2
0920 29.8
0921 24.0
0921 31.0
0922 26.2
0922 30.6
0923 26.4
0923 25.4
0924 23.6
0924 26.0
0925 24.6
0925 23.2
0926 17.8
0926 18.4
0927 18.2
0927 24.6
0928 20.4
0928 24.2
0929 20.4
0929 25.6
0930 23.8
0930 25.0
1001 20.8
1001 23.2
1002 21.4
1002 27.4
1003 22.0
1003 26.2
1004 22.0
1004 25.2
1005 19.0
1005 25.6
1006 22.2
1006 25.0
1007 19.4
1007 26.0
1008 22.8
1008 27.2
1009 24.4
1009 26.0
1010 22.6
1010 27.0
1011 23.2
1011 26.2
1012 21.2
1012 27.4
1013 22.0
1013 27.8
1014 22.0
1014 29.0
1015 24.4
1015 26.4
1016 20.6
1016 22.6
1017 20.4
1017 17.8
1018 17.2
1018 17.0
1019 17.4
1019 19.8
1020 18.2
1020 21.4
1021 18.4
1021 22.0
1022 18.6
1022 24.0
1023 19.8
1023 24.0
1024 20.4
1024 21.8
1025 15.4
1025 22.2
1026 16.4
1026 20.2
1027 13.6
1027 21.4
1028 17.4
1028 22.4
1029 20.0
1029 22.0
1030 20.2
1030 25.6
1031 21.0
1031 25.2
1101 19.8
1101 25.2
1102 21.0
1102 23.2
1103 18.6
1103 23.2
1104 17.6
1104 23.8
1105 21.2
1105 22.2
1106 18.4
1106 24.4
1107 19.2
1107 25.4
1108 21.4
1108 25.8
1109 20.2
1109 27.2
1110 25.6
1110 22.4
1111 19.0
1111 17.6
1112 16.6
1112 17.4
1113 14.2
1113 17.4
1114 15.4
1114 17.8
1115 16.4
1115 20.0
1116 16.0
1116 20.6
1117 15.6
1117 18.8
1118 14.4
1118 20.2
1119 17.0
1119 18.8
1120 15.6
1120 14.8
1121 16.0
1121 18.0
1122 16.2
1122 19.2
1123 18.0
1123 18.8
1124 19.8
1124 18.4
1125 12.4
1125 16.4
1126 13.0
1126 18.0
1127 15.0
1127 15.2
1128 12.2
1128 15.0
1129 13.4
1129 14.2
1130 12.4
1130 16.8
1201 13.8
1201 17.0
1202 9.0
1202 16.6
1203 9.0
1203 17.4
1204 11.0
1204 17.4
1205 10.6
1205 16.8
1206 14.2
1206 16.4
1207 11.4
1207 16.6
1208 65.7
1208 25.0
1209 12.4
1209 19.4
1210 13.2
1210 17.0
1211 16.2
1211 13.6
1212 10.8
1212 11.6
1213 11.6
1213 13.6
1214 12.6
1214 12.2
1215 12.0
1215 11.6
1216 8.0
1216 7.6
1217 7.6
1217 10.6
1218 6.8
1218 9.8
1219 5.6
1219 8.8
1220 6.0
1220 10.0
1221 6.2
1221 10.4
1222 7.0
1222 10.4
1223 5.8
1223 12.0
1224 8.0
1224 12.4
1225 8.2
1225 11.8
1226 7.0
1226 13.6
1227 8.6
1227 10.2
1228 7.4
1228 10.4
1229 9.8
1229 10.6
1230 7.6
1230 12.8
1231 6.8
1231 14.6
0101 14.2
0102 8.0
0102 17.4
0103 14.4
0103 17.8
0104 13.6
0104 16.2
0105 8.0
0105 17.8
0106 16.2
0106 19.2
0107 18.0
0107 20.6
0108 12.8
0108 13.2
0109 11.0
0109 11.2
0110 10.4
0111 12.4
0111 11.8
0112 10.2
0112 11.4
0113 9.2
0113 8.4
0114 4.2
0114 11.4
0115 5.6
0115 11.8
0116 5.8
0116 14.4
0117 9.0
0117 15.4
0118 10.8
0118 14.8
0119 5.8
0119 15.4
0120 6.4
0120 15.2
0121 8.0
0121 14.2
0122 4.6
0122 11.6
0123 2.8
0123 15.0
0124 9.8
0124 17.6
0125 11.6
0125 14.8
0126 13.0
0126 18.2
0127 13.2
0127 18.6
0128 15.6
0128 19.2
0129 14.2
0129 19.6
0130 12.6
0130 20.8
0131 11.0
0131 20.2
0201 13.4
0201 19.6
0202 12.8
0202 20.8
0203 15.4
0203 21.8
0204 15.2
0204 21.6
0205 17.6
0205 20.8
0206 18.4
0206 21.4
0207 20.2
0207 12.0
0208 8.2
0208 9.0
0209 8.0
0209 8.6
0210 6.0
0210 5.8
0211 4.8
0211 7.2
0212 4.2
0212 4.6
0213 4.6
0213 7.4
0214 6.0
0214 9.2
0215 8.2
0215 8.2
0216 7.4
0216 9.2
0217 9.8
0217 10.6
0218 8.2
0218 9.4
0219 5.8
0219 7.6
0220 2.0
0220 14.4
0221 10.8
0221 14.4
0222 12.2
0222 11.4
0223 11.2
0223 12.4
0224 13.0
0224 18.2
0225 17.2
0225 20.0
0226 14.6
0226 16.8
0227 15.4
0227 19.4
0228 18.8
0228 20.8
0301 19.0
0301 18.0
0302 13.0
0302 11.8
0303 11.4
0303 12.0
0304 12.0
0304 -77.9
0305 14.8
0305 12.2
0306 13.0
0306 13.4
0307 12.2
0307 -75.5
0308 13.0
0309 12.0
0309 12.6
0310 10.6
0310 11.6
0311 11.8
0311 13.8
0312 15.6
0312 19.2
0313 17.8
0313 18.4
0314 16.2
0314 14.4
0315 11.6
0315 12.2
0316 12.4
0316 14.4
0317 14.2
0317 16.8
0318 18.8
0318 22.0
0320 20.6
0320 16.4
0321 12.4
0321 12.4
0322 11.4
0322 13.4
0323 12.4
0323 15.0
0324 15.0
0324 19.2
0325 18.8
0325 22.0
0326 19.2
0326 22.6
0327 19.0
0327 23.4
0328 20.8
0328 24.6
0329 22.0
0329 26.2
0330 23.6
0330 26.0
0331 23.2
0331 24.4
0401 20.4
0401 19.8
0402 18.2
0402 20.0
0403 19.0
0403 23.4
0404 19.8
0404 24.6
0405 20.2
0406 18.2
0406 22.8
0407 20.4
0407 21.6
0408 19.8
0408 24.0
0409 21.8
0409 23.8
0410 22.2
0410 24.2
0411 22.4
0411 25.4
0412 22.8
0412 25.6
0413 23.6
0413 26.6
0414 23.2
0414 26.6
0415 23.8
0415 23.4
0416 23.0
0416 25.0
0417 23.8
0417 26.2
0418 23.4
0418 26.2
0419 24.2
0419 26.4
0420 24.2
0420 26.6
0421 24.8
0421 27.8
0422 25.2
0422 18.6
0423 18.8
0423 23.2
0424 23.2
0424 27.0
0425 25.4
0425 27.6
0426 25.4
0426 24.0
0427 20.8
0427 21.6
0428 19.8
0428 23.4
0429 21.2
0429 19.4
0430 18.6
0430 22.2
0501 19.0
0501 25.6
0502 21.6
0502 25.2
0503 22.6
0503 25.4
0504 23.0
0504 22.0
0505 17.8
0505 19.2
0506 19.2
0506 20.6
0507 19.0
0507 22.4
0508 20.8
0508 25.8
0509 23.8
0509 29.0
0510 26.4
0510 29.0
0511 26.8
0511 26.0
0512 22.0
0512 28.0
0513 25.6
0513 28.8
0514 27.0
0514 30.0
0515 26.0
0515 23.8
0516 22.8
0516 29.8
0517 27.0
0517 30.0
0518 27.4
0518 27.6
0519 24.6
0519 30.4
0520 24.6
0520 30.2
0521 26.4
0521 30.0
0522 27.8
0522 30.0
0523 27.4
0523 31.2
0524 27.4
0524 31.4
0525 26.8
0525 30.8
0526 27.0
0526 31.6
0527 26.2
0527 26.0
0528 24.8
0528 30.8
0529 26.6
0529 28.0
0530 26.6
0530 31.0
0531 26.8
0531 30.4
0601 27.4
0601 30.6
0602 27.8
0602 31.6
0603 27.8
0603 31.2
0604 27.6
0604 27.6
0605 27.6
0605 24.0
0606 23.6
0606 25.4
0607 25.8
0607 29.4
0608 26.6
0608 27.2
0609 25.2
0609 26.2
0610 25.6
0610 27.8
0611 24.4
0611 26.0
0612 24.8
0612 28.2
0613 25.8
0613 27.4
0614 25.0
0614 31.0
0615 25.4
0615 31.8
0616 27.0
0616 28.8
0617 26.0
0617 25.2
0618 25.0
0618 27.0
0619 27.4
0619 28.2
0620 27.6
0620 28.8
0621 27.4
0621 28.2
0622 26.4
0622 28.2
0623 25.4
0623 25.0
0624 24.0
0624 27.4
0625 26.2
0625 29.4
0626 27.6
0626 30.6
0627 27.4
0627 28.8
0628 26.6
0628 31.4
0629 25.6
0629 27.2
0630 26.8
0630 27.8
0701 26.4
0701 28.4
0702 26.0
0702 26.6
0703 26.6
0703 29.2
0704 27.4
0704 29.2
0705 27.2
0705 25.8
0706 25.2
0706 26.8
0707 26.0
0707 29.6
0708 26.4
0708 32.6
0709 27.2
0709 31.4
0710 26.8
0710 30.4
0711 27.0
0711 27.2
0712 25.4
0712 30.0
0713 26.2
0713 28.4
0714 26.2
0714 28.8
0715 25.6
0715 29.4
0716 26.6
0716 27.8
0717 26.8
0717 32.0
0718 26.0
0718 31.4
0719 24.8
0719 25.6
0720 25.4
0720 26.4
0721 25.0
0721 30.2
0722 25.8
0722 27.4
0723 25.2
0723 33.0
0724 26.8
0724 30.6
0725 26.8
0725 24.0
0726 24.4
0726 25.6
0727 25.2
0727 25.2
0728 24.8
0728 26.2
0729 24.0
0729 30.0
0730 25.2
0730 30.6
0731 25.6
0731 32.2
0801 26.2
0801 32.4
0802 26.4
0802 33.2
0803 26.2
0803 32.2
0804 26.8
0804 31.4
0805 27.0
0805 26.8
0806 26.2
0806 29.0
0807 26.6
0807 29.2
0808 26.6
0808 28.0
0809 26.4
0809 28.8
0810 30.0
0811 27.6
0811 28.6
0812 27.6
0812 25.8
0813 24.8
0813 23.6
0814 23.0
0814 22.4
0815 22.4
0815 25.4
0816 24.2
0816 27.2
0817 24.6
0817 29.2
0818 26.4
0818 29.4
0819 27.0
0819 25.0
0820 23.8
0820 25.0
0821 24.0
0821 28.0
0822 25.2
0822 26.8
0823 25.6
0823 28.2
0824 25.6
0824 28.6
0825 25.6
0825 30.0
0826 25.4
0826 29.4
0827 24.8
0827 24.8
0828 24.6
0828 27.0
0829 24.4
0829 24.2
0830 24.2
0830 30.8
0831 25.2
0831 29.0
0901 24.8
0901 25.4
0902 25.0
0902 28.0
0903 25.0
0903 30.2
0904 26.2
0904 29.6
0905 25.6
0905 28.6
0906 25.0
0906 31.0
0907 24.8
0907 31.0
0908 26.2
0908 24.8
0909 25.2
0909 27.2
0910 26.0
0910 29.2
0911 25.2
0911 30.4
0912 25.4
0912 29.0
0913 25.4
0913 28.4
0914 26.4
0914 28.4
0915 26.6
0915 30.6
0916 27.6
0916 24.4
0917 25.4
0917 27.2
0918 25.6
0918 24.8
0919 24.4
0919 29.4
0920 23.6
0920 25.0
0921 23.4
0921 26.2
0922 26.0
0923 20.4
0923 26.8
0924 21.6
0924 27.4
0925 22.4
0925 28.2
0926 23.4
0926 28.2
0927 24.0
0927 28.4
0928 24.2
0928 29.0
0929 25.2
0929 29.6
0930 24.2
0930 28.6
1001 24.8
1001 27.2
1002 23.6
1002 29.4
1003 24.6
1003 27.8
1004 23.4
1004 29.2
1005 23.4
1005 26.2
1006 21.8
1006 25.6
1007 20.6
1007 25.4
1008 19.6
1008 25.2
1009 18.2
1009 25.6
1010 19.4
1010 25.0
1011 19.8
1011 25.0
1012 21.6
1012 25.6
1013 21.8
1013 23.4
1014 19.4
1014 23.0
1015 20.2
1015 24.0
1016 18.0
1016 26.0
1017 20.8
1017 26.0
1018 19.8
1018 25.8
1019 19.4
1019 25.4
1020 21.6
1020 24.8
1021 23.4
1021 25.2
1022 22.2
1022 24.0
1023 21.2
1023 22.8
1024 20.6
1024 24.6
1025 21.4
1025 24.4
1026 22.0
1026 26.8
1027 22.2
1027 27.4
1028 22.4
1028 24.6
1029 24.2
1029 24.2
1030 23.6
1030 25.6
1031 23.2
1031 26.6
1101 24.0
1101 27.6
1102 19.2
1102 18.6
1103 16.2
1103 16.8
1104 17.2
1104 20.6
1105 19.8
1105 19.6
1106 18.6
1106 17.4
1107 16.4
1107 16.0
1108 15.8
1108 18.2
1109 15.0
1109 16.0
1110 16.0
1110 16.8
1111 16.8
1111 17.2
1112 16.0
1112 18.2
1113 16.6
1113 18.6
1114 13.4
1114 19.2
1115 17.0
1115 19.0
1116 17.4
1116 17.4
1117 15.6
1117 16.0
1118 14.4
1118 17.0
1119 15.6
1119 18.2
1120 12.4
1120 18.6
1121 17.0
1121 21.6
1122 16.6
1122 22.0
1123 19.4
1123 23.2
1124 20.4
1124 23.8
1125 20.8
1125 18.6
1126 16.8
1126 20.2
1127 20.2
1127 22.6
1128 21.0
1128 24.4
1129 22.2
1129 24.2
1130 21.4
1130 24.2
1201 14.6
1201 17.4
1202 13.0
1202 12.2
1203 11.6
1203 12.8
1204 11.4
1204 13.6
1205 13.2
1205 14.2
1206 13.4
1206 11.4
1207 12.0
1207 13.4
1208 10.4
1208 15.0
1209 14.0
1209 14.2
1210 13.8
1210 13.0
1211 10.6
1211 12.0
1212 10.4
1212 11.2
1213 8.6
1213 12.0
1214 11.4
1214 15.2
1215 12.2
1215 13.0
1216 12.8
1216 12.0
1217 8.4
1217 10.8
1218 4.8
1218 12.4
1219 11.4
1219 14.0
1220 8.4
1220 14.2
1221 11.4
1221 13.4
1222 7.0
1222 12.4
1223 6.0
1223 16.6
1224 12.8
1224 17.8
1225 13.8
1225 15.2
1226 13.0
1226 12.0
1227 11.2
1227 11.4
1228 11.0
1228 12.6
1229 6.6
1229 14.6
1230 7.4
1230 15.2
1231 8.4
1231 17.0
