pressure:
[1021.14285714  955.22792023  814.56603774  636.55675676  457.99472296
  319.86080586  230.69747899  166.36363636  121.45138889   92.63207547
   65.5          46.8          22.61488673]
[1003.          942.5         813.2         639.66666667  462.5
  327.4         256.25        180.2         142.5          91.5
   61.75         47.           25.28571429]
[1016.          940.2         804.85714286  657.          431.57142857
  328.33333333  236.33333333  178.75        144.           97.33333333
   64.66666667   45.75         23.33333333]
[1003.66666667  957.5         784.2         650.          436.33333333
  341.16666667  233.          171.6         128.           97.66666667
   64.           49.14285714   19.25      ]
[1001.5         952.33333333  834.4         645.          465.2
  326.5         266.25        187.          140.5          99.4
   68.66666667   49.25         27.25      ]
[1000.5         941.66666667  820.8         637.625       494.57142857
  341.5         262.2         190.6         136.5         102.5
   70.           49.           21.42857143]
[997. 925. 850. 700. 500. 350. 250. 200. 150. 100.   0.   0.   0.]
[1004.          925.          799.81818182  703.5         480.18181818
  347.72727273  247.16666667  188.5         134.33333333  100.5
   68.5          48.           21.44444444]
[1014.          948.          838.42857143  662.83333333  486.42857143
  349.42857143  252.75        191.75        128.75         98.75
   68.           51.           20.84615385]
[1019.          963.8         808.2         618.42857143  467.71428571
  320.25        241.66666667  187.33333333  132.66666667   93.4
   66.           44.5          20.84615385]
[1015.          961.          813.25        658.5         477.25
  308.5         225.          167.33333333  118.5          95.33333333
   64.33333333   50.           21.875     ]
[1015.          974.6         837.75        656.          438.
  302.5         225.5         159.          109.           97.
   63.25         48.25         19.15384615]
temperature:
[  2.14285714   1.33048433  -2.61844864  -9.61891892 -23.92875989
 -38.003663   -46.04201681 -56.37799043 -63.39583333 -67.1509434
 -65.54958678 -62.40434783 -57.37378641]
[ 16.          13.           7.8         -1.33333333 -16.25
 -30.4        -40.5        -56.6        -65.5        -72.75
 -68.5        -63.33333333 -58.28571429]
[ 14.           9.4          5.71428571  -1.25       -22.57142857
 -36.         -54.33333333 -52.5        -57.         -65.
 -67.66666667 -64.75       -53.22222222]
[ 21.33333333  18.5          6.8          0.         -18.
 -29.33333333 -47.33333333 -59.6        -64.         -65.33333333
 -67.         -61.28571429 -51.25      ]
[ 21.          18.33333333  13.2          5.66666667  -7.8
 -24.33333333 -34.25       -53.6        -66.         -72.6
 -74.66666667 -63.         -55.125     ]
[ 28.          25.66666667  20.2          6.5         -3.42857143
 -22.5        -36.         -53.2        -64.5        -70.75
 -69.5        -60.         -49.85714286]
[ 28.   29.   23.   12.   -3.  -19.5 -36.  -48.  -62.  -75.    0.    0.
   0. ]
[ 23.          18.          10.63636364  10.          -7.63636364
 -21.90909091 -39.83333333 -52.5        -66.33333333 -71.5
 -65.875      -60.         -50.11111111]
[ 22.          18.          11.28571429   7.33333333  -5.42857143
 -23.28571429 -41.5        -55.25       -67.75       -73.25
 -67.85714286 -61.5        -50.46153846]
[ 15.          13.4          7.          -5.         -15.
 -30.75       -44.66666667 -55.         -69.         -71.4
 -68.25       -60.83333333 -52.53846154]
[ 10.5          8.           0.          -5.5        -24.5
 -44.75       -52.         -56.33333333 -62.         -63.33333333
 -61.         -58.5        -48.125     ]
[  9.           9.           0.          -6.25       -26.2
 -37.         -44.         -60.33333333 -71.         -68.5
 -67.5        -55.25       -45.15384615]
dewpoint:
[ -2.68831169  -8.73504274 -20.59119497 -25.58108108 -40.7994723
 -55.14652015 -63.3487395  -51.75119617  -4.21527778   0.
   0.           0.           0.        ]
[ 10.5   10.25   6.   -18.   -42.5  -63.8  -71.5  -65.6    0.     0.
   0.     0.     0.  ]
[  4.          -5.         -37.85714286 -43.75       -41.
 -39.         -57.33333333 -60.         -66.           0.
   0.           0.           0.        ]
[ -2.33333333  -5.         -21.8        -43.2        -42.33333333
 -42.         -61.33333333 -13.4          0.           0.
   0.           0.           0.        ]
[ 18.          15.33333333  11.4          4.         -16.2
 -34.33333333 -46.25       -63.2          0.           0.
   0.           0.           0.        ]
[ 23.5         20.33333333  13.2        -14.375      -46.
 -33.75       -41.         -61.8          0.           0.
   0.           0.           0.        ]
[ 26.   21.   17.    8.  -12.  -31.5 -40.  -53.    0.    0.    0.    0.
   0. ]
[ 14.          11.          -4.81818182 -33.         -25.09090909
 -42.         -46.5        -63.5          0.           0.
   0.           0.           0.        ]
[ 14.          12.66666667   1.42857143 -20.83333333 -28.57142857
 -42.85714286 -57.5        -51.75         0.           0.
   0.           0.           0.        ]
[ 14.          12.4          6.4        -14.28571429 -54.28571429
 -65.         -74.33333333 -53.33333333   0.           0.
   0.           0.           0.        ]
[ -3.5   -8.   -26.75 -38.5  -42.   -58.75 -66.   -70.     0.     0.
   0.     0.     0.  ]
[ -6.    -8.4  -19.   -35.25 -51.   -59.   -65.25 -26.     0.     0.
   0.     0.     0.  ]
