pressure:
[1005.          970.5         808.2         675.66666667  476.6
  342.          247.33333333  171.          120.           91.66666667
   62.33333333   48.           22.8       ]
[1016.          952.8         824.57142857  657.33333333  476.2
  307.          233.4         164.25        120.5          98.
    0.            0.            0.        ]
[1005.5         929.6         778.88888889  624.90909091  450.83333333
  326.2           0.            0.            0.            0.
    0.            0.            0.        ]
[1003.5         929.          834.5         654.66666667  481.
  326.6         228.75        176.33333333  128.           97.25
   63.6          47.5          25.375     ]
[1001.5         925.          830.42857143  655.          470.85714286
  334.44444444  253.          184.66666667  131.33333333   95.4
   73.            0.            0.        ]
[1002.5         941.2         787.2         636.85714286  489.9
  350.          257.33333333  178.25        145.33333333   99.5
   70.25         51.           23.        ]
[993.         953.5        790.8        623.66666667 478.11111111
 349.85714286 251.33333333 186.         139.85714286  99.75
  69.66666667  47.33333333  30.25      ]
[1002.          948.75        767.          643.66666667  478.4
  344.25        240.66666667  180.5         137.          111.
    0.            0.            0.        ]
[1017.          962.5         820.8         634.6         484.5
  355.5         242.5         175.33333333  130.33333333   95.5
   62.           48.16666667   19.3125    ]
[1006.5         960.          811.2         645.25        457.16666667
  306.33333333  229.5         178.5         133.4          95.
   64.33333333   50.           22.9375    ]
[1018.          949.75        809.7         627.63636364  460.75
  325.66666667  245.5         172.75        123.           91.5
   61.66666667   44.25         26.25      ]
[1029.          966.5         823.42857143  617.          437.4
  318.2         234.25        178.66666667  133.33333333   97.25
   67.25         47.5          22.        ]
temperature:
[ 13.          17.25        10.4          2.33333333 -15.8
 -35.16666667 -46.33333333 -57.25       -65.         -69.16666667
 -64.83333333 -59.25       -53.8       ]
[  6.           3.4          3.28571429  -1.66666667 -16.4
 -41.33333333 -51.         -52.5        -63.5        -69.66666667
   0.           0.           0.        ]
[ 15.          10.4          3.44444444  -2.54545455 -17.16666667
 -35.           0.           0.           0.           0.
   0.           0.           0.        ]
[ 21.5         17.           9.75        -4.5        -18.16666667
 -38.2        -49.5        -52.66666667 -57.5        -62.75
 -65.4        -60.83333333 -53.125     ]
[ 25.          20.          16.           7.8         -6.71428571
 -22.77777778 -37.66666667 -54.33333333 -68.33333333 -73.8
 -75.           0.           0.        ]
[ 25.          21.6         15.2          5.42857143  -4.9
 -20.         -35.33333333 -57.5        -63.66666667 -72.25
 -67.25       -58.5        -48.25      ]
[ 26.5         25.5         15.6          5.11111111  -5.11111111
 -19.         -35.66666667 -52.         -63.71428571 -72.5
 -71.66666667 -62.33333333 -57.25      ]
[ 23.5         21.75        13.           5.          -5.
 -23.5        -43.33333333 -58.25       -66.33333333 -73.
   0.           0.           0.        ]
[ 18.          15.          10.73333333   3.3         -7.125
 -23.16666667 -42.5        -56.33333333 -68.         -73.25
 -65.75       -62.         -50.5       ]
[ 16.5         14.           7.2         -0.25       -14.66666667
 -38.         -46.         -53.75       -64.6        -70.
 -66.33333333 -62.         -54.3125    ]
[ 10.           5.5          0.3         -7.54545455 -20.5
 -35.33333333 -36.5        -55.75       -69.         -70.
 -66.         -57.         -55.16666667]
[  3.          -0.75        -4.85714286 -10.         -26.8
 -34.6        -41.5        -51.33333333 -65.33333333 -66.5
 -68.75       -66.25       -55.        ]
dewpoint:
[ 10.5          7.5        -10.2        -28.66666667 -35.2
 -42.16666667 -55.         -49.25         0.           0.
   0.           0.           0.        ]
[  5.           1.6          1.28571429  -3.66666667 -18.6
 -45.         -58.2        -65.         -35.5          0.
   0.           0.           0.        ]
[  4.          -8.8        -21.         -10.72727273 -36.66666667
 -38.8          0.           0.           0.           0.
   0.           0.           0.        ]
[ 11.           8.66666667   0.25       -24.16666667 -47.
 -64.         -72.5        -75.33333333 -39.           0.
   0.           0.           0.        ]
[ 20.          18.          14.28571429   4.          -9.28571429
 -27.77777778 -40.33333333 -37.66666667   0.           0.
   0.           0.           0.        ]
[ 20.    12.2   -1.9   -4.   -19.5  -22.   -40.   -13.75   0.     0.
   0.     0.     0.  ]
[ 25.          23.5         14.2          3.44444444  -6.88888889
 -25.14285714 -47.66666667 -47.5          0.           0.
   0.           0.           0.        ]
[ 22.5         18.5         10.           2.66666667  -8.
 -38.25       -63.33333333 -18.5          0.           0.
   0.           0.           0.        ]
[ 13.          11.          -1.86666667  -8.3        -35.875
 -46.33333333 -61.         -22.66666667   0.           0.
   0.           0.           0.        ]
[ 15.5         13.           5.8         -9.75       -43.33333333
 -60.33333333 -66.5        -35.25         0.           0.
   0.           0.           0.        ]
[  8.           4.25        -3.4        -11.90909091 -22.25
 -46.66666667 -62.         -37.25         0.           0.
   0.           0.           0.        ]
[-12.         -17.         -31.14285714 -27.5        -44.6
 -53.4        -59.5        -42.66666667   0.           0.
   0.           0.           0.        ]
