pressure:
[1032.          951.          796.09090909  626.5         444.28571429
  289.66666667  236.8         166.6         111.           90.25
   63.66666667   48.33333333   22.63636364]
[1023.          953.          814.          635.25        470.71428571
  328.          236.8         160.2         113.           92.
   66.33333333   47.25         23.27272727]
[999.33333333 924.66666667 779.         663.4        466.33333333
 342.5        251.         172.2        125.          92.75
  64.75        46.5         22.30769231]
[1001.33333333  916.5         814.9         669.6         465.71428571
  317.33333333  264.          183.75        150.          102.5
   70.           46.71428571   20.54545455]
[1001.5         939.25        822.5         640.5         477.28571429
  337.          240.75        183.75        134.5          94.25
   66.42857143   48.83333333   20.53846154]
[998.         917.         805.66666667 621.         496.66666667
 323.71428571 259.5        203.5        141.          99.16666667
  73.75        49.4         27.        ]
[1001.5         943.5         806.          649.33333333  484.375
  359.          244.8         186.66666667  139.          102.66666667
   71.5          46.33333333   21.4       ]
[1002.5         962.          797.88888889  627.85714286  475.30769231
  334.6         262.          194.          131.6          93.25
   70.85714286   49.           21.71428571]
[1003.          943.          832.75        644.25        461.33333333
  347.          251.33333333  185.2         147.25        100.4
    0.            0.            0.        ]
[1026.          948.          805.86666667  685.33333333  463.6
  330.125       247.          170.          126.5          95.
   68.           53.            0.        ]
[1019.          974.66666667  827.75        630.33333333  456.75
  348.33333333  230.66666667  176.          120.           93.5
   59.33333333   49.           18.26666667]
[1024.5         951.5         825.          636.66666667  496.
  333.25        220.25        152.33333333  113.5          93.5
   65.33333333   47.           19.66666667]
temperature:
[  2.          -3.33333333  -5.81818182  -8.875      -22.14285714
 -38.33333333 -46.         -56.4        -65.         -70.25
 -69.16666667 -60.         -51.27272727]
[  3.          -1.          -4.8         -4.75       -16.85714286
 -37.5        -53.4        -54.8        -65.         -68.6
 -67.66666667 -60.         -52.90909091]
[ 26.          21.33333333  10.8          5.8        -12.
 -32.         -49.5        -62.4        -62.33333333 -68.25
 -67.5        -59.         -50.92307692]
[ 22.66666667  17.          12.           6.4        -12.42857143
 -36.         -45.         -56.25       -58.         -65.5
 -71.         -67.         -50.81818182]
[ 25.5         22.25        15.6          4.625       -7.42857143
 -26.14285714 -44.         -52.75       -64.         -71.75
 -69.85714286 -62.83333333 -49.23076923]
[ 21.          16.75        16.16666667   6.2         -1.33333333
 -20.42857143 -31.         -44.         -64.         -76.16666667
 -74.25       -61.8        -53.5       ]
[ 32.          28.25        17.5          6.          -8.125
 -22.66666667 -39.8        -55.33333333 -65.         -65.66666667
 -64.25       -60.66666667 -49.4       ]
[ 25.5         23.66666667  12.77777778   1.14285714 -11.30769231
 -28.4        -41.         -48.33333333 -61.4        -64.75
 -63.14285714 -60.         -49.        ]
[ 26.          23.          17.75         6.          -7.
 -20.16666667 -36.         -53.4        -63.         -79.6
   0.           0.           0.        ]
[ 13.           8.5          1.06666667   0.33333333 -16.8
 -32.375      -46.66666667 -66.         -65.         -65.8
 -62.66666667 -59.           0.        ]
[ 13.          10.33333333   4.375       -5.         -22.
 -36.         -53.66666667 -60.         -65.33333333 -67.5
 -63.         -60.66666667 -46.46666667]
[  5.           2.5          0.5         -7.66666667 -20.4
 -38.25       -54.5        -61.33333333 -62.         -66.
 -64.66666667 -59.         -47.66666667]
dewpoint:
[ -4.          -7.66666667 -26.63636364 -11.5        -37.71428571
 -52.33333333 -57.4        -68.4          0.           0.
   0.           0.           0.        ]
[  2.     -1.5    -5.8    -7.625 -40.    -55.    -65.8   -56.2     0.
   0.      0.      0.      0.   ]
[ 18.66666667  15.33333333   1.6        -34.4        -43.66666667
 -41.5        -42.25         0.           0.           0.
   0.           0.           0.        ]
[  9.66666667   6.5        -11.9        -30.4        -41.85714286
 -53.66666667 -60.         -70.25       -72.           0.
   0.           0.           0.        ]
[ 11.           8.25       -12.1        -22.25       -36.57142857
 -34.         -54.25       -31.25         0.           0.
   0.           0.           0.        ]
[ 20.          15.75        14.5          3.8         -4.16666667
 -27.         -49.         -61.           0.           0.
   0.           0.           0.        ]
[ 20.          17.5         10.25        -0.66666667 -19.375
 -35.73333333 -58.         -44.           0.           0.
   0.           0.           0.        ]
[ 22.5         19.66666667   6.88888889  -9.85714286 -18.53846154
 -43.8        -57.5        -64.66666667 -14.8          0.
   0.           0.           0.        ]
[ 24.5         22.          16.           5.          -8.66666667
 -22.16666667 -39.66666667 -45.4          0.           0.
   0.           0.           0.        ]
[  3.          -1.5         -4.93333333  -0.33333333 -22.3
 -39.125      -50.         -12.8          0.           0.
   0.           0.           0.        ]
[  8.           5.         -14.625      -30.         -43.75
 -54.66666667 -69.66666667   0.           0.           0.
   0.           0.           0.        ]
[ -3.5        -14.33333333 -31.         -43.66666667 -50.6
 -62.         -74.75         0.           0.           0.
   0.           0.           0.        ]
