pressure:
[1032.          953.25        801.          653.4         462.8
  331.          234.25        166.66666667  123.          100.
   65.4          48.75          0.        ]
[1028.          964.          806.          628.33333333  459.2
  320.5         228.6         160.33333333  122.5          88.5
   65.           46.           24.81818182]
[1005.5   958.    825.25  700.    455.5   333.5   244.5   180.4   141.
  101.5    63.4    48.5    26.75]
[1000.33333333  938.          809.5         631.57142857  480.14285714
  309.          250.          180.          126.33333333   95.4
   65.75         47.8          23.        ]
[1000.          925.          838.5         614.25        464.6
  350.36363636  261.66666667  192.66666667  133.25        100.
   64.66666667   46.           30.25      ]
[1001.          917.5         828.25        673.33333333  503.5
  360.75        263.          197.5         135.8          97.
   72.4          52.            0.        ]
[1001.5         929.          829.71428571  658.125       471.22222222
  359.6         248.75        193.          142.33333333   99.5
   72.           51.           20.22222222]
[997.         951.5        809.         644.28571429 468.28571429
 339.55555556 255.         182.75       131.5         92.16666667
  70.2         47.          20.3       ]
[1004.5         956.66666667  814.6         631.66666667  476.83333333
  366.5         261.66666667  183.6         134.33333333   96.
   69.16666667   47.66666667   28.33333333]
[1022.          966.          809.28571429  687.5         500.66666667
  325.75        251.          178.          150.           99.33333333
   65.5          45.5          35.        ]
[1024.          965.5         803.14285714  623.2         483.15384615
  330.33333333  235.4         172.5         133.           94.4
   68.5          45.75          0.        ]
[1027.          975.375       822.08333333  662.33333333  478.
  327.83333333  252.75        179.6         118.           92.8
   67.6          46.25         22.91666667]
temperature:
[ -1.          -5.          -6.77777778  -8.6        -21.
 -38.         -52.25       -55.33333333 -61.         -64.
 -70.6        -62.25         0.        ]
[  7.           3.33333333  -3.55555556  -8.66666667 -24.8
 -43.5        -56.         -57.33333333 -60.         -62.
 -62.66666667 -59.8        -53.90909091]
[ 15.5         13.           8.           2.         -18.66666667
 -35.         -51.         -58.6        -63.         -69.
 -65.2        -64.         -53.875     ]
[ 24.66666667  21.5         12.66666667   0.         -12.57142857
 -38.5        -51.         -58.4        -64.66666667 -65.4
 -63.75       -60.8        -49.71428571]
[ 24.          21.          18.25         3.75        -6.4
 -20.63636364 -34.66666667 -52.         -66.25       -73.5
 -73.         -62.28571429 -55.25      ]
[ 29.5         23.5         18.           9.33333333  -5.83333333
 -20.         -35.         -51.5        -69.2        -72.
 -66.8        -61.           0.        ]
[ 32.5         27.5         20.85714286  10.125       -5.33333333
 -18.4        -38.         -51.         -65.         -73.75
 -71.5        -59.         -50.        ]
[ 28.          25.          14.42857143   4.14285714  -8.14285714
 -23.88888889 -37.66666667 -52.25       -63.5        -68.33333333
 -64.6        -59.66666667 -49.        ]
[ 19.          18.33333333  13.8          3.66666667  -8.16666667
 -20.125      -36.         -54.4        -67.66666667 -76.
 -70.33333333 -64.83333333 -56.66666667]
[ 14.          11.33333333   5.42857143   1.5         -9.16666667
 -31.25       -42.         -58.75       -66.         -72.66666667
 -69.         -63.         -59.        ]
[  9.           6.5          1.14285714  -6.4        -18.61538462
 -38.         -48.4        -56.25       -64.         -70.4
 -66.         -64.5          0.        ]
[  0.           4.375        1.91666667  -2.33333333 -19.
 -37.         -46.25       -55.4        -66.         -68.4
 -64.2        -63.75       -50.66666667]
dewpoint:
[ -2.          -6.          -8.          -9.8        -22.6
 -42.         -57.25       -63.33333333 -33.5          0.
   0.           0.           0.        ]
[ -2.          -6.         -24.88888889 -39.66666667 -41.2
 -60.         -70.4        -71.66666667 -36.5          0.
   0.           0.           0.        ]
[ 10.5          6.33333333 -18.625      -34.         -43.
 -56.75       -70.         -44.8          0.           0.
   0.           0.           0.        ]
[ 13.           8.         -12.66666667 -36.         -43.85714286
 -63.25       -73.           0.           0.           0.
   0.           0.           0.        ]
[ 22.          20.          16.5          1.75       -14.4
 -25.54545455 -39.         -40.           0.           0.
   0.           0.           0.        ]
[ 25.5         21.5         16.75         2.         -14.16666667
 -21.75       -38.         -27.5          0.           0.
   0.           0.           0.        ]
[ 21.          16.5         11.85714286  -4.5        -23.66666667
 -38.6        -55.         -43.           0.           0.
   0.           0.           0.        ]
[ 11.           9.           1.         -15.85714286 -36.14285714
 -29.33333333 -52.5        -70.75       -38.           0.
   0.           0.           0.        ]
[ 18.5         17.33333333  12.8          1.5        -12.
 -34.375      -58.         -57.6          0.           0.
   0.           0.           0.        ]
[ 10.           7.66666667   4.14285714   0.5        -10.83333333
 -35.5        -54.         -31.75         0.           0.
   0.           0.           0.        ]
[  4.          -0.5        -20.14285714 -38.8        -29.38461538
 -41.33333333 -57.2        -32.75         0.           0.
   0.           0.           0.        ]
[ -1.          -9.5        -14.08333333 -26.16666667 -39.25
 -54.16666667 -63.25       -55.6          0.           0.
   0.           0.           0.        ]
