pressure:
[1024.          937.83333333  826.38461538  663.          486.875
  312.83333333  230.5         168.66666667  121.66666667   95.33333333
   64.           48.25         25.7       ]
[1016.          958.4         821.83333333  625.63636364  440.875
  312.2         219.66666667  163.66666667  114.           89.66666667
   64.66666667   47.5          22.5       ]
[1019.          941.          764.6         647.75        482.5
  333.6         224.          172.33333333  118.33333333   89.
   68.           46.6          21.8125    ]
[1003.          957.5         828.4         653.4         473.71428571
  340.83333333  231.6         177.25        127.           97.25
   63.33333333   45.8          21.88235294]
[996.         925.         791.33333333 648.66666667 476.
 326.4        250.         192.66666667 141.          96.66666667
  64.75        48.5         24.6       ]
[1001.          935.5         845.5         643.75        466.88888889
  355.83333333  239.66666667  178.          139.42857143   92.25
   69.66666667    0.            0.        ]
[995.         947.33333333 811.2        645.8        470.
 356.2        245.75       181.66666667 137.4        100.25
  68.          51.66666667  20.07692308]
[1004.5         945.66666667  822.6         661.          491.75
  329.          250.          192.71428571  137.5         100.66666667
   76.5           0.            0.        ]
[1005.5         955.33333333  848.75        654.25        464.28571429
  353.9         268.66666667  190.          133.25         96.75
   64.           48.5          20.71428571]
[1019.          944.16666667  796.71428571  633.2         515.4
  335.33333333  250.          190.66666667  144.5          93.66666667
   63.           47.           25.36363636]
[1027.          974.5         819.54545455  630.3         452.
  320.6         250.          180.2         122.66666667   94.33333333
   65.           46.5          21.63636364]
[1017.5         952.42857143  835.66666667  667.          471.28571429
  340.6         230.          165.          115.66666667   94.
   63.           47.5          25.15384615]
temperature:
[  4.          -1.66666667  -0.07692308  -5.         -19.
 -33.5        -43.5        -59.33333333 -67.66666667 -70.33333333
 -69.25       -64.75       -57.4       ]
[ 12.          10.           0.5        -13.36363636 -26.75
 -42.8        -48.         -55.         -65.5        -65.66666667
 -61.66666667 -63.5        -55.2       ]
[ 13.           7.25        -3.4        -10.125      -21.66666667
 -34.2        -52.66666667 -57.         -62.33333333 -65.5
 -66.         -62.4        -50.0625    ]
[ 26.          23.5         12.8          1.2        -14.42857143
 -33.16666667 -50.4        -50.75       -61.         -69.
 -70.33333333 -61.6        -46.70588235]
[ 30.          25.          13.66666667   5.16666667  -8.5
 -25.9        -40.         -54.         -65.33333333 -68.
 -67.5        -61.66666667 -47.7       ]
[ 24.          21.5         17.5          4.25        -8.55555556
 -20.5        -41.66666667 -59.33333333 -67.         -68.75
 -67.           0.           0.        ]
[ 33.          28.66666667  19.           9.6         -2.66666667
 -16.6        -35.75       -51.66666667 -64.4        -72.75
 -69.25       -65.         -49.92307692]
[ 19.5         16.          12.           5.6         -4.5
 -23.8        -39.         -52.85714286 -66.25       -72.66666667
 -73.           0.           0.        ]
[ 19.          19.          16.75         4.75        -8.57142857
 -21.3        -35.33333333 -54.5        -69.         -75.25
 -70.25       -60.         -52.21428571]
[ 13.          12.16666667   9.57142857   0.8         -4.8
 -28.33333333 -43.         -56.33333333 -65.         -74.33333333
 -66.         -60.         -54.09090909]
[  7.           3.5         -1.          -7.8        -23.125
 -34.         -42.         -55.2        -67.         -70.66666667
 -65.         -56.5        -53.81818182]
[  5.5          3.85714286   0.66666667  -8.66666667 -22.
 -37.2        -47.6        -60.66666667 -63.66666667 -68.
 -63.66666667 -61.75       -49.23076923]
dewpoint:
[ -4.          -6.33333333 -14.          -6.5        -32.625
 -66.5        -73.5        -26.33333333   0.           0.
   0.           0.           0.        ]
[  0.          -4.4        -15.16666667 -25.         -39.375
 -63.6        -68.         -74.           0.           0.
   0.           0.           0.        ]
[  6.           4.75       -11.         -22.25       -45.33333333
 -53.2        -56.66666667 -63.66666667   0.           0.
   0.           0.           0.        ]
[  4.           3.5         -9.         -30.2        -41.85714286
 -41.         -55.6        -59.75       -34.           0.
   0.           0.           0.        ]
[ 19.          16.          11.16666667 -13.66666667 -41.25
 -34.         -53.         -40.33333333   0.           0.
   0.           0.           0.        ]
[ 23.          18.5         15.5          3.5        -15.44444444
 -25.66666667 -48.         -20.           0.           0.
   0.           0.           0.        ]
[ 25.          22.33333333  14.2          1.6        -30.5
 -46.         -59.5        -74.33333333   0.           0.
   0.           0.           0.        ]
[ 18.5         16.          11.           4.          -6.
 -30.6        -47.         -44.28571429   0.           0.
   0.           0.           0.        ]
[ 19.          18.33333333  16.           3.5        -12.14285714
 -27.         -45.         -66.           0.           0.
   0.           0.           0.        ]
[  7.          -7.5        -24.28571429 -11.8        -37.4
 -56.66666667 -60.         -47.66666667   0.           0.
   0.           0.           0.        ]
[  2.          -0.25        -8.45454545 -22.3        -27.375
 -53.8        -62.         -27.6          0.           0.
   0.           0.           0.        ]
[  2.          -8.85714286 -26.         -34.66666667 -45.28571429
 -48.6        -63.8          0.           0.           0.
   0.           0.           0.        ]
