pressure:
[1023.          974.          779.71428571  611.5         456.2
  302.66666667  222.6         166.          122.33333333   99.5
   64.66666667   45.           22.08333333]
[1004.5         943.          780.5         634.5         461.5
  322.33333333  235.5         166.33333333  117.           97.
   64.25         46.83333333   27.66666667]
[1005.          938.8         815.28571429  656.28571429  484.66666667
  310.25        226.4         175.          124.           95.
   63.5          45.66666667   24.58823529]
[1003.          920.          839.8         642.          479.66666667
  346.83333333  249.          184.33333333  131.25         93.75
   66.75         47.           20.        ]
[1005.5         933.5         823.71428571  610.6         470.83333333
  324.42857143  243.          188.          143.33333333   96.66666667
   65.5          49.5          25.46153846]
[998.  925.  850.  700.  500.  350.  250.  190.  150.   97.5  70.   50.
   0. ]
[1000.          917.          835.5         626.57142857  459.6
  342.          235.          191.66666667  148.          106.
   67.6          47.           23.375     ]
[1002.5         943.5         788.33333333  645.42857143  501.75
  335.6         248.66666667  193.2         140.33333333   93.6
   75.            0.            0.        ]
[1004.5         939.          806.          665.5         469.66666667
  340.5         260.6         193.          130.5          93.25
   62.5          48.66666667   24.76923077]
[1022.          951.75        827.57142857  700.          462.71428571
  333.75        230.5         178.          148.66666667   97.
   67.           47.33333333   21.07142857]
[1013.          963.33333333  833.75        662.33333333  467.14285714
  343.          240.          182.          133.5          91.25
   66.5          46.66666667   23.375     ]
[1035.          969.          802.          634.75        434.6
  302.          242.66666667  170.          107.5          89.75
   63.           44.25         21.        ]
temperature:
[  0.5         -1.5        -11.42857143 -15.83333333 -25.6
 -40.66666667 -49.2        -51.75       -60.         -66.
 -63.16666667 -56.5        -55.25      ]
[ 10.           8.66666667   3.          -4.5        -20.25
 -41.66666667 -51.5        -53.66666667 -62.         -63.
 -70.5        -66.5        -62.        ]
[ 21.5         18.          10.85714286  -0.85714286 -15.77777778
 -38.25       -51.         -56.33333333 -65.         -69.
 -64.         -63.         -51.11764706]
[ 26.5         20.5         14.4          0.33333333 -10.66666667
 -26.66666667 -45.75       -57.         -64.75       -68.75
 -67.5        -59.5        -47.94444444]
[ 22.5         17.33333333  11.42857143   0.8         -9.33333333
 -26.71428571 -40.8        -52.         -61.33333333 -71.
 -70.         -63.75       -50.30769231]
[ 26.   23.   19.    9.   -4.  -22.  -40.  -53.5 -61.  -69.  -67.  -57.
   0. ]
[ 31.          25.5         19.5          6.14285714  -6.8
 -20.66666667 -40.5        -51.33333333 -61.5        -69.75
 -68.         -60.         -50.625     ]
[ 25.          22.75        16.33333333   7.71428571  -2.875
 -22.         -38.         -52.4        -65.33333333 -73.8
 -74.           0.           0.        ]
[ 22.          18.           8.83333333   2.         -11.41666667
 -25.5        -38.6        -50.5        -65.5        -72.25
 -62.         -60.33333333 -52.84615385]
[ 15.          12.25         5.           0.         -18.
 -29.5        -44.5        -56.         -61.66666667 -67.16666667
 -67.25       -62.16666667 -53.35714286]
[ 13.          12.5          7.375       -2.         -17.57142857
 -34.         -52.66666667 -55.66666667 -58.5        -68.75
 -68.5        -66.66666667 -57.25      ]
[  2.          -2.          -4.2         -8.25       -27.8
 -41.66666667 -41.33333333 -57.75       -70.         -69.25
 -67.33333333 -63.5        -57.4       ]
dewpoint:
[ -7.         -11.5        -21.57142857 -46.66666667 -61.2
 -71.66666667 -78.         -79.25         0.           0.
   0.           0.           0.        ]
[  7.5          2.         -22.75       -45.         -52.25
 -66.33333333 -73.83333333 -76.           0.           0.
   0.           0.           0.        ]
[ 12.5         11.8         -2.85714286 -17.57142857 -38.88888889
 -65.         -74.8        -25.66666667   0.           0.
   0.           0.           0.        ]
[ 19.5         18.          13.4         -8.11111111 -25.11111111
 -36.33333333 -49.25       -20.33333333   0.           0.
   0.           0.           0.        ]
[ 13.5         13.          -8.85714286 -41.4        -32.66666667
 -45.         -44.8        -62.5          0.           0.
   0.           0.           0.        ]
[ 24.  20.  17.   4.  -8. -32. -52. -28.   0.   0.   0.   0.   0.]
[ 23.          18.          12.66666667  -6.28571429 -19.2
 -41.16666667 -60.5        -45.66666667   0.           0.
   0.           0.           0.        ]
[ 24.          22.5         11.           2.42857143  -6.625
 -26.4        -45.         -34.4          0.           0.
   0.           0.           0.        ]
[ 14.           8.6         -3.16666667 -20.5        -20.91666667
 -44.         -50.4        -66.5          0.           0.
   0.           0.           0.        ]
[  5.           3.5        -10.71428571 -29.         -42.57142857
 -51.         -64.         -48.33333333   0.           0.
   0.           0.           0.        ]
[ 10.5          7.16666667  -4.875      -26.66666667 -30.28571429
 -36.66666667 -58.33333333 -66.33333333 -34.           0.
   0.           0.           0.        ]
[ -3.          -5.8        -15.4        -31.25       -46.4
 -57.66666667 -58.         -16.5          0.           0.
   0.           0.           0.        ]
