pressure:
[1028.          944.5         792.16666667  660.28571429  482.
  300.          233.25        167.25        124.           85.66666667
   62.66666667   48.           19.44444444]
[1018.          961.          794.22222222  654.83333333  442.33333333
  303.75        221.2         157.          127.          104.
    0.            0.            0.        ]
[1017.5         975.66666667  796.125       659.33333333  454.28571429
  352.16666667  221.66666667  162.5         122.          100.
   62.25         45.           28.14285714]
[1003.5         921.          824.14285714  609.33333333  483.16666667
  312.25        230.33333333  184.75        126.6          94.5
   65.5          47.8          29.        ]
[1003.          943.33333333  805.66666667  634.11111111  496.18181818
  342.          240.33333333  185.          144.           98.
   65.75         50.2          19.5       ]
[999.         952.5        803.         646.91666667 492.66666667
 358.30769231 237.33333333 185.         150.         100.33333333
  71.375       50.25        24.3       ]
[1001.   925.   850.   700.   500.   350.   250.   200.   140.5  100.
   70.     0.     0. ]
[1004.5         918.5         792.57142857  658.625       494.28571429
  348.4         244.5         200.          148.           97.
   68.75         51.5          23.6       ]
[1005.5         951.66666667  818.11111111  649.6         481.66666667
  340.66666667  241.75        185.33333333  133.           99.
   68.42857143   49.66666667   24.28571429]
[1014.          965.5         836.8         641.          488.33333333
  345.2         241.66666667  173.6         139.           95.66666667
   64.8          46.66666667   23.5       ]
[1021.          953.75        805.2         669.          471.625
  341.5         257.          178.25        136.           88.6
   65.           45.4          28.33333333]
[1033.          943.5         821.3         652.85714286  451.66666667
  343.33333333  231.66666667  164.25          0.           92.4
   67.25         45.6          26.9375    ]
temperature:
[  2.          -2.5         -5.5         -7.71428571 -17.83333333
 -37.         -47.         -60.25       -65.5        -70.66666667
 -70.33333333 -63.8        -51.        ]
[  8.           5.          -1.55555556  -2.33333333 -23.66666667
 -43.25       -47.6        -56.5        -58.         -62.
   0.           0.           0.        ]
[ 12.5         10.          -1.375       -5.33333333 -20.42857143
 -30.5        -52.66666667 -56.5        -62.         -63.33333333
 -66.5        -62.33333333 -53.28571429]
[ 17.          12.          10.          -2.44444444 -11.91666667
 -32.25       -49.33333333 -50.25       -62.4        -69.33333333
 -68.5        -61.4        -55.75      ]
[ 24.          19.66666667  12.22222222   3.          -8.54545455
 -26.         -41.66666667 -53.         -61.5        -70.33333333
 -70.         -61.8        -48.14285714]
[ 28.          25.          17.83333333   7.83333333  -4.
 -16.61538462 -35.66666667 -49.5        -60.         -75.33333333
 -70.25       -59.5        -50.7       ]
[ 32.   27.   22.   12.   -5.  -21.5 -37.  -50.  -67.  -70.  -71.    0.
   0. ]
[ 26.          20.5         11.85714286   5.125       -6.28571429
 -22.4        -41.75       -51.         -63.5        -71.
 -67.5        -59.5        -53.3       ]
[ 24.          21.33333333  14.55555556   4.8        -11.44444444
 -26.33333333 -44.         -55.         -66.75       -68.66666667
 -66.28571429 -63.66666667 -54.        ]
[ 19.5         19.33333333  11.4          0.66666667 -12.66666667
 -32.         -52.         -57.8        -64.         -67.33333333
 -65.4        -62.33333333 -55.22222222]
[  8.     5.75   2.4   -3.   -20.25 -34.   -45.5  -55.75 -66.   -68.2
 -68.5  -61.6  -59.5 ]
[  0.          -4.          -1.1         -5.42857143 -24.83333333
 -37.33333333 -51.         -54.5          0.         -68.8
 -65.         -60.8        -57.25      ]
dewpoint:
[ -1.          -4.5        -16.         -26.         -48.83333333
 -59.         -67.5        -18.25         0.           0.
   0.           0.           0.        ]
[  4.           1.          -6.44444444 -22.83333333 -32.44444444
 -49.75       -63.6        -72.         -17.75         0.
   0.           0.           0.        ]
[ -3.          -7.33333333 -20.125      -36.         -35.
 -38.         -66.         -69.5          0.           0.
   0.           0.           0.        ]
[ 13.           8.8         -5.         -18.11111111 -19.33333333
 -36.         -52.33333333 -61.5        -14.           0.
   0.           0.           0.        ]
[ 12.           9.         -19.33333333 -29.         -17.90909091
 -39.8        -57.         -67.5          0.           0.
   0.           0.           0.        ]
[ 25.          21.           0.5         -6.66666667  -5.66666667
 -25.30769231 -55.33333333 -66.5        -24.33333333   0.
   0.           0.           0.        ]
[ 24.5  23.   16.    2.  -10.  -34.  -42.  -55.    0.    0.    0.    0.
   0. ]
[ 19.5         17.           4.         -15.625      -11.28571429
 -26.4        -54.5        -63.           0.           0.
   0.           0.           0.        ]
[ 16.          14.          -4.22222222 -19.2        -29.
 -45.16666667 -59.75       -44.66666667   0.           0.
   0.           0.           0.        ]
[  6.           1.66666667  -7.         -22.         -33.66666667
 -46.4        -64.66666667 -40.6          0.           0.
   0.           0.           0.        ]
[  8.     3.75   0.6   -4.5  -34.5  -57.5  -67.5  -36.     0.     0.
   0.     0.     0.  ]
[ -5.          -7.5        -37.         -25.28571429 -39.33333333
 -64.33333333 -75.33333333 -81.5          0.           0.
   0.           0.           0.        ]
