0101 -32.9
0101 -27.5
0102 -30.9
0102 -26.1
0103 -29.3
0103 -21.5
0104 -21.1
0104 -15.1
0105 -21.3
0105 -20.7
0106 -25.7
0106 -23.9
0107 -29.5
0107 -24.9
0108 -30.5
0108 -25.7
0109 -32.1
0109 -24.9
0110 -31.5
0110 -25.1
0111 -30.5
0111 -20.7
0112 -27.5
0112 -22.7
0113 -29.5
0113 -20.7
0114 -27.3
0114 -25.1
0115 -30.3
0115 -24.5
0116 -29.3
0116 -23.3
0117 -26.1
0117 -19.9
0118 -23.5
0118 -17.7
0119 -24.1
0119 -18.3
0120 -25.1
0120 -19.3
0121 -16.9
0121 -17.3
0122 -24.9
0122 -20.9
0123 -22.3
0123 -12.7
0124 -21.7
0124 -20.1
0125 -24.3
0125 -19.9
0126 -23.5
0126 -20.7
0127 -25.7
0127 -20.9
0128 -16.3
0128 -18.3
0129 -15.5
0129 -16.7
0130 -16.7
0130 -9.7
0131 -4.7
0131 -2.1
0201 -12.3
0201 -14.7
0202 -23.1
0202 -17.3
0203 -22.3
0203 -15.5
0204 -23.1
0204 -17.7
0205 -16.7
0205 -14.9
0206 -21.3
0206 -21.1
0207 -31.3
0207 -23.5
0208 -26.3
0208 -20.9
0209 -24.9
0209 -17.9
0210 -22.9
0210 -20.1
0211 -24.1
0211 -14.5
0212 -20.3
0212 -13.1
0213 -10.7
0213 -10.3
0214 -19.5
0214 -15.1
0215 -23.7
0215 -18.7
0216 -26.1
0216 -16.1
0217 -6.9
0217 -13.7
0218 -21.3
0218 -15.9
0219 -21.3
0219 -17.5
0220 -24.1
0220 -19.1
0221 -21.1
0221 -14.5
0222 -18.5
0222 -14.1
0223 -18.5
0223 -15.5
0224 -21.7
0224 -14.9
0225 -26.3
0225 -12.9
0226 -15.5
0226 -11.5
0227 -16.5
0227 -6.1
0228 -17.1
0228 -6.9
0301 -9.7
0301 -9.5
0302 -18.5
0302 -14.3
0303 -19.3
0303 -14.1
0304 -21.1
0304 -6.1
0305 -3.1
0305 -7.1
0306 -14.9
0306 3.0
0307 -5.1
0307 -6.7
0308 -16.9
0308 -12.7
0309 -13.9
0309 -14.9
0310 -21.1
0310 -16.5
0311 -15.9
0311 -0.3
0312 -8.1
0312 -7.7
0313 -16.1
0313 -10.7
0314 -12.9
0314 -0.1
0315 -4.7
0315 -9.9
0316 -13.3
0316 -5.7
0317 1.4
0317 -1.3
0318 -8.7
0318 -9.7
0319 -14.5
0319 -12.5
0320 -15.1
0320 -11.3
0321 -8.9
0321 -7.5
0322 -14.3
0322 -9.5
0323 -13.7
0323 -8.7
0324 -12.1
0324 -6.5
0325 -9.5
0325 -3.9
0326 -2.7
0326 4.4
0327 -0.9
0327 -1.1
0328 -3.5
0328 -2.9
0329 -4.5
0329 -4.1
0330 -2.7
0330 -2.3
0331 -2.5
0331 -2.3
0401 -1.5
0401 0.2
0402 1.8
0402 6.4
0403 3.0
0403 1.2
0404 -0.3
0404 2.0
0405 -0.1
0405 -1.7
0406 -1.7
0406 0.6
0407 -1.3
0407 -0.3
0408 -0.9
0408 0.4
0409 -1.5
0409 -0.3
0410 -0.3
0410 -0.3
0411 0.0
0411 1.2
0412 1.0
0412 6.8
0413 5.8
0413 1.2
0414 -2.9
0414 -0.5
0415 -0.3
0415 0.6
0416 2.0
0416 1.6
0417 1.0
0417 2.2
0418 0.8
0418 2.2
0419 1.8
0419 3.8
0420 2.4
0420 5.6
0421 3.2
0421 8.6
0422 7.2
0422 15.4
0423 9.8
0423 6.8
0424 4.8
0424 9.6
0425 3.6
0425 6.8
0426 6.0
0426 10.2
0427 7.8
0427 17.2
0428 14.0
0428 15.0
0429 8.8
0429 9.2
0430 7.4
0430 11.6
0501 8.6
0501 9.6
0502 7.4
0502 11.6
0503 9.4
0503 16.0
0504 15.4
0504 21.0
0505 15.4
0505 16.8
0506 11.8
0506 16.0
0507 15.2
0507 25.4
0508 21.2
0508 27.0
0509 18.8
0509 20.8
0510 13.6
0510 13.2
0511 14.2
0511 13.0
0512 10.4
0512 13.8
0513 9.8
0513 14.8
0514 11.0
0514 12.6
0515 10.8
0515 16.6
0516 15.8
0516 19.4
0517 19.2
0517 18.2
0518 18.0
0518 24.8
0519 17.8
0519 17.8
0520 10.6
0520 10.8
0521 10.6
0521 14.2
0522 16.0
0522 20.2
0523 17.6
0523 24.2
0524 17.2
0524 20.4
0525 19.0
0525 24.8
0526 23.2
0526 27.6
0527 22.4
0527 24.6
0528 20.6
0528 21.2
0529 16.6
0529 18.8
0530 20.0
0530 23.8
0531 22.2
0531 29.8
0601 19.2
0601 20.8
0602 18.2
0602 21.2
0603 18.0
0603 14.2
0604 14.8
0604 17.6
0605 17.6
0605 21.6
0606 18.4
0606 24.4
0607 20.6
0607 24.6
0608 22.2
0608 26.0
0609 23.8
0609 17.2
0610 17.2
0610 21.2
0611 19.2
0611 21.2
0612 16.6
0612 18.2
0613 19.6
0613 25.0
0614 22.8
0614 28.2
0615 22.2
0615 23.6
0616 21.8
0616 25.2
0617 21.4
0617 23.8
0618 22.2
0618 21.6
0619 21.0
0619 20.0
0620 21.0
0620 19.8
0621 20.8
0621 21.8
0622 20.8
0622 25.2
0623 24.6
0623 27.4
0624 25.2
0624 24.8
0625 24.8
0625 25.8
0626 24.6
0626 24.0
0627 21.6
0627 21.6
0628 17.8
0628 18.6
0629 17.2
0629 20.2
0630 19.8
0630 21.2
0701 21.4
0701 22.6
0702 20.0
0702 20.0
0703 19.0
0703 20.0
0704 20.4
0704 21.8
0705 21.4
0705 24.2
0706 23.0
0706 25.6
0707 26.0
0707 27.8
0708 20.2
0708 24.0
0709 20.4
0709 22.6
0710 23.0
0710 25.8
0711 24.0
0711 24.0
0712 21.0
0712 24.4
0713 22.8
0713 25.4
0714 23.8
0714 26.0
0715 24.8
0715 27.8
0716 23.0
0716 22.6
0717 22.0
0717 25.8
0718 24.2
0718 25.8
0719 24.8
0719 25.2
0720 21.6
0720 22.8
0721 22.8
0721 25.6
0722 25.0
0722 26.6
0723 24.8
0723 27.0
0724 23.4
0724 21.2
0725 22.0
0725 23.0
0726 21.6
0726 24.6
0727 23.4
0727 25.8
0728 22.6
0728 22.0
0729 22.6
0729 26.6
0730 24.8
0730 26.6
0731 24.8
0731 27.0
0801 26.0
0801 28.6
0802 26.0
0802 28.4
0803 26.4
0803 28.6
0804 25.2
0804 28.0
0805 23.8
0805 25.4
0806 22.2
0806 21.2
0807 25.2
0807 22.8
0808 25.6
0808 24.2
0809 25.2
0809 26.4
0810 24.4
0810 24.8
0811 24.8
0811 27.4
0812 27.0
0812 26.8
0813 24.2
0813 28.0
0814 23.8
0814 24.6
0815 24.0
0815 24.0
0816 24.0
0816 20.6
0817 20.4
0817 21.6
0818 19.6
0818 21.2
0819 20.0
0819 21.4
0820 20.8
0820 22.4
0821 20.4
0821 23.0
0822 20.8
0822 21.4
0823 18.6
0823 21.0
0824 19.2
0824 22.0
0825 18.8
0825 21.0
0826 16.6
0826 18.8
0827 15.8
0827 17.8
0828 17.2
0828 17.0
0829 14.0
0829 14.4
0830 13.8
0830 15.6
0831 13.4
0831 13.4
0901 12.0
0901 14.8
0902 13.4
0902 14.0
0903 13.2
0903 16.4
0904 15.6
0904 19.0
0905 15.8
0905 19.4
0906 18.0
0906 20.6
0907 16.2
0907 17.0
0908 16.0
0908 18.8
0909 17.6
0909 19.4
0910 18.2
0910 16.6
0911 13.2
0911 17.6
0912 16.4
0912 24.2
0913 19.6
0913 21.8
0914 20.6
0914 15.8
0915 11.4
0915 14.0
0916 12.2
0916 12.6
0917 10.2
0917 14.2
0918 12.4
0918 14.0
0919 12.0
0919 17.6
0920 14.2
0920 12.4
0921 12.4
0921 13.8
0922 13.4
0922 19.4
0923 20.2
0923 10.8
0924 7.0
0924 9.4
0925 7.4
0925 9.6
0926 8.4
0926 11.0
0927 14.0
0927 21.6
0928 15.4
0928 15.4
0929 9.0
0929 10.2
0930 8.2
0930 13.2
1001 14.6
1001 10.0
1002 5.8
1002 4.8
1003 0.6
1003 3.4
1004 5.8
1004 14.0
1005 7.6
1005 8.8
1006 9.2
1006 16.0
1007 14.4
1007 8.2
1008 5.2
1008 12.0
1009 9.4
1009 11.4
1010 12.6
1010 11.2
1011 3.0
1011 3.8
1012 4.0
1012 7.4
1013 5.8
1013 8.6
1014 3.6
1014 0.4
1015 -1.9
1015 2.0
1016 0.6
1016 2.0
1017 1.4
1017 4.2
1018 6.0
1018 9.4
1019 7.6
1019 10.0
1020 5.8
1020 8.4
1021 2.6
1021 4.2
1022 4.2
1022 5.2
1023 5.6
1023 8.4
1024 5.6
1024 0.6
1025 3.2
1025 2.6
1026 -0.7
1026 3.8
1027 1.2
1027 6.2
1028 8.4
1028 3.4
1029 -2.1
1029 1.2
1030 -0.9
1030 6.4
1031 1.0
1031 5.0
1101 0.4
1101 5.0
1102 2.4
1102 10.8
1103 3.4
1103 4.8
1104 1.4
1104 9.4
1105 6.4
1105 11.2
1106 9.0
1106 3.0
1107 -3.9
1107 -5.1
1108 -6.9
1108 0.8
1109 -3.7
1109 -2.9
1110 -7.9
1110 -9.3
1111 -11.3
1111 -5.1
1112 -10.3
1112 -2.5
1113 -3.7
1113 4.0
1114 4.2
1114 1.0
1115 -2.1
1115 -0.1
1116 -3.7
1116 -0.9
1117 -2.9
1117 -4.7
1118 -2.9
1118 -4.9
1119 -5.5
1119 -5.5
1120 -4.1
1120 -3.7
1121 -6.9
1121 -6.1
1122 -8.9
1122 -2.7
1123 -11.1
1123 -8.3
1124 -8.9
1124 -3.9
1125 -5.9
1125 -6.3
1126 -11.9
1126 -9.1
1127 -14.3
1127 -10.3
1128 -11.1
1128 -10.3
1129 -15.1
1129 -5.1
1130 -8.1
1130 -7.5
1201 -8.3
1201 -3.7
1202 -9.3
1202 -6.5
1203 -10.1
1203 -7.9
1204 -5.3
1204 -2.3
1205 -10.5
1205 -7.7
1206 -13.7
1206 -11.3
1207 -17.3
1207 -13.9
1209 -15.9
1209 -11.3
1210 -18.9
1210 -12.1
1211 -14.1
1211 -19.1
1212 -21.5
1212 -16.1
1213 -22.3
1213 -18.5
1214 -21.3
1214 -15.5
1215 -14.9
1215 -17.3
1216 -14.9
1216 -17.5
1217 -16.9
1217 -18.5
1218 -19.9
1218 -18.7
1219 -18.9
1219 -11.5
1220 -20.3
1220 -15.9
1221 -21.9
1221 -17.7
1222 -22.5
1222 -13.5
1223 -20.1
1223 -16.7
1224 -24.9
1224 -17.5
1225 -18.5
1225 -14.1
1226 -15.3
1226 -19.1
1227 -22.5
1227 -18.1
1228 -26.1
1228 -16.1
1229 -16.1
1229 -13.3
1230 -16.1
1230 -9.1
1231 -7.3
1231 -10.1
