0101 -32.9
0101 -27.5
0102 -30.9
0102 -26.1
0103 -29.3
0103 -21.5
0104 -21.1
0104 -15.1
0105 -21.3
0105 -20.7
0106 -25.7
0106 -23.9
0107 -29.5
0107 -24.9
0108 -30.5
0108 -25.7
0109 -32.1
0109 -24.9
0110 -31.5
0110 -25.1
0111 -30.5
0111 -20.7
0112 -27.5
0112 -22.7
0113 -29.5
0113 -20.7
0114 -27.3
0114 -25.1
0115 -30.3
0115 -24.5
0116 -29.3
0116 -23.3
0117 -26.1
0117 -19.9
0118 -23.5
0118 -17.7
0119 -24.1
0119 -18.3
0120 -25.1
0120 -19.3
0121 -16.9
0121 -17.3
0122 -24.9
0122 -20.9
0123 -22.3
0123 -12.7
0124 -21.7
0124 -20.1
0125 -24.3
0125 -19.9
0126 -23.5
0126 -20.7
0127 -25.7
0127 -20.9
0128 -16.3
0128 -18.3
0129 -15.5
0129 -16.7
0130 -16.7
0130 -9.7
0131 -4.7
0131 -2.1
0201 -12.3
0201 -14.7
0202 -23.1
0202 -17.3
0203 -22.3
0203 -15.5
0204 -23.1
0204 -17.7
0205 -16.7
0205 -14.9
0206 -21.3
0206 -21.1
0207 -31.3
0207 -23.5
0208 -26.3
0208 -20.9
0209 -24.9
0209 -17.9
0210 -22.9
0210 -20.1
0211 -24.1
0211 -14.5
0212 -20.3
0212 -13.1
0213 -10.7
0213 -10.3
0214 -19.5
0214 -15.1
0215 -23.7
0215 -18.7
0216 -26.1
0216 -16.1
0217 -6.9
0217 -13.7
0218 -21.3
0218 -15.9
0219 -21.3
0219 -17.5
0220 -24.1
0220 -19.1
0221 -21.1
0221 -14.5
0222 -18.5
0222 -14.1
0223 -18.5
0223 -15.5
0224 -21.7
0224 -14.9
0225 -26.3
0225 -12.9
0226 -15.5
0226 -11.5
0227 -16.5
0227 -6.1
0228 -17.1
0228 -6.9
0301 -9.7
0301 -9.5
0302 -18.5
0302 -14.3
0303 -19.3
0303 -14.1
0304 -21.1
0304 -6.1
0305 -3.1
0305 -7.1
0306 -14.9
0306 3.0
0307 -5.1
0307 -6.7
0308 -16.9
0308 -12.7
0309 -13.9
0309 -14.9
0310 -21.1
0310 -16.5
0311 -15.9
0311 -0.3
0312 -8.1
0312 -7.7
0313 -16.1
0313 -10.7
0314 -12.9
0314 -0.1
0315 -4.7
0315 -9.9
0316 -13.3
0316 -5.7
0317 1.4
0317 -1.3
0318 -8.7
0318 -9.7
0319 -14.5
0319 -12.5
0320 -15.1
0320 -11.3
0321 -8.9
0321 -7.5
0322 -14.3
0322 -9.5
0323 -13.7
0323 -8.7
0324 -12.1
0324 -6.5
0325 -9.5
0325 -3.9
0326 -2.7
0326 4.4
0327 -0.9
0327 -1.1
0328 -3.5
0328 -2.9
0329 -4.5
0329 -4.1
0330 -2.7
0330 -2.3
0331 -2.5
0331 -2.3
0401 -1.5
0401 0.2
0402 1.8
0402 6.4
0403 3.0
0403 1.2
0404 -0.3
0404 2.0
0405 -0.1
0405 -1.7
0406 -1.7
0406 0.6
0407 -1.3
0407 -0.3
0408 -0.9
0408 0.4
0409 -1.5
0409 -0.3
0410 -0.3
0410 -0.3
0411 0.0
0411 1.2
0412 1.0
0412 6.8
0413 5.8
0413 1.2
0414 -2.9
0414 -0.5
0415 -0.3
0415 0.6
0416 2.0
0416 1.6
0417 1.0
0417 2.2
0418 0.8
0418 2.2
0419 1.8
0419 3.8
0420 2.4
0420 5.6
0421 3.2
0421 8.6
0422 7.2
0422 15.4
0423 9.8
0423 6.8
0424 4.8
0424 9.6
0425 3.6
0425 6.8
0426 6.0
0426 10.2
0427 7.8
0427 17.2
0428 14.0
0428 15.0
0429 8.8
0429 9.2
0430 7.4
0430 11.6
0501 8.6
0501 9.6
0502 7.4
0502 11.6
0503 9.4
0503 16.0
0504 15.4
0504 21.0
0505 15.4
0505 16.8
0506 11.8
0506 16.0
0507 15.2
0507 25.4
0508 21.2
0508 27.0
0509 18.8
0509 20.8
0510 13.6
0510 13.2
0511 14.2
0511 13.0
0512 10.4
0512 13.8
0513 9.8
0513 14.8
0514 11.0
0514 12.6
0515 10.8
0515 16.6
0516 15.8
0516 19.4
0517 19.2
0517 18.2
0518 18.0
0518 24.8
0519 17.8
0519 17.8
0520 10.6
0520 10.8
0521 10.6
0521 14.2
0522 16.0
0522 20.2
0523 17.6
0523 24.2
0524 17.2
0524 20.4
0525 19.0
0525 24.8
0526 23.2
0526 27.6
0527 22.4
0527 24.6
0528 20.6
0528 21.2
0529 16.6
0529 18.8
0530 20.0
0530 23.8
0531 22.2
0531 29.8
0601 19.2
0601 20.8
0602 18.2
0602 21.2
0603 18.0
0603 14.2
0604 14.8
0604 17.6
0605 17.6
0605 21.6
0606 18.4
0606 24.4
0607 20.6
0607 24.6
0608 22.2
0608 26.0
0609 23.8
0609 17.2
0610 17.2
0610 21.2
0611 19.2
0611 21.2
0612 16.6
0612 18.2
0613 19.6
0613 25.0
0614 22.8
0614 28.2
0615 22.2
0615 23.6
0616 21.8
0616 25.2
0617 21.4
0617 23.8
0618 22.2
0618 21.6
0619 21.0
0619 20.0
0620 21.0
0620 19.8
0621 20.8
0621 21.8
0622 20.8
0622 25.2
0623 24.6
0623 27.4
0624 25.2
0624 24.8
0625 24.8
0625 25.8
0626 24.6
0626 24.0
0627 21.6
0627 21.6
0628 17.8
0628 18.6
0629 17.2
0629 20.2
0630 19.8
0630 21.2
0701 21.4
0701 22.6
0702 20.0
0702 20.0
0703 19.0
0703 20.0
0704 20.4
0704 21.8
0705 21.4
0705 24.2
0706 23.0
0706 25.6
0707 26.0
0707 27.8
0708 20.2
0708 24.0
0709 20.4
0709 22.6
0710 23.0
0710 25.8
0711 24.0
0711 24.0
0712 21.0
0712 24.4
0713 22.8
0713 25.4
0714 23.8
0714 26.0
0715 24.8
0715 27.8
0716 23.0
0716 22.6
0717 22.0
0717 25.8
0718 24.2
0718 25.8
0719 24.8
0719 25.2
0720 21.6
0720 22.8
0721 22.8
0721 25.6
0722 25.0
0722 26.6
0723 24.8
0723 27.0
0724 23.4
0724 21.2
0725 22.0
0725 23.0
0726 21.6
0726 24.6
0727 23.4
0727 25.8
0728 22.6
0728 22.0
0729 22.6
0729 26.6
0730 24.8
0730 26.6
0731 24.8
0731 27.0
0801 26.0
0801 28.6
0802 26.0
0802 28.4
0803 26.4
0803 28.6
0804 25.2
0804 28.0
0805 23.8
0805 25.4
0806 22.2
0806 21.2
0807 25.2
0807 22.8
0808 25.6
0808 24.2
0809 25.2
0809 26.4
0810 24.4
0810 24.8
0811 24.8
0811 27.4
0812 27.0
0812 26.8
0813 24.2
0813 28.0
0814 23.8
0814 24.6
0815 24.0
0815 24.0
0816 24.0
0816 20.6
0817 20.4
0817 21.6
0818 19.6
0818 21.2
0819 20.0
0819 21.4
0820 20.8
0820 22.4
0821 20.4
0821 23.0
0822 20.8
0822 21.4
0823 18.6
0823 21.0
0824 19.2
0824 22.0
0825 18.8
0825 21.0
0826 16.6
0826 18.8
0827 15.8
0827 17.8
0828 17.2
0828 17.0
0829 14.0
0829 14.4
0830 13.8
0830 15.6
0831 13.4
0831 13.4
0901 12.0
0901 14.8
0902 13.4
0902 14.0
0903 13.2
0903 16.4
0904 15.6
0904 19.0
0905 15.8
0905 19.4
0906 18.0
0906 20.6
0907 16.2
0907 17.0
0908 16.0
0908 18.8
0909 17.6
0909 19.4
0910 18.2
0910 16.6
0911 13.2
0911 17.6
0912 16.4
0912 24.2
0913 19.6
0913 21.8
0914 20.6
0914 15.8
0915 11.4
0915 14.0
0916 12.2
0916 12.6
0917 10.2
0917 14.2
0918 12.4
0918 14.0
0919 12.0
0919 17.6
0920 14.2
0920 12.4
0921 12.4
0921 13.8
0922 13.4
0922 19.4
0923 20.2
0923 10.8
0924 7.0
0924 9.4
0925 7.4
0925 9.6
0926 8.4
0926 11.0
0927 14.0
0927 21.6
0928 15.4
0928 15.4
0929 9.0
0929 10.2
0930 8.2
0930 13.2
1001 14.6
1001 10.0
1002 5.8
1002 4.8
1003 0.6
1003 3.4
1004 5.8
1004 14.0
1005 7.6
1005 8.8
1006 9.2
1006 16.0
1007 14.4
1007 8.2
1008 5.2
1008 12.0
1009 9.4
1009 11.4
1010 12.6
1010 11.2
1011 3.0
1011 3.8
1012 4.0
1012 7.4
1013 5.8
1013 8.6
1014 3.6
1014 0.4
1015 -1.9
1015 2.0
1016 0.6
1016 2.0
1017 1.4
1017 4.2
1018 6.0
1018 9.4
1019 7.6
1019 10.0
1020 5.8
1020 8.4
1021 2.6
1021 4.2
1022 4.2
1022 5.2
1023 5.6
1023 8.4
1024 5.6
1024 0.6
1025 3.2
1025 2.6
1026 -0.7
1026 3.8
1027 1.2
1027 6.2
1028 8.4
1028 3.4
1029 -2.1
1029 1.2
1030 -0.9
1030 6.4
1031 1.0
1031 5.0
1101 0.4
1101 5.0
1102 2.4
1102 10.8
1103 3.4
1103 4.8
1104 1.4
1104 9.4
1105 6.4
1105 11.2
1106 9.0
1106 3.0
1107 -3.9
1107 -5.1
1108 -6.9
1108 0.8
1109 -3.7
1109 -2.9
1110 -7.9
1110 -9.3
1111 -11.3
1111 -5.1
1112 -10.3
1112 -2.5
1113 -3.7
1113 4.0
1114 4.2
1114 1.0
1115 -2.1
1115 -0.1
1116 -3.7
1116 -0.9
1117 -2.9
1117 -4.7
1118 -2.9
1118 -4.9
1119 -5.5
1119 -5.5
1120 -4.1
1120 -3.7
1121 -6.9
1121 -6.1
1122 -8.9
1122 -2.7
1123 -11.1
1123 -8.3
1124 -8.9
1124 -3.9
1125 -5.9
1125 -6.3
1126 -11.9
1126 -9.1
1127 -14.3
1127 -10.3
1128 -11.1
1128 -10.3
1129 -15.1
1129 -5.1
1130 -8.1
1130 -7.5
1201 -8.3
1201 -3.7
1202 -9.3
1202 -6.5
1203 -10.1
1203 -7.9
1204 -5.3
1204 -2.3
1205 -10.5
1205 -7.7
1206 -13.7
1206 -11.3
1207 -17.3
1207 -13.9
1209 -15.9
1209 -11.3
1210 -18.9
1210 -12.1
1211 -14.1
1211 -19.1
1212 -21.5
1212 -16.1
1213 -22.3
1213 -18.5
1214 -21.3
1214 -15.5
1215 -14.9
1215 -17.3
1216 -14.9
1216 -17.5
1217 -16.9
1217 -18.5
1218 -19.9
1218 -18.7
1219 -18.9
1219 -11.5
1220 -20.3
1220 -15.9
1221 -21.9
1221 -17.7
1222 -22.5
1222 -13.5
1223 -20.1
1223 -16.7
1224 -24.9
1224 -17.5
1225 -18.5
1225 -14.1
1226 -15.3
1226 -19.1
1227 -22.5
1227 -18.1
1228 -26.1
1228 -16.1
1229 -16.1
1229 -13.3
1230 -16.1
1230 -9.1
1231 -7.3
1231 -10.1
0101 -19.1
0102 -20.5
0102 -15.5
0103 -25.3
0103 -20.3
0104 -28.5
0104 -23.3
0105 -29.5
0105 -16.7
0106 -22.3
0106 -7.3
0107 -13.5
0107 -13.9
0108 -21.5
0108 -20.3
0109 -25.3
0109 -17.9
0110 -23.3
0111 -21.7
0111 -19.5
0112 -29.7
0112 -23.7
0113 -32.1
0113 -23.9
0114 -31.3
0114 -23.7
0115 -17.3
0115 -20.1
0116 -28.9
0116 -24.7
0117 -27.7
0117 -21.5
0118 -25.9
0118 -19.7
0119 -25.1
0119 -16.5
0120 -18.3
0120 -18.7
0121 -25.5
0121 -15.3
0122 -23.3
0122 -17.5
0123 -11.1
0123 -0.1
0124 -11.1
0124 -14.1
0125 -22.7
0125 -16.5
0126 -22.9
0126 -15.9
0127 -7.3
0127 -11.1
0128 -20.5
0128 -16.7
0129 -18.7
0129 -5.1
0130 -20.9
0130 -19.3
0131 -17.9
0131 -17.1
0201 -23.7
0201 -12.7
0202 -6.7
0202 -12.7
0203 -23.9
0203 -20.5
0204 -25.9
0204 -21.5
0205 -29.9
0205 -19.1
0206 -25.7
0206 -18.1
0207 -26.7
0207 -15.5
0208 -18.5
0208 -17.3
0209 -26.9
0209 -19.5
0210 -27.9
0210 -19.9
0211 -26.1
0211 -17.7
0212 -23.9
0212 -18.5
0213 -25.9
0213 -18.7
0214 -20.5
0214 -5.3
0215 -16.7
0215 -15.9
0216 -20.3
0216 -17.9
0217 -26.3
0217 -15.7
0218 -26.7
0218 -16.3
0219 -26.5
0219 -17.9
0220 -25.7
0220 -16.9
0221 -21.7
0221 -13.9
0222 -19.7
0222 -12.5
0223 -21.1
0223 -6.7
0224 -16.7
0224 -0.9
0225 -12.1
0225 -3.1
0226 3.4
0226 7.2
0227 -4.1
0227 -7.1
0228 -10.9
0228 -7.5
0301 -13.9
0301 -8.9
0302 -14.5
0302 -9.5
0303 -13.5
0303 -8.5
0304 -50.5
0304 -51.9
0305 -14.7
0305 -11.1
0306 -14.7
0306 -10.5
0307 -13.1
0307 -9.7
0308 -12.1
0308 -48.3
0309 -12.5
0309 -5.7
0310 -9.5
0310 -2.1
0311 -5.3
0311 -0.5
0312 -5.1
0312 -2.5
0313 -8.5
0313 -3.1
0314 -5.7
0314 0.4
0315 0.0
0315 0.4
0316 -3.9
0316 0.6
0317 -1.7
0317 -0.5
0318 -2.3
0318 0.8
0320 -1.5
0320 -0.3
0321 -2.7
0321 4.0
0322 1.2
0322 5.4
0323 1.4
0323 6.4
0324 7.2
0324 7.2
0325 2.8
0325 9.4
0326 2.2
0326 8.4
0327 4.0
0327 10.4
0328 8.4
0328 7.0
0329 3.6
0329 4.6
0330 7.6
0330 5.4
0331 1.4
0331 8.2
0401 3.2
0401 5.6
0402 1.4
0402 1.0
0403 -1.9
0403 0.8
0404 0.0
0404 0.6
0405 1.4
0406 1.8
0406 7.0
0407 3.8
0407 10.8
0408 8.8
0408 13.2
0409 6.0
0409 5.0
0410 4.8
0410 7.6
0411 7.2
0411 12.0
0412 7.6
0412 11.4
0413 9.2
0413 14.4
0414 15.4
0414 16.6
0415 5.8
0415 8.6
0416 5.4
0416 6.0
0417 4.2
0417 9.0
0418 6.2
0418 7.6
0419 7.0
0419 12.6
0420 12.0
0420 8.2
0421 6.4
0421 10.6
0422 11.2
0422 16.2
0423 13.4
0423 16.4
0424 16.8
0424 21.8
0425 16.6
0425 23.6
0426 14.0
0426 13.2
0427 7.8
0427 13.4
0428 11.8
0428 16.8
0429 13.8
0429 18.8
0430 16.4
0430 23.2
0501 17.2
0501 16.4
0502 10.8
0502 1.6
0503 6.0
0503 8.8
0504 6.4
0504 6.8
0505 2.8
0505 6.8
0506 5.0
0506 8.4
0507 9.6
0507 8.8
0508 7.0
0508 9.2
0509 11.4
0509 17.0
0510 15.4
0510 16.8
0511 17.8
0511 15.6
0512 10.2
0512 11.0
0513 9.8
0513 12.6
0514 12.6
0514 13.4
0515 11.4
0515 10.8
0516 10.8
0516 12.8
0517 12.2
0517 15.6
0518 14.8
0518 13.6
0519 14.8
0519 14.0
0520 13.4
0520 15.2
0521 14.0
0521 16.6
0522 14.6
0522 19.4
0523 19.8
0523 21.4
0524 17.6
0524 20.4
0525 16.8
0525 17.2
0526 15.0
0526 15.4
0527 14.2
0527 19.0
0528 16.2
0528 17.0
0529 15.2
0529 15.6
0530 17.0
0530 25.4
0531 25.6
0531 31.0
0601 25.6
0601 27.4
0602 25.6
0602 27.0
0603 23.4
0603 27.0
0604 22.2
0604 26.8
0605 24.8
0605 19.6
0606 20.2
0606 21.0
0607 18.6
0607 19.2
0608 20.2
0608 19.2
0609 19.0
0609 20.4
0610 19.8
0610 19.6
0611 19.0
0611 21.0
0612 21.2
0612 21.8
0613 20.0
0613 24.0
0614 22.4
0614 24.2
0615 21.6
0615 22.6
0616 20.6
0616 21.6
0617 17.2
0617 20.4
0618 17.6
0618 22.4
0619 19.0
0619 22.2
0620 21.4
0620 24.4
0621 21.2
0621 25.0
0622 23.4
0622 26.4
0623 25.0
0623 22.4
0624 22.4
0624 27.2
0625 25.0
0625 28.8
0626 23.2
0626 19.6
0627 19.8
0627 20.8
0628 21.4
0628 25.2
0629 24.2
0629 27.2
0630 24.8
0630 27.2
0701 26.2
0701 28.2
0702 26.0
0702 26.6
0703 26.2
0703 26.0
0704 23.8
0704 24.0
0705 24.6
0705 29.4
0706 24.2
0706 23.0
0707 23.0
0707 24.4
0708 24.2
0708 24.0
0709 21.2
0709 21.2
0710 19.2
0710 20.6
0711 18.6
0711 20.2
0712 20.0
0712 19.0
0713 20.0
0713 17.0
0714 20.0
0714 23.6
0715 22.6
0715 19.8
0716 19.4
0716 22.6
0717 20.6
0717 22.6
0718 20.0
0718 23.0
0719 23.8
0719 26.6
0720 21.8
0720 29.4
0721 24.2
0721 -60.7
0722 22.4
0722 23.8
0723 23.4
0723 18.6
0724 17.4
0724 19.6
0725 19.0
0725 22.2
0726 20.2
0726 22.6
0727 21.0
0727 25.0
0728 22.8
0728 27.6
0729 23.8
0729 25.8
0730 23.4
0730 23.2
0731 22.6
0731 26.4
0801 24.6
0801 25.8
0802 24.0
0802 21.0
0803 21.6
0803 23.0
0804 22.2
0804 22.0
0805 21.6
0805 17.0
0806 18.0
0806 19.6
0807 17.4
0807 19.6
0808 20.2
0808 22.2
0809 20.2
0809 24.0
0810 23.2
0811 20.2
0811 21.2
0812 20.6
0812 21.2
0813 19.6
0813 21.4
0814 21.6
0814 19.4
0815 19.0
0815 19.4
0816 17.8
0816 21.2
0817 19.8
0817 21.4
0818 20.0
0818 21.6
0819 20.8
0819 22.0
0820 21.4
0820 26.4
0821 21.8
0821 23.2
0822 21.2
0822 23.8
0823 22.0
0823 22.2
0824 21.8
0824 23.6
0825 21.0
0825 21.6
0826 19.0
0826 20.2
0827 20.0
0827 21.0
0828 18.8
0828 22.4
0829 17.8
0829 22.8
0830 20.0
0830 22.4
0831 20.4
0831 22.2
0901 20.6
0901 22.6
0902 19.6
0902 18.6
0903 14.4
0903 15.0
0904 14.0
0904 17.2
0905 15.6
0905 20.4
0906 18.4
0906 22.0
0907 19.8
0907 21.2
0908 18.6
0908 15.2
0909 12.4
0909 14.8
0910 12.8
0910 15.4
0911 12.6
0911 16.0
0912 15.4
0912 16.8
0913 16.0
0913 18.2
0914 18.0
0914 13.8
0915 10.8
0915 13.2
0916 9.2
0916 12.4
0917 12.2
0917 14.8
0918 12.2
0918 12.2
0919 12.8
0919 15.4
0920 14.0
0920 15.2
0921 12.8
0921 17.0
0922 18.8
0923 13.4
0923 12.0
0924 9.2
0924 11.8
0925 8.8
0925 12.2
0926 12.4
0926 18.4
0927 12.0
0927 11.6
0928 12.0
0928 11.8
0929 3.2
0929 3.0
0930 2.8
0930 6.8
1001 5.0
1001 7.6
1002 3.8
1002 9.4
1003 4.4
1003 7.8
1004 4.6
1004 7.0
1005 5.0
1005 7.0
1006 4.0
1006 11.0
1007 8.6
1007 7.6
1008 6.2
1008 10.2
1009 7.2
1009 4.6
1010 5.4
1010 10.4
1011 8.4
1011 17.6
1012 7.6
1012 3.4
1013 0.0
1013 2.0
1014 2.8
1014 9.4
1015 5.6
1015 14.2
1016 4.2
1016 2.8
1017 2.4
1017 6.6
1018 7.4
1018 17.0
1019 15.4
1019 19.6
1020 2.8
1020 -1.9
1021 -4.5
1021 -1.7
1022 -2.1
1022 5.0
1023 8.0
1023 12.4
1024 8.8
1024 7.0
1025 3.6
1025 6.2
1026 2.6
1026 0.2
1027 -4.7
1027 -3.1
1028 -4.5
1028 -0.5
1029 -1.1
1029 4.4
1030 4.0
1030 1.0
1031 -2.1
1031 2.6
1101 2.4
1101 0.8
1102 -0.9
1102 -2.3
1103 -4.3
1103 -0.7
1104 -1.3
1104 2.0
1105 8.4
1105 4.6
1106 -3.9
1106 -3.3
1107 -6.1
1107 -0.9
1108 -2.3
1108 4.4
1109 -0.9
1109 3.4
1110 1.6
1110 8.6
1111 2.4
1111 0.2
1112 -5.1
1112 -5.7
1113 -13.9
1113 -9.9
1114 -11.7
1114 -6.3
1115 -9.7
1115 -3.5
1116 -10.5
1116 -3.9
1117 -10.9
1117 -3.9
1118 -5.7
1118 -2.3
1119 -5.5
1119 -1.1
1120 -0.5
1120 5.4
1121 -3.7
1121 -1.5
1122 -9.1
1122 -3.9
1123 -7.9
1123 -1.9
1124 -11.7
1124 -7.7
1125 -11.3
1125 -5.3
1126 3.0
1126 8.0
1127 -8.5
1127 -7.1
1128 -10.9
1128 -7.5
1129 -10.5
1129 -4.5
1130 -1.7
1130 -9.1
1201 -16.1
1201 -15.1
1202 -16.1
1202 -16.9
1203 -17.1
1203 -14.3
1204 -18.7
1204 -15.7
1205 -16.9
1205 -14.9
1206 -20.5
1206 -16.1
1207 -17.7
1207 -13.7
1208 -20.3
1208 -15.3
1209 -18.7
1209 -10.3
1210 -10.7
1210 -12.9
1211 -22.7
1211 -17.3
1212 -19.3
1212 -20.5
1213 -22.3
1213 -19.3
1214 -22.9
1214 -23.9
1215 -22.5
1215 -18.3
1216 -23.1
1216 -24.5
1217 -28.9
1217 -24.9
1218 -29.5
1218 -20.1
1219 -12.3
1219 -18.9
1220 -26.1
1220 -23.3
1221 -28.7
1221 -17.1
1222 -23.1
1222 -18.3
1223 -16.5
1223 -16.3
1224 -22.5
1224 -11.5
1225 -19.5
1225 -13.9
1226 -16.1
1226 -15.3
1227 -19.3
1227 -3.3
1228 -10.7
1228 -10.9
1229 -13.9
1229 -16.3
1230 -17.3
1230 -13.7
1231 -14.7
1231 -16.5
0101 -17.9
0102 -22.7
0102 -15.7
0103 -14.3
0103 -12.1
0104 -14.1
0104 -11.7
0105 -14.1
0105 -11.5
0106 -20.1
0106 -19.5
0107 -22.7
0107 -18.1
0108 -26.1
0108 -19.9
0109 -19.1
0109 -15.5
0110 -22.5
0110 -16.5
0111 -23.9
0111 -16.5
0112 -19.5
0112 -12.3
0113 -18.1
0113 -7.9
0114 -15.7
0114 -15.5
0115 -20.1
0115 -17.1
0116 -18.5
0116 -15.7
0117 -18.1
0117 -13.3
0118 -16.3
0118 -11.3
0119 -21.1
0119 -18.1
0120 -17.7
0120 -15.9
0121 -23.3
0121 -15.1
0122 -22.7
0122 -17.7
0123 -21.5
0123 -11.1
0124 -12.7
0124 -13.9
0125 -15.1
0125 -6.1
0126 -8.5
0126 -16.9
0127 -23.5
0127 -17.9
0128 -22.3
0128 -14.1
0129 -18.3
0129 -10.3
0130 -20.9
0130 -14.5
0131 -24.7
0131 -13.1
0201 -20.9
0202 -19.3
0202 -11.9
0203 -20.3
0203 -12.9
0204 -16.9
0204 -11.7
0205 -18.7
0205 -9.5
0206 -12.9
0206 -6.3
0207 -16.1
0207 -21.3
0208 -26.1
0208 -20.1
0209 -27.3
0209 -17.1
0210 -24.3
0210 -13.1
0211 -16.9
0211 -12.9
0212 -15.5
0212 -16.7
0213 -19.9
0213 -10.5
0214 -18.7
0214 -9.5
0215 -20.1
0215 -8.7
0216 -7.3
0216 -1.7
0217 -4.1
0217 -3.7
0218 -10.5
0218 -8.3
0219 -17.5
0219 -6.5
0220 -11.9
0220 2.2
0221 0.4
0221 1.4
0222 -5.9
0222 -6.1
0223 -7.5
0223 -8.9
0224 -14.5
0224 -12.3
0225 -21.5
0225 -13.7
0226 -15.5
0226 -10.7
0227 -16.9
0227 -8.1
0228 -12.5
0228 -3.7
0301 -5.7
0301 -7.9
0302 -14.3
0302 -9.5
0303 -17.9
0303 -11.5
0304 -11.7
0304 -10.5
0305 -17.3
0305 -5.1
0306 -3.7
0306 1.8
0307 -3.9
0307 -3.7
0308 -9.7
0308 -6.5
0309 -9.7
0309 -15.3
0310 -19.3
0310 -14.7
0311 -16.1
0311 -9.1
0312 -10.1
0312 -7.3
0313 -6.7
0313 -2.7
0314 -6.7
0314 1.4
0315 0.6
0315 1.0
0316 3.0
0316 1.2
0317 -2.9
0317 -1.1
0318 0.6
0318 0.6
0319 -0.5
0319 3.0
0320 0.2
0320 1.4
0321 3.4
0321 4.6
0322 -4.3
0322 -4.5
0323 -7.1
0323 -2.1
0324 -4.5
0324 2.2
0325 2.6
0325 11.8
0326 6.4
0326 15.4
0327 8.8
0327 11.0
0328 7.0
0328 5.0
0329 0.2
0329 7.8
0330 9.4
0330 6.6
0331 2.0
0331 2.2
0401 2.4
0401 7.6
0402 6.0
0402 4.0
0403 3.0
0403 5.8
0404 0.8
0404 -1.3
0405 -1.1
0405 -3.1
0406 -4.7
0406 -2.3
0407 -4.5
0407 -0.7
0408 1.0
0408 6.4
0409 3.4
0409 4.4
0410 0.4
0410 3.0
0411 2.2
0411 1.6
0412 -1.1
0412 4.4
0413 3.0
0413 10.6
0414 7.6
0414 8.2
0415 6.8
0415 17.0
0416 8.4
0416 8.4
0417 5.0
0417 8.6
0418 5.4
0418 8.6
0419 6.8
0419 9.0
0420 6.0
0420 10.8
0421 5.6
0421 7.2
0422 8.6
0422 18.0
0423 7.6
0423 10.0
0424 8.4
0424 11.0
0425 13.8
0425 22.8
0426 18.8
0426 22.2
0427 15.6
0427 19.4
0428 15.2
0428 21.4
0429 19.6
0429 23.8
0430 17.4
0430 18.0
0501 16.6
0501 14.6
0502 10.6
0502 13.8
0503 13.0
0503 14.8
0504 10.8
0504 11.0
0505 11.8
0505 7.0
0506 4.4
0506 8.8
0507 5.6
0507 8.8
0508 4.4
0508 5.8
0509 6.6
0509 11.8
0510 10.6
0510 15.6
0511 9.4
0511 10.8
0512 10.6
0512 10.2
0513 9.0
0513 12.6
0514 10.6
0514 12.8
0515 7.0
0515 10.6
0516 7.4
0516 10.2
0517 9.0
0517 13.8
0518 11.8
0518 12.0
0519 10.8
0519 12.4
0520 15.4
0520 18.6
0521 16.8
0521 19.0
0522 19.8
0522 17.6
0523 18.6
0523 21.2
0524 20.8
0524 29.4
0525 18.0
0525 18.2
0526 14.2
0526 19.6
0527 18.6
0527 21.6
0528 16.8
0528 18.8
0529 20.8
0529 19.4
0530 14.8
0530 18.4
0531 19.2
0531 15.8
0601 19.0
0601 19.0
0602 16.6
0602 12.8
0603 14.4
0603 20.6
0604 21.2
0604 23.0
0605 17.8
0605 17.0
0606 15.8
0606 16.2
0607 15.2
0607 16.2
0608 18.2
0608 17.6
0609 15.8
0609 20.8
0610 20.6
0610 21.6
0611 19.6
0611 18.0
0612 18.6
0612 19.4
0613 18.0
0613 21.4
0614 20.6
0614 25.6
0615 24.6
0615 28.0
0616 25.6
0616 27.2
0617 26.2
0617 25.2
0618 23.4
0618 23.8
0619 21.2
0619 24.2
0620 23.6
0620 26.0
0621 25.2
0621 29.6
0622 26.0
0622 30.6
0623 24.6
0623 28.0
0624 24.0
0624 27.8
0625 24.2
0625 20.8
0626 21.8
0626 26.2
0627 23.4
0627 24.6
0628 23.6
0628 21.6
0629 17.4
0629 20.0
0630 20.4
0630 21.6
0701 17.8
0701 18.0
0702 17.4
0702 17.8
0703 19.0
0703 22.0
0704 20.6
0704 24.6
0705 23.6
0705 24.8
0706 23.4
0706 26.0
0707 23.8
0707 27.4
0708 22.4
0708 25.6
0709 23.2
0709 27.6
0710 28.4
0710 29.4
0711 23.0
0711 26.2
0712 22.6
0712 23.6
0713 21.6
0713 25.0
0714 21.2
0714 23.2
0715 19.0
0715 21.4
0716 19.2
0716 21.6
0717 19.2
0717 22.0
0718 21.6
0718 25.8
0719 23.2
0719 26.8
0720 25.0
0720 27.0
0721 25.6
0721 23.8
0722 23.0
0722 24.6
0723 25.0
0723 24.4
0724 23.0
0724 23.0
0725 23.0
0725 22.8
0726 23.6
0726 25.6
0727 21.8
0727 23.8
0728 20.6
0728 23.0
0729 22.4
0729 23.2
0730 22.2
0730 23.0
0731 20.4
0731 24.6
0801 22.8
0801 25.2
0802 24.8
0802 25.0
0803 24.0
0803 28.0
0804 24.8
0804 24.8
0805 24.2
0805 26.8
0806 26.0
0806 24.4
0807 23.6
0807 26.6
0808 24.0
0808 19.6
0809 21.0
0809 23.2
0810 21.0
0810 24.2
0811 21.6
0811 23.0
0812 21.4
0812 24.6
0813 24.0
0813 25.4
0814 23.8
0814 25.8
0815 23.0
0815 21.6
0816 20.6
0816 21.0
0817 21.0
0817 19.6
0818 20.6
0818 23.0
0819 19.4
0819 22.8
0820 20.2
0820 20.4
0821 19.6
0821 19.6
0822 20.2
0823 21.4
0823 19.8
0824 20.0
0824 22.2
0825 21.4
0825 21.2
0826 19.2
0826 21.8
0827 21.8
0827 17.8
0828 18.2
0828 19.0
0829 18.2
0829 19.0
0830 18.8
0830 20.0
0831 19.4
0831 19.6
0901 18.4
0901 21.2
0902 20.0
0902 19.4
0903 16.0
0903 19.4
0904 15.4
0904 15.4
0905 13.2
0905 15.0
0906 14.6
0906 18.0
0907 16.2
0907 16.6
0908 17.4
0908 20.6
0909 17.2
0909 14.0
0910 11.0
0910 14.6
0911 13.4
0911 16.2
0912 10.8
0912 11.4
0913 10.8
0913 15.8
0914 15.6
0914 20.6
0915 19.2
0915 22.4
0916 18.8
0916 20.6
0917 18.4
0917 20.0
0918 17.8
0918 20.6
0919 15.8
0919 16.0
0920 12.8
0920 16.4
0921 16.2
0921 18.2
0922 15.6
0922 23.2
0923 8.0
0923 10.0
0924 9.2
0924 13.0
0925 11.4
0925 11.8
0926 9.0
0926 11.4
0927 7.8
0927 10.8
0928 7.6
0928 10.0
0929 6.6
0929 10.8
0930 10.0
0930 14.4
1001 6.8
1001 6.0
1002 5.2
1002 7.6
1003 5.2
1003 6.2
1004 5.6
1004 9.4
1005 11.2
1005 20.0
1006 13.8
1006 14.0
1007 14.0
1007 17.2
1008 9.6
1008 8.8
1009 4.2
1009 8.2
1010 6.0
1010 6.2
1011 6.6
1011 7.2
1012 2.8
1012 4.6
1013 -0.1
1013 5.4
1014 2.2
1014 11.6
1015 6.8
1015 14.8
1016 13.4
1016 20.0
1017 13.6
1017 9.4
1018 2.8
1018 4.4
1019 4.2
1019 6.0
1020 0.8
1020 2.8
1021 -0.3
1021 5.6
1022 2.4
1022 11.4
1023 7.0
1023 12.6
1024 -0.3
1024 -0.3
1025 -2.9
1025 3.0
1026 -0.1
1026 7.0
1027 0.4
1027 -0.9
1028 -3.7
1028 0.4
1029 -6.1
1029 -3.9
1030 -5.5
1030 -2.3
1031 -4.7
1031 2.4
1101 1.4
1101 10.0
1102 1.0
1102 1.4
1103 1.0
1103 13.6
1104 10.6
1104 9.0
1105 -2.3
1105 -4.7
1106 -7.5
1106 -3.9
1107 -6.1
1107 -1.7
1108 -5.9
1108 -1.3
1109 -3.7
1109 -3.9
1110 -9.5
1110 -7.5
1111 -7.7
1111 -6.3
1112 -9.3
1112 -4.1
1113 2.0
1113 0.4
1114 7.4
1114 10.2
1115 1.2
1115 -3.9
1116 -8.1
1116 -5.5
1117 -9.5
1117 -9.3
1118 -11.3
1118 -5.7
1119 -8.5
1119 -9.3
1120 -13.1
1120 -10.5
1121 -13.7
1121 -10.1
1122 -14.5
1122 -11.9
1123 -17.1
1123 -14.5
1124 -19.5
1124 -13.7
1125 -17.3
1125 -12.9
1126 -18.1
1126 -13.1
1127 -18.5
1127 -13.3
1128 -15.9
1128 -11.1
1129 -14.1
1129 -8.9
1130 -9.9
1130 -8.1
1201 -9.1
1201 -5.1
1202 -4.9
1202 -7.7
1203 -11.5
1203 -11.5
1204 -11.5
1204 -10.3
1205 -10.3
1205 -13.9
1206 -20.3
1206 -17.5
1207 -24.3
1207 -19.5
1208 -20.3
1208 -1.1
1209 -7.9
1209 -3.9
1210 -3.3
1210 -10.5
1211 -19.7
1211 -13.5
1212 -16.5
1212 -18.3
1213 -22.3
1213 -16.7
1214 -19.9
1214 -9.5
1215 -8.7
1215 -11.7
1216 -19.7
1216 -17.5
1217 -20.5
1217 -10.7
1218 -18.5
1218 -13.7
1219 -11.5
1219 -8.1
1220 -5.7
1220 -7.3
1221 -13.3
1221 -9.1
1222 -11.1
1222 -15.9
1223 -8.7
1223 -17.3
1224 -21.9
1224 -18.7
1225 -26.9
1225 -23.5
1226 -29.7
1226 -25.3
1227 -26.9
1227 -20.3
1228 -24.9
1228 -17.9
1229 -21.1
1229 -19.3
1230 -25.7
1230 -16.5
1231 -20.5
1231 -12.5
