9.28 12.04 10.9 10.59 12.31 9.27 10.14 12.0 11.53 10.62 11.84 10.11 11.71 10.4 12.92 7.93 11.57 11.6 12.29 11.03 10.59 10.74 10.5 11.9 11.64 10.66 11.15 12.43 10.03 9.55 11.52 
14.75 15.48 16.39 19.35 15.5 11.85 17.76 17.92 18.72 15.61 14.92 18.29 15.66 15.95 14.15 14.76 15.54 14.6 16.0 16.38 15.77 15.35 15.3 16.69 17.78 16.0 14.0 16.0 
16.53 15.05 16.49 17.52 17.1 16.9 16.87 14.7 17.28 20.46 16.95 16.51 13.57 16.67 15.86 18.58 17.35 18.02 16.27 15.55 17.1 12.97 18.27 15.06 18.37 14.17 16.1 16.5 16.6 16.96 15.08 
27.51 33.24 31.31 30.54 30.58 32.63 31.2 27.62 26.55 32.25 33.74 30.99 30.57 29.73 34.41 35.07 36.07 31.21 29.91 31.76 32.75 29.49 36.67 28.2 28.03 30.17 29.83 27.96 29.17 31.82 
57.03 67.7 49.94 62.52 68.45 71.31 69.86 50.72 67.83 62.08 69.31 76.09 71.64 59.87 52.46 48.59 56.11 58.82 66.11 53.16 75.3 62.88 66.08 66.0 68.47 60.26 77.93 64.09 54.47 67.4 58.8 
21.07 21.18 20.67 25.53 23.92 17.26 21.89 18.28 20.78 22.01 24.14 18.53 13.15 23.22 20.39 20.73 20.95 25.71 20.23 14.48 20.27 16.97 21.56 20.44 24.02 19.94 21.71 18.6 18.63 21.06 
609.84 573.94 509.47 539.06 409.61 521.3 445.55 577.31 491.26 491.98 520.07 493.0 573.37 459.06 521.0 540.47 500.97 406.93 552.43 525.88 493.78 479.17 519.69 560.72 486.79 535.57 529.55 456.49 586.04 548.96 521.81 
76.12 73.32 80.0 75.19 90.23 71.14 71.84 87.58 83.89 78.28 84.37 88.54 84.85 72.49 67.4 69.57 87.42 78.42 88.46 86.67 80.98 88.33 85.14 78.64 71.62 85.04 75.92 83.49 84.21 79.87 83.32 
9.17 8.88 8.65 6.56 8.4 8.24 8.5 8.88 7.09 8.18 8.51 7.1 8.64 7.73 8.69 8.57 8.78 8.09 7.76 9.15 7.81 9.1 9.49 9.24 7.76 7.51 7.61 7.48 7.56 8.54 
7.41 6.81 8.01 7.05 6.92 7.53 7.31 6.69 8.07 6.92 7.08 7.42 6.78 8.85 6.58 7.1 7.09 7.72 6.09 6.78 7.5 6.85 6.76 6.92 7.69 6.29 7.31 7.36 6.59 7.26 7.0 
53.69 39.85 47.66 42.44 44.35 52.11 46.76 53.48 57.12 53.59 44.93 51.38 47.21 44.29 40.26 43.61 48.0 39.85 51.1 44.28 49.45 50.24 45.79 40.88 48.77 54.12 55.63 50.48 45.47 52.99 
5.85 5.57 5.79 6.77 5.69 5.02 5.0 4.24 6.18 6.46 6.62 5.5 6.06 4.94 5.79 5.82 6.07 4.53 4.59 5.45 6.71 5.14 4.85 5.78 5.34 6.17 4.55 6.4 5.19 5.52 4.75 
