2.68 2.66 2.75 2.41 2.81 1.98 2.6 2.97 2.28 2.36 2.64 2.27 2.18 2.6 2.47 2.69 2.96 2.54 2.97 3.07 3.31 2.83 2.39 2.38 2.41 2.71 2.59 2.57 2.54 2.78 2.5 
6.93 6.47 6.58 5.23 7.56 5.85 6.94 6.16 6.16 7.22 7.55 6.42 5.65 6.89 6.44 6.48 6.87 5.94 6.76 5.78 7.03 6.6 6.65 6.84 6.0 5.9 7.1 6.62 
1.02 1.33 1.0 1.26 1.0 1.2 1.04 1.21 1.2 1.3 1.26 1.26 1.31 1.09 1.24 1.04 1.28 1.13 1.11 1.14 1.28 1.08 0.96 1.26 1.24 1.25 1.2 1.23 1.48 1.05 1.1 
16.39 19.15 19.77 19.46 16.41 17.89 18.51 14.66 17.33 19.24 17.11 14.65 18.23 16.49 17.35 13.42 18.75 17.59 15.21 16.47 16.58 16.57 18.33 16.76 14.94 17.58 20.07 17.41 18.34 17.18 
62.91 69.37 77.86 85.0 81.98 74.57 72.74 63.58 72.97 67.86 80.84 76.25 74.96 79.42 68.7 75.0 77.98 72.04 68.55 69.99 61.66 90.66 70.88 75.52 68.41 80.69 79.9 74.05 55.57 75.38 64.61 
51.06 49.61 48.75 57.03 47.49 49.27 49.4 42.51 46.3 52.38 48.43 45.92 45.62 49.85 52.07 39.75 44.01 47.69 42.77 54.76 42.02 49.58 45.73 52.08 42.26 55.06 56.54 52.94 46.78 42.47 
135.99 128.2 136.8 120.76 158.43 152.19 116.99 143.79 143.41 121.04 126.59 116.98 128.52 154.78 123.31 126.71 132.82 130.38 125.14 112.34 125.18 127.56 159.16 144.6 131.13 117.94 126.2 135.87 135.35 153.3 139.2 
65.43 54.79 62.22 53.03 61.54 58.1 64.74 66.69 63.21 72.32 58.43 52.36 63.93 67.53 74.62 72.17 68.3 57.13 67.07 55.71 63.55 58.98 59.16 68.96 63.84 57.53 67.6 58.77 65.85 51.78 56.52 
21.89 23.32 28.55 28.69 26.85 26.34 29.84 27.93 25.39 29.86 28.94 21.57 32.1 32.19 30.96 24.24 30.75 27.36 29.49 31.08 29.46 29.81 30.6 26.95 34.45 30.17 32.77 26.0 29.26 26.95 
27.4 26.29 23.06 23.99 24.45 22.48 24.78 18.84 23.89 23.84 24.2 24.16 25.53 25.04 25.68 27.54 24.97 22.86 21.45 25.26 25.1 30.55 24.59 24.83 26.92 23.82 25.4 21.91 25.72 25.92 24.88 
39.93 43.61 41.35 34.89 38.09 40.41 40.58 46.32 30.55 44.38 36.62 39.42 44.99 32.32 42.3 40.69 43.44 35.34 40.61 33.18 34.89 44.74 46.16 35.96 32.4 41.47 40.3 41.24 44.78 37.08 
5.02 4.24 3.85 3.89 3.69 3.54 3.97 4.96 4.15 3.22 3.55 3.96 4.41 4.3 4.38 3.62 4.58 3.91 3.61 3.49 2.66 3.69 3.95 4.12 3.84 4.28 4.65 3.45 3.92 4.22 4.32 
