24.2 20.75 18.3 19.46 22.51 21.91 20.75 20.13 19.03 18.87 22.42 21.2 19.71 19.72 22.98 19.25 23.06 21.03 20.58 21.69 19.02 20.02 19.12 18.41 18.91 20.2 19.75 22.39 21.39 17.89 20.61 
27.71 27.67 24.26 25.85 20.72 23.62 28.5 28.89 25.63 24.14 27.09 34.25 31.85 30.27 25.97 18.32 24.96 32.65 24.0 29.61 27.02 29.96 27.65 22.2 27.82 27.98 25.86 27.93 
0.0 0.0 0.0 0.0 0.0 0.0 0.0 0.0 0.0 0.0 0.0 0.0 0.0 0.0 0.0 0.0 0.0 0.0 0.0 0.0 0.0 0.0 0.0 0.0 0.0 0.0 0.0 0.0 0.0 0.0 0.0 
56.95 66.76 61.56 58.22 61.16 53.97 54.46 51.81 62.7 56.46 65.44 52.41 54.43 57.93 58.07 62.05 58.48 61.86 65.95 67.4 59.12 55.8 57.64 69.3 59.61 60.58 57.05 53.6 68.94 63.63 
43.95 46.49 39.53 40.63 36.94 46.4 49.72 43.28 44.61 35.15 42.9 39.77 38.74 40.12 33.64 43.42 45.32 38.09 39.56 46.82 38.92 40.59 35.88 44.31 41.73 38.0 47.88 44.24 41.24 35.58 37.2 
38.68 42.72 44.65 42.69 41.0 44.11 49.25 43.7 38.99 49.01 37.93 35.03 41.13 39.73 40.43 44.66 43.28 38.07 39.26 40.23 34.84 40.37 48.67 38.64 41.49 40.46 41.32 37.34 47.35 41.17 
80.67 90.83 72.97 67.12 67.25 76.2 55.96 70.46 79.61 62.56 74.0 73.78 82.83 65.91 67.28 61.56 74.64 68.68 66.78 79.49 72.96 63.77 74.46 57.98 78.66 72.17 70.36 86.41 79.41 77.13 78.77 
164.71 192.31 154.66 169.13 185.35 218.76 189.67 186.21 208.04 191.24 188.21 200.41 177.29 172.28 182.4 175.41 174.75 201.77 177.95 153.28 190.62 175.53 194.22 180.64 203.35 199.15 167.49 191.74 181.8 191.61 202.87 
41.11 45.11 45.75 37.99 43.25 40.03 38.4 45.43 46.17 43.59 38.32 40.6 41.92 35.59 54.37 48.31 47.59 47.26 36.76 47.56 46.57 46.89 41.99 52.35 38.86 36.44 48.24 32.96 55.54 47.68 
20.38 24.88 21.46 22.01 20.31 24.59 24.91 20.6 20.87 19.46 20.81 24.37 23.97 23.59 22.65 23.29 22.23 22.32 20.41 21.18 19.54 19.82 23.74 29.37 20.74 24.25 21.98 19.35 22.06 21.75 23.02 
59.1 57.49 68.19 74.8 72.49 60.35 69.05 66.23 60.58 71.22 60.97 55.22 63.33 72.28 61.64 58.49 69.34 63.91 71.95 76.83 72.68 72.91 61.7 64.59 57.0 65.21 68.76 68.09 68.84 65.28 
6.85 7.03 6.64 6.29 6.31 7.04 5.96 6.54 5.97 6.59 5.91 6.06 5.67 6.91 5.96 7.03 5.61 6.91 6.1 5.77 6.58 5.39 6.13 6.19 6.79 6.91 6.94 5.9 7.26 6.69 6.35 
