3.15 2.8 3.25 3.08 3.19 2.6 3.17 2.18 3.17 3.07 3.24 3.07 3.34 3.44 3.0 2.77 2.97 2.84 2.66 3.13 2.54 2.33 3.31 2.82 2.88 2.74 3.06 2.55 3.08 3.08 2.68 
15.76 14.33 13.85 16.54 16.07 13.31 16.43 14.91 14.76 16.24 16.51 17.44 15.23 15.3 15.76 15.82 14.7 16.37 17.16 15.84 17.29 17.79 15.61 15.33 17.12 16.81 16.78 18.37 20.93 
2.49 2.06 2.99 2.59 2.71 2.39 2.83 2.67 2.34 2.79 2.79 2.5 2.43 2.78 3.33 3.19 2.89 2.46 2.88 2.99 3.33 2.34 3.06 2.37 2.25 2.49 3.0 3.19 2.73 3.25 2.96 
31.72 25.2 26.88 29.68 32.26 34.63 29.06 27.3 25.69 23.21 29.7 24.16 30.55 31.84 28.33 24.15 26.06 27.34 26.44 28.74 26.65 23.68 31.91 28.8 28.44 28.65 25.78 30.91 24.75 28.19 
78.98 74.94 91.24 73.73 85.55 99.18 82.46 77.76 78.44 76.4 76.91 73.75 85.77 73.02 91.03 84.88 88.11 65.99 88.4 75.29 83.86 84.88 79.73 82.1 70.47 83.97 80.33 71.52 85.47 73.97 80.86 
66.95 68.05 60.97 69.54 62.6 68.16 66.5 62.23 63.59 66.18 80.31 63.14 56.92 68.22 70.9 65.73 60.91 82.11 73.48 82.81 72.78 67.64 64.12 62.51 58.62 60.36 73.37 60.09 69.81 70.96 
60.7 62.22 68.97 64.53 68.27 69.37 59.83 56.53 68.87 68.06 79.99 68.69 61.47 56.63 67.72 46.55 60.7 52.11 54.71 70.85 63.85 63.15 71.67 60.33 57.3 60.05 43.55 66.83 57.04 63.24 59.9 
62.46 68.86 61.13 61.83 60.47 68.54 61.78 72.37 56.26 76.75 62.73 58.84 50.24 67.43 51.39 66.65 69.99 68.75 65.04 61.04 81.51 68.9 68.23 67.44 57.9 73.26 60.45 58.83 66.86 63.55 57.94 
19.04 21.64 20.75 17.83 17.79 19.74 19.89 19.9 18.73 20.22 16.24 18.41 18.97 23.03 19.27 18.33 19.4 17.82 18.1 20.59 16.29 21.96 18.09 18.11 20.61 23.85 20.74 20.96 19.19 22.16 
11.71 10.63 12.5 9.69 12.33 12.99 13.01 11.81 10.61 14.31 12.58 13.71 11.99 14.68 10.14 12.16 11.76 12.89 12.92 11.65 13.44 12.94 12.31 13.66 10.66 13.34 14.57 11.17 11.21 11.77 13.82 
14.24 15.73 14.79 15.91 15.25 14.6 16.82 18.64 15.87 16.52 14.76 13.79 17.18 15.18 12.72 15.66 15.82 14.31 14.9 16.58 14.36 14.46 14.77 13.18 16.27 13.89 13.33 15.2 17.88 14.57 
3.1 2.75 3.2 2.92 3.2 2.66 2.48 2.51 3.28 3.13 3.01 2.68 2.47 3.06 2.96 3.11 2.93 3.16 2.68 3.25 3.19 3.1 2.56 3.38 3.04 2.79 2.83 2.64 2.63 3.72 3.22 
