9.13 8.51 8.9 10.96 11.54 10.88 11.22 9.52 10.69 8.58 9.15 12.13 10.3 9.77 10.11 9.14 10.41 12.05 9.68 9.19 11.78 9.13 10.04 9.9 9.11 11.33 10.86 9.69 9.76 10.27 10.86 
3.52 3.41 2.38 3.1 2.95 3.17 3.19 2.68 2.61 3.07 3.11 3.46 3.46 3.0 2.86 3.28 3.62 3.74 2.95 2.58 3.28 2.79 2.95 2.91 3.01 3.12 3.15 3.11 
0.0 0.0 0.0 0.0 0.0 0.0 0.0 0.0 0.0 0.0 0.0 0.0 0.0 0.0 0.0 0.0 0.0 0.0 0.0 0.0 0.0 0.0 0.0 0.0 0.0 0.0 0.0 0.0 0.0 0.0 0.0 
18.71 21.22 22.82 19.69 23.13 19.51 19.8 21.85 17.12 20.45 22.05 22.05 21.0 17.18 23.21 22.14 25.35 15.97 19.89 21.15 23.42 25.63 23.55 22.69 21.24 20.66 23.12 19.93 25.24 19.92 
23.88 25.24 24.42 24.54 23.03 23.64 21.86 23.55 25.97 26.48 25.1 22.04 23.72 24.27 19.53 22.85 22.81 23.81 28.48 20.44 26.66 21.34 24.64 26.39 25.86 26.72 25.71 25.97 26.1 26.25 25.37 
17.54 18.75 17.21 19.31 19.37 15.26 17.39 18.87 17.94 18.21 18.99 19.71 17.45 20.79 19.63 16.83 18.07 20.2 17.07 20.59 19.25 15.46 22.6 19.69 17.82 20.49 19.8 17.81 17.78 19.48 
32.97 41.53 36.97 33.88 33.33 39.51 35.84 38.08 35.32 43.52 33.1 42.92 36.92 39.42 40.52 41.97 37.08 39.19 36.35 30.67 39.82 40.29 37.54 35.71 33.87 30.66 43.47 35.76 42.9 39.48 35.85 
298.33 335.81 312.85 293.36 287.12 312.78 340.86 265.83 340.47 293.58 298.89 273.71 292.2 327.7 360.39 316.43 278.75 322.67 335.28 316.39 318.35 318.73 307.03 316.42 310.42 297.89 340.55 305.84 345.84 300.63 298.44 
5.27 3.49 4.74 4.33 4.24 4.24 4.01 3.59 3.94 4.35 4.03 4.69 3.91 4.15 4.4 3.82 3.82 4.35 4.11 4.75 4.11 3.99 3.73 3.52 3.49 3.83 3.7 3.96 4.36 4.49 
92.86 71.01 72.78 82.02 86.33 89.87 80.87 77.04 76.42 97.45 87.62 73.12 89.08 100.42 79.03 74.89 87.3 82.14 79.86 80.55 89.14 93.17 73.95 81.11 93.9 65.46 89.45 84.38 89.11 77.54 65.94 
4.6 6.25 5.24 5.61 5.7 4.52 6.64 5.83 5.78 6.01 5.75 5.51 5.35 5.47 5.88 6.08 6.82 5.87 6.01 5.05 5.9 4.58 5.46 6.05 4.96 6.43 5.89 6.58 4.35 5.84 
1.22 1.1 1.02 0.84 1.13 1.0 1.23 1.01 1.01 0.93 1.18 1.05 1.04 1.13 1.19 1.13 1.02 1.05 1.09 0.97 1.13 1.1 1.21 1.01 1.03 0.98 1.0 1.07 1.05 0.91 0.94 
