8.69 9.62 8.81 8.32 9.24 8.76 9.83 9.48 7.99 9.17 8.18 9.08 9.32 11.34 8.91 9.08 9.12 11.52 8.47 8.65 8.79 9.65 9.7 8.54 8.4 9.39 9.24 9.07 8.61 8.68 9.87 
3.71 3.8 3.87 4.25 3.32 4.11 3.76 4.14 4.58 3.81 3.94 4.0 3.69 3.99 4.09 3.9 3.74 4.01 3.36 3.93 3.82 4.48 4.43 4.36 4.21 4.48 3.5 3.9 
2.42 2.54 1.95 2.5 2.29 2.15 2.78 2.6 2.67 2.37 2.26 2.61 2.64 2.66 2.13 2.31 2.3 2.63 2.33 2.23 1.99 2.26 2.46 2.48 2.19 2.04 2.46 2.07 2.28 2.26 2.1 
43.33 43.06 40.1 39.02 39.82 35.84 36.37 36.88 37.67 46.6 38.44 38.02 32.42 31.6 34.49 31.81 28.69 38.4 33.92 33.82 40.25 32.35 36.68 38.95 40.5 36.25 30.33 41.4 30.63 37.77 
63.55 53.28 60.68 67.28 59.87 64.34 53.71 70.16 66.12 54.6 64.26 55.87 63.99 65.42 54.79 68.79 60.48 66.33 62.32 64.97 65.73 57.95 59.96 66.17 71.7 70.58 61.95 56.91 56.0 54.13 69.82 
55.35 53.16 52.66 51.1 51.1 44.46 45.48 51.79 51.9 53.6 56.03 45.35 55.67 48.63 56.24 54.22 54.98 52.69 56.14 46.4 53.35 40.83 52.1 47.19 44.39 65.62 48.46 48.76 41.29 60.96 
7.09 8.32 7.9 8.09 8.66 7.13 7.75 7.85 9.29 8.14 9.12 7.35 8.97 7.85 8.98 7.79 7.79 6.44 7.6 7.08 7.59 6.52 7.49 7.74 8.02 7.83 8.1 8.02 8.09 7.55 8.96 
283.55 341.61 330.68 346.96 308.48 315.07 337.65 295.11 389.27 351.82 340.32 345.4 392.28 296.7 309.91 277.1 369.1 318.4 315.92 310.77 326.8 273.3 336.62 325.81 369.95 330.08 271.29 314.47 365.12 346.19 261.0 
6.24 6.06 5.93 5.67 6.05 5.52 6.04 5.86 5.21 5.74 6.15 6.21 6.79 6.24 6.09 5.05 5.38 5.78 5.86 5.25 6.31 6.29 6.33 6.64 5.54 6.01 6.62 5.13 6.12 6.6 
28.4 26.29 24.55 26.49 23.32 27.27 19.28 26.0 24.31 24.66 26.69 21.76 27.84 27.23 24.95 23.86 27.08 28.32 24.74 29.74 27.44 25.12 27.87 26.16 30.22 27.17 24.71 21.43 27.78 24.34 24.33 
8.41 9.27 9.34 9.33 9.22 9.69 8.04 7.84 8.2 9.19 9.05 9.5 8.41 8.78 10.36 9.01 7.73 7.9 8.38 10.67 6.9 9.25 8.43 9.61 6.55 8.28 8.93 10.64 8.19 8.53 
24.19 22.39 30.81 27.41 27.21 21.64 24.82 25.73 19.93 22.36 22.31 29.57 27.55 21.02 30.82 22.59 28.57 33.18 28.16 28.37 28.31 30.32 30.07 25.92 28.39 28.21 24.28 18.9 25.15 26.35 22.14 
