0.0 0.0 0.0 0.0 0.0 0.0 0.0 0.0 0.0 0.0 0.0 0.0 0.0 0.0 0.0 0.0 0.0 0.0 0.0 0.0 0.0 0.0 0.0 0.0 0.0 0.0 0.0 0.0 0.0 0.0 0.0 
3.77 4.09 4.12 4.37 4.1 3.54 4.01 4.66 5.16 4.34 4.84 5.72 4.28 4.46 3.95 3.92 4.81 3.63 4.18 4.41 4.65 4.65 3.77 3.7 5.04 4.22 3.96 4.47 
14.5 13.65 13.51 15.45 14.91 13.3 11.35 14.13 12.98 13.14 14.27 13.29 15.82 14.17 13.67 14.69 12.32 12.46 11.86 11.72 12.65 10.51 12.84 14.1 13.17 12.38 12.69 13.98 14.69 12.76 15.86 
20.24 21.19 25.97 23.67 24.95 24.15 20.45 22.55 23.23 25.47 23.69 27.44 28.06 24.52 25.56 20.86 21.93 24.12 20.02 24.3 22.15 23.75 23.14 24.95 25.28 25.14 19.2 22.36 21.37 22.98 
16.9 17.05 14.54 16.96 16.03 16.18 14.38 13.89 18.87 14.8 15.29 14.0 15.29 17.42 16.83 18.36 11.26 13.2 15.13 14.38 13.03 12.37 15.17 17.57 14.79 14.68 14.23 14.84 15.87 14.31 15.46 
14.58 11.47 12.75 14.01 13.62 13.7 11.2 13.99 12.22 12.0 12.08 13.05 11.85 13.56 9.53 12.26 11.2 11.72 11.54 13.77 11.86 13.0 12.76 11.26 15.06 13.67 12.82 13.13 11.79 11.85 
7.77 6.62 9.22 6.17 9.64 9.3 8.57 9.1 8.34 7.53 7.4 8.46 6.77 9.56 7.09 5.87 9.64 10.02 7.33 7.78 7.54 7.86 7.96 8.93 8.26 7.74 9.06 8.37 6.76 7.13 6.63 
309.42 311.58 354.33 289.14 303.59 308.58 307.87 342.32 304.5 289.97 297.06 350.43 329.03 304.01 266.19 289.2 322.46 356.93 349.46 287.9 313.29 290.99 367.42 253.0 349.22 412.79 360.51 308.94 319.11 322.23 318.23 
40.91 38.45 40.9 38.36 38.59 34.14 39.95 40.12 41.77 38.08 40.73 41.83 34.3 34.58 34.64 40.17 37.79 34.45 36.81 34.32 35.9 34.09 35.71 40.88 29.74 38.4 39.23 40.87 45.64 33.69 
13.11 13.52 13.08 13.32 14.55 17.39 13.48 11.73 14.29 15.16 13.63 13.96 13.7 14.98 12.42 14.83 16.25 13.17 11.99 14.43 14.54 14.95 13.9 13.4 12.2 12.83 12.69 13.9 13.89 13.95 13.38 
53.81 50.91 50.33 56.1 56.12 55.15 56.66 43.82 51.67 46.95 57.17 51.05 51.0 51.34 52.32 63.92 40.51 47.56 48.52 49.77 52.9 42.73 43.42 48.55 51.2 55.68 48.93 53.33 51.68 49.75 
26.47 25.82 27.28 22.42 28.59 25.01 27.83 28.11 27.87 19.23 24.09 23.72 25.62 26.69 27.57 26.4 25.09 26.84 21.59 28.37 27.07 27.44 28.4 22.84 27.7 26.33 31.4 29.5 27.49 24.01 26.69 
