3.45 4.44 3.59 5.12 4.2 4.15 4.92 4.2 3.44 4.39 4.59 4.13 5.04 4.39 4.01 3.68 4.44 4.35 3.89 4.72 3.34 3.8 4.26 4.87 5.49 4.09 4.44 4.14 3.91 4.15 5.04 
21.28 18.96 18.78 21.24 21.46 16.31 22.19 23.78 19.64 18.54 22.57 20.35 20.04 20.39 19.34 21.34 21.54 23.63 23.83 17.95 19.25 23.59 15.15 19.13 20.27 21.01 22.34 17.07 22.94 
2.67 2.8 3.28 2.78 3.18 3.39 3.35 3.49 2.85 3.03 3.34 2.51 3.59 3.31 2.8 2.81 2.98 3.9 2.87 3.54 2.79 3.53 2.82 3.18 3.5 3.3 3.3 3.08 2.81 4.19 3.58 
20.99 22.41 20.71 20.6 23.02 17.89 18.91 20.0 23.37 19.58 20.0 20.11 20.39 20.0 20.73 19.33 20.47 22.17 21.38 21.13 14.95 17.48 18.7 17.02 19.37 19.02 16.81 18.31 19.52 18.04 
195.71 202.67 236.66 225.15 201.72 208.74 194.04 194.82 234.97 214.69 197.37 224.62 193.22 216.02 221.61 162.84 228.33 234.4 175.13 204.94 228.96 204.47 210.72 181.1 208.02 215.2 192.1 200.01 209.85 186.37 174.92 
50.32 50.35 46.7 56.43 49.16 48.14 50.66 43.31 47.78 56.23 47.58 41.22 48.26 47.28 42.89 63.86 43.99 53.14 51.54 42.35 45.37 43.46 42.47 45.42 44.51 53.09 45.2 54.94 49.54 44.88 
114.02 133.38 106.63 108.26 133.57 102.29 113.43 130.69 122.65 120.51 144.47 106.89 109.12 109.62 125.56 105.78 99.9 118.96 111.92 113.9 135.87 137.74 109.91 113.07 108.33 109.04 117.43 107.07 108.95 118.09 120.54 
195.32 237.2 279.22 283.01 327.99 275.61 210.92 306.54 239.51 269.0 297.55 269.91 303.85 243.66 248.01 319.25 211.36 249.02 296.29 279.7 229.7 240.72 249.74 326.1 266.84 209.77 226.6 287.29 288.24 283.92 285.61 
61.22 64.62 65.02 76.4 61.38 68.85 75.65 65.38 62.94 73.79 65.72 56.18 56.61 67.85 66.16 55.14 62.45 64.4 71.58 58.69 60.04 73.61 71.46 63.95 73.78 64.01 62.2 56.36 59.74 55.9 
35.15 35.77 32.0 40.41 31.73 37.93 35.24 30.77 37.36 35.02 30.9 30.45 30.35 29.11 33.52 33.98 33.4 34.54 34.99 39.04 38.55 35.49 33.97 37.54 32.6 31.91 33.53 32.85 30.21 34.6 34.57 
67.95 64.45 76.25 68.18 57.61 63.09 70.21 66.86 69.36 60.26 58.37 57.31 68.57 61.38 57.76 65.4 74.54 65.54 66.56 69.99 54.1 66.47 50.48 76.89 66.96 58.04 72.5 53.99 59.03 65.26 
9.55 11.36 11.83 8.99 9.01 10.64 11.86 10.4 8.29 9.22 8.77 9.29 12.67 9.21 8.95 10.42 10.12 10.83 11.07 9.65 11.44 12.09 9.87 11.92 9.12 9.84 7.73 11.8 8.9 10.62 10.42 
