24.73 18.16 20.96 22.26 29.74 22.09 22.93 25.05 20.98 26.05 23.06 21.55 23.96 22.48 18.29 23.05 23.45 24.57 22.93 17.03 21.21 22.49 22.23 24.36 21.3 22.75 23.07 26.85 23.34 23.23 23.0 
36.85 35.98 33.13 30.64 30.54 32.07 36.85 29.28 31.3 34.52 41.68 31.11 30.56 38.69 35.19 39.47 34.86 39.97 38.59 36.95 29.04 35.83 34.27 33.54 38.66 36.91 37.07 33.65 
17.63 18.53 20.27 20.53 20.49 20.65 21.01 16.59 21.2 16.09 19.87 18.04 19.29 17.9 21.35 16.19 15.35 22.07 18.25 18.29 15.55 20.24 21.9 17.33 21.08 16.05 18.55 17.72 18.37 19.39 17.26 
67.39 74.9 64.09 66.38 82.16 68.45 60.91 74.06 68.39 70.36 61.19 83.11 74.86 62.57 66.81 59.51 67.11 72.73 66.45 76.6 57.93 73.54 70.32 59.17 68.27 60.8 58.18 63.65 56.04 74.07 
65.73 53.5 58.27 52.51 58.15 53.78 49.58 61.24 68.71 62.27 47.65 56.74 59.74 55.78 50.68 60.14 62.7 52.77 50.49 54.58 60.02 52.89 62.66 61.43 55.54 53.09 60.97 59.93 57.76 59.38 62.75 
101.99 104.52 92.59 92.32 87.34 94.41 92.48 115.43 100.03 106.95 98.56 105.13 105.36 94.43 86.31 109.86 105.7 97.71 108.94 114.09 119.23 99.6 108.92 100.81 114.12 103.31 101.75 123.32 99.79 104.21 
131.71 122.99 113.99 130.48 114.34 116.91 117.55 119.17 126.4 105.89 108.51 106.07 118.85 108.73 93.37 107.86 123.28 125.99 95.81 121.88 109.76 112.17 115.57 108.38 115.91 117.19 110.78 121.07 98.35 111.93 122.18 
49.99 39.27 51.03 54.12 47.67 49.83 51.62 48.09 51.92 52.54 53.1 59.16 57.76 52.92 49.24 54.31 40.68 49.69 50.84 48.86 47.33 52.61 42.24 46.49 49.15 46.77 48.71 44.53 50.96 43.2 52.29 
201.12 237.95 219.09 218.16 205.48 261.41 232.42 243.28 184.9 204.51 232.36 203.65 218.91 244.26 179.89 228.14 213.98 266.16 227.99 224.17 220.92 194.61 194.76 233.5 170.69 223.5 215.8 175.64 257.46 222.98 
59.25 50.77 45.75 56.95 59.36 55.34 56.44 55.61 69.42 57.34 46.15 52.11 44.92 56.8 48.5 55.46 50.46 55.07 61.54 63.44 58.13 60.4 60.37 57.48 61.07 55.28 58.53 57.05 60.04 57.82 53.14 
56.38 44.78 57.83 59.69 57.83 46.86 57.51 61.25 62.52 50.31 61.95 62.52 61.95 64.83 55.05 50.54 56.21 59.43 57.18 63.86 52.73 65.27 53.65 45.87 57.13 42.33 50.03 54.24 54.59 48.79 
1.45 1.65 1.48 1.61 1.58 1.33 1.56 1.54 1.52 1.55 1.65 1.44 1.5 1.5 1.62 1.59 1.78 1.54 1.46 1.95 1.58 1.27 1.58 1.6 1.73 1.42 1.49 1.46 1.75 1.53 1.85 
