4.13 4.26 4.47 4.19 4.2 5.51 6.47 5.56 5.26 4.79 4.67 4.4 4.96 4.11 4.65 3.78 5.18 4.82 3.97 5.4 3.52 4.83 4.98 4.22 4.42 4.09 4.8 4.32 4.29 5.72 4.62 
1.55 1.48 1.94 1.7 1.59 1.37 1.46 1.44 1.56 1.42 1.5 1.55 1.75 1.51 1.78 1.38 1.96 2.02 1.58 2.0 1.34 1.37 1.88 1.4 1.73 1.35 1.85 1.85 
69.86 67.17 72.57 69.28 66.43 64.12 65.26 88.67 72.35 68.29 74.58 67.34 64.69 68.91 58.9 72.18 72.15 71.5 69.5 70.05 68.66 65.81 58.99 67.41 71.64 58.59 76.6 73.22 72.99 69.17 70.48 
7.15 5.9 7.14 6.89 7.41 5.12 7.13 8.15 7.95 7.89 7.17 6.98 7.48 6.72 7.11 6.61 7.22 7.7 6.89 7.19 8.46 7.07 8.79 6.99 7.19 6.25 7.81 7.09 7.24 8.27 
30.11 31.03 24.59 26.97 27.79 28.53 25.42 28.7 30.1 26.09 24.08 33.5 31.88 27.16 31.93 32.32 31.33 29.47 27.64 29.19 22.14 26.63 26.11 26.27 30.19 25.04 27.66 27.16 29.37 29.32 31.92 
155.7 146.95 156.63 142.96 131.37 154.32 135.89 145.87 125.02 131.16 158.46 125.7 170.12 153.95 161.29 138.76 157.14 127.24 157.25 170.37 160.82 123.84 154.58 152.78 151.14 137.06 141.05 134.25 106.6 130.7 
93.17 83.22 100.97 91.1 83.97 116.7 99.76 90.49 79.69 103.17 98.66 104.89 103.83 96.7 95.66 102.0 99.2 96.96 96.89 101.15 101.11 99.48 107.56 103.26 103.93 102.66 69.1 101.89 76.94 104.1 80.32 
195.53 209.41 166.19 226.04 205.83 171.72 207.51 203.85 207.22 181.19 193.55 202.32 195.79 219.11 166.86 187.91 205.31 205.02 190.53 190.23 201.94 215.04 235.88 207.79 182.44 209.94 199.81 171.1 207.07 230.96 214.17 
283.96 301.85 335.47 281.96 297.04 276.09 284.86 316.25 282.75 272.74 298.21 240.94 306.39 301.1 341.22 313.15 275.95 274.19 269.91 265.12 291.09 225.72 289.81 294.1 240.16 319.06 279.91 241.59 274.32 284.37 
73.16 68.76 71.31 73.64 68.87 75.39 70.47 77.49 65.99 64.2 71.0 64.51 69.3 76.84 69.34 74.81 67.8 64.94 69.46 65.57 64.68 72.05 63.05 60.28 59.09 74.07 62.33 56.09 65.1 64.36 71.87 
73.02 79.43 79.79 57.54 71.69 71.79 75.69 74.09 62.0 64.95 58.2 65.46 57.2 78.03 73.38 65.56 75.17 76.41 54.12 66.5 78.4 61.73 69.84 70.56 63.48 75.57 70.38 71.61 86.07 57.59 
20.65 20.67 18.39 22.32 20.04 18.91 19.58 23.16 20.67 18.59 19.21 21.92 24.43 20.62 20.66 19.35 22.17 20.87 23.03 22.18 19.62 23.45 17.84 20.59 18.24 15.43 19.91 23.24 20.16 24.46 21.82 
