0.0 0.0 0.0 0.0 0.0 0.0 0.0 0.0 0.0 0.0 0.0 0.0 0.0 0.0 0.0 0.0 0.0 0.0 0.0 0.0 0.0 0.0 0.0 0.0 0.0 0.0 0.0 0.0 0.0 0.0 0.0 
0.0 0.0 0.0 0.0 0.0 0.0 0.0 0.0 0.0 0.0 0.0 0.0 0.0 0.0 0.0 0.0 0.0 0.0 0.0 0.0 0.0 0.0 0.0 0.0 0.0 0.0 0.0 0.0 
0.0 0.0 0.0 0.0 0.0 0.0 0.0 0.0 0.0 0.0 0.0 0.0 0.0 0.0 0.0 0.0 0.0 0.0 0.0 0.0 0.0 0.0 0.0 0.0 0.0 0.0 0.0 0.0 0.0 0.0 0.0 
17.58 19.76 14.96 20.15 19.83 19.95 20.03 16.42 14.58 16.45 15.55 18.33 18.25 20.5 20.34 20.28 18.21 22.67 14.6 15.56 14.14 18.79 18.42 17.86 20.58 17.68 17.49 19.96 19.79 17.15 
39.73 31.15 38.49 43.41 37.37 43.3 35.91 38.44 35.82 34.38 33.69 32.51 31.09 40.16 38.49 37.53 33.54 40.1 37.81 35.16 37.62 37.18 39.12 33.72 42.05 38.98 42.27 36.86 32.34 37.07 39.88 
83.42 95.49 72.94 88.42 97.24 83.17 79.14 103.45 97.26 103.87 87.89 102.15 83.48 91.59 98.64 81.9 82.57 71.44 87.65 91.41 98.94 111.24 103.36 103.54 90.54 101.11 103.56 99.68 99.33 79.85 
18.06 20.57 18.94 18.94 17.02 21.29 15.41 20.39 17.26 16.26 16.87 18.44 19.34 19.25 17.24 13.15 17.09 17.05 17.73 15.11 19.16 19.03 18.37 16.52 18.19 17.42 14.26 17.76 18.15 18.91 17.21 
32.32 34.13 34.58 36.29 37.61 29.46 41.46 36.35 43.62 42.37 40.38 37.34 32.66 39.57 36.16 42.23 37.82 34.62 35.88 39.69 38.39 38.72 36.33 39.73 36.95 39.94 34.92 32.5 32.88 32.96 37.19 
58.4 70.77 82.46 66.56 61.91 60.18 70.04 58.18 73.46 68.41 67.45 65.21 59.17 63.07 62.21 70.56 66.82 75.19 65.35 68.96 74.6 75.53 66.74 60.47 55.53 76.01 69.37 67.62 68.08 62.85 
9.3 7.73 10.36 9.02 10.04 8.02 9.48 8.66 10.47 9.23 9.95 8.43 8.19 7.59 7.7 9.14 7.67 9.56 8.39 9.23 7.83 8.12 9.15 8.09 8.42 7.79 7.33 8.73 6.85 6.99 10.25 
30.35 27.81 26.99 32.16 28.65 32.23 27.94 28.6 27.69 24.22 26.43 28.04 25.15 19.29 27.56 25.1 27.92 29.43 21.59 25.33 26.3 27.15 23.07 29.77 25.7 25.05 27.98 26.64 29.39 23.17 
0.57 0.56 0.61 0.64 0.57 0.7 0.59 0.65 0.68 0.6 0.62 0.59 0.58 0.64 0.62 0.56 0.77 0.58 0.66 0.58 0.51 0.71 0.52 0.64 0.49 0.6 0.62 0.51 0.54 0.76 0.73 
