6.53 6.67 7.05 5.69 6.63 7.32 6.61 5.97 5.42 7.06 6.76 6.92 6.14 5.59 5.62 6.75 6.99 6.74 6.79 6.32 6.53 6.92 5.72 5.34 8.23 6.74 6.95 7.08 6.21 6.09 7.04 
7.98 11.14 8.3 7.49 10.77 10.46 9.94 10.49 7.26 9.07 9.99 9.62 10.43 9.27 7.67 9.33 10.23 9.41 10.03 10.84 9.32 9.43 9.78 8.05 9.37 8.07 9.96 9.75 
9.78 9.28 8.22 7.9 7.61 8.31 7.85 8.5 10.2 8.77 10.52 8.79 7.2 8.84 9.24 7.54 10.05 7.45 8.71 9.54 8.23 9.39 8.19 8.93 8.66 10.78 9.01 9.48 8.75 9.22 10.03 
59.84 54.54 58.25 60.05 63.29 65.89 53.65 55.85 58.41 62.25 60.38 64.56 59.52 48.87 59.62 58.88 57.6 54.66 68.08 74.44 57.66 65.06 40.87 52.9 59.58 61.81 43.44 54.27 47.94 72.67 
55.29 39.51 45.5 44.87 44.18 49.88 47.33 44.87 53.47 37.92 52.98 49.75 38.81 45.35 43.67 42.33 42.31 48.34 52.98 37.5 52.64 49.22 49.77 46.03 48.75 50.5 40.46 42.83 54.01 35.38 48.42 
38.25 53.78 35.22 43.28 48.7 46.61 38.79 45.68 47.04 43.03 42.65 42.4 41.98 43.3 39.07 39.77 34.45 45.51 40.06 47.45 38.11 41.62 44.66 46.6 40.16 38.54 37.89 44.67 41.08 42.9 
104.67 120.21 122.43 96.57 123.23 116.53 112.63 104.62 103.36 109.51 126.85 92.64 114.93 130.54 99.89 115.03 120.92 119.07 95.18 108.8 108.98 121.93 127.91 109.01 136.1 128.79 109.66 138.08 95.51 96.24 87.74 
260.99 263.4 224.73 188.55 262.56 239.46 233.76 241.5 247.48 216.06 245.34 219.85 199.44 209.96 238.08 224.56 232.7 225.13 221.33 238.32 217.51 260.57 208.55 249.15 296.75 262.16 239.31 228.65 214.91 257.21 246.82 
27.03 28.61 28.1 29.52 30.6 26.32 29.82 25.81 25.68 25.72 33.17 30.08 31.0 32.14 26.37 23.73 29.51 31.98 23.48 27.14 17.32 24.09 31.71 27.09 29.28 27.54 29.19 28.1 29.35 26.33 
4.68 5.0 5.25 4.44 5.13 4.85 4.71 5.06 4.48 5.06 4.36 5.11 4.53 5.8 5.09 5.97 5.34 5.45 4.96 4.75 4.87 5.35 4.6 5.59 5.01 4.3 3.39 4.18 5.1 4.46 3.82 
90.03 97.48 88.04 97.11 81.28 100.28 102.12 94.8 74.94 89.13 85.77 87.44 79.48 91.78 94.75 82.85 76.67 79.59 85.93 101.68 105.92 82.78 87.22 84.23 71.89 86.78 73.81 95.42 74.56 86.23 
0.0 0.0 0.0 0.0 0.0 0.0 0.0 0.0 0.0 0.0 0.0 0.0 0.0 0.0 0.0 0.0 0.0 0.0 0.0 0.0 0.0 0.0 0.0 0.0 0.0 0.0 0.0 0.0 0.0 0.0 0.0 
