6.25 6.54 5.67 5.51 5.65 5.74 5.73 5.88 6.05 4.95 6.36 6.65 5.94 5.41 6.29 5.72 6.19 6.48 5.47 6.79 6.54 5.26 5.89 5.33 5.8 5.22 6.09 6.47 5.32 6.69 5.37 
31.28 26.9 29.86 33.68 31.13 24.13 31.63 23.45 27.25 28.58 28.64 29.78 25.42 25.55 27.06 28.73 26.2 25.76 29.05 27.0 27.76 29.11 29.93 25.25 28.95 32.09 25.73 28.69 27.24 
0.37 0.37 0.38 0.42 0.34 0.44 0.43 0.49 0.4 0.44 0.45 0.38 0.36 0.36 0.38 0.49 0.4 0.45 0.45 0.45 0.39 0.38 0.43 0.49 0.32 0.39 0.44 0.43 0.49 0.42 0.39 
6.43 8.32 7.59 7.41 7.54 9.12 7.71 8.02 7.52 6.96 7.56 7.1 8.07 6.48 7.51 8.02 7.75 7.24 7.67 6.04 7.4 7.16 7.66 5.92 7.0 7.81 6.86 7.93 7.78 7.84 
43.93 54.05 56.07 42.77 52.43 48.03 51.66 57.02 43.66 47.09 45.11 51.52 51.9 44.21 53.51 49.01 60.79 55.58 50.26 51.43 52.64 53.99 57.7 48.58 53.56 53.71 50.19 47.57 52.08 47.08 48.47 
228.7 189.62 250.22 225.23 223.12 219.94 225.9 232.62 204.76 188.49 228.67 223.44 224.13 253.79 227.31 225.95 197.01 246.09 259.0 242.97 240.07 195.98 238.17 220.52 223.7 185.97 226.09 234.34 252.09 235.35 
214.05 170.97 237.73 206.95 218.03 246.73 212.31 216.91 207.4 239.28 204.21 222.14 214.34 234.85 184.81 210.5 179.5 228.82 240.62 215.19 210.92 256.52 207.99 211.19 220.09 237.03 226.94 251.89 238.98 236.9 201.18 
122.78 117.35 128.65 111.39 132.15 124.72 108.25 130.2 137.45 115.68 124.6 87.19 143.2 128.7 120.18 123.33 107.79 156.14 136.7 133.23 139.73 96.42 104.89 143.84 138.76 121.56 113.28 140.9 107.21 123.44 103.45 
3.52 4.14 3.07 3.41 3.56 4.08 3.77 4.78 3.72 4.68 3.94 3.74 3.75 4.56 3.41 4.3 4.12 3.6 3.92 3.18 4.05 3.18 3.86 2.9 4.46 3.63 4.08 3.7 3.55 3.16 
42.72 41.23 43.64 34.48 39.01 33.68 43.9 44.31 37.13 46.05 39.4 45.04 40.2 41.13 51.15 53.21 43.9 48.32 48.57 38.09 50.62 40.74 49.85 41.77 40.16 53.76 46.0 45.99 44.73 46.09 44.77 
20.36 21.86 17.4 17.31 24.66 24.89 22.64 25.37 22.75 16.58 21.05 21.07 23.38 20.35 20.66 23.71 19.65 23.02 25.44 22.3 21.29 22.92 24.63 22.08 21.74 22.93 19.97 21.99 22.92 19.36 
17.08 16.54 20.46 18.12 18.57 19.21 17.4 18.88 18.46 18.68 23.18 16.71 14.87 19.16 14.94 17.84 15.85 18.06 15.85 16.78 18.12 18.09 17.69 18.99 17.17 16.07 19.18 15.07 19.8 19.53 17.71 
