10.66 10.81 9.64 10.27 9.06 10.2 10.42 10.67 11.09 10.68 10.51 11.97 9.86 12.87 11.69 9.91 10.06 11.88 8.07 11.74 10.46 10.2 10.81 10.25 9.58 9.54 12.55 10.05 9.71 11.02 10.53 
5.34 5.24 4.85 4.61 5.08 5.19 5.85 5.02 4.97 4.98 4.41 4.94 4.67 6.11 5.09 4.23 5.36 4.32 5.86 5.31 5.03 4.66 5.2 4.29 4.94 4.13 4.88 5.06 
12.09 10.02 11.78 12.07 13.86 11.83 12.19 11.19 8.75 13.01 12.97 13.6 10.53 13.33 12.54 11.22 13.01 11.87 12.65 11.6 12.05 10.12 11.37 12.67 11.03 10.11 12.48 12.04 11.45 10.2 12.59 
34.55 32.81 27.67 30.73 28.62 30.39 31.18 31.68 29.1 32.49 32.29 20.8 25.43 29.6 40.41 33.6 29.68 31.75 28.51 36.18 34.92 35.23 32.83 29.02 27.99 34.11 27.48 31.61 31.94 26.66 
23.29 28.52 26.35 22.55 27.57 25.39 29.99 25.71 25.31 20.48 27.96 24.15 28.29 25.98 20.39 23.0 21.94 25.7 26.46 24.52 24.32 27.21 25.07 26.32 22.48 23.79 26.91 30.81 24.17 23.24 27.55 
56.39 57.7 49.72 57.1 47.84 57.61 54.65 63.88 62.17 70.23 64.99 52.84 53.56 58.58 56.83 59.64 64.03 65.47 63.73 52.88 54.37 70.75 58.14 48.83 50.27 56.82 57.74 45.78 55.43 58.48 
154.37 181.84 192.61 160.12 152.38 136.3 166.71 162.29 144.92 157.71 135.8 127.6 174.55 152.2 164.09 177.01 172.72 179.21 188.08 187.73 183.66 169.25 164.05 165.74 187.0 188.14 149.22 178.5 182.39 158.48 151.16 
103.46 98.99 112.41 106.04 93.89 95.43 92.1 92.53 104.18 90.14 90.09 101.64 93.15 100.56 101.22 97.41 98.06 100.42 92.62 105.09 103.02 86.81 104.03 95.6 94.53 103.61 88.1 97.83 103.01 109.14 84.63 
19.1 16.02 16.71 16.68 16.0 17.81 15.67 14.98 18.32 17.24 17.76 14.88 16.83 15.91 14.4 17.89 16.07 17.0 15.37 15.33 16.81 16.47 15.56 13.82 14.86 18.87 14.32 16.08 16.49 18.56 
21.57 23.31 22.24 21.95 23.1 26.88 25.3 24.51 22.12 24.45 21.86 25.56 26.27 23.75 28.5 19.35 22.94 28.1 21.19 26.01 22.54 21.53 23.04 20.72 23.2 22.62 24.04 22.46 24.51 22.13 27.64 
1.26 1.59 1.35 1.06 1.2 1.1 1.34 1.32 1.35 1.21 1.3 1.36 1.27 1.16 1.66 1.14 1.13 1.45 1.26 1.37 1.39 1.2 1.2 1.29 1.45 1.34 1.09 1.28 1.32 1.35 
0.85 0.78 0.95 0.86 0.89 0.81 0.81 0.82 0.92 0.94 0.91 0.84 0.85 0.95 0.85 1.04 0.79 0.87 0.78 0.74 0.86 0.84 0.99 0.98 1.03 0.93 0.84 0.98 0.84 0.65 0.78 
