4.57 3.39 3.87 4.57 4.59 4.37 4.07 3.99 4.51 4.35 4.55 4.55 4.13 4.24 4.1 4.02 3.87 4.96 4.11 4.12 3.65 4.2 3.8 4.85 4.16 4.14 4.26 4.73 4.67 4.1 3.97 
0.76 0.72 0.77 0.8 0.7 0.74 0.78 0.81 0.87 0.74 0.86 0.7 0.79 0.71 0.8 0.86 0.75 0.9 0.88 0.85 0.85 0.78 0.81 0.81 0.79 0.62 0.75 0.88 
24.0 22.21 23.5 24.54 23.41 24.03 29.7 21.47 23.97 23.1 24.14 23.47 27.94 24.0 26.01 24.06 27.48 23.47 21.81 28.41 22.97 26.07 26.06 26.23 23.86 27.96 24.19 22.46 23.33 22.31 22.04 
33.38 36.75 33.26 32.98 28.95 35.25 33.75 36.47 33.89 33.89 37.56 35.99 36.4 39.53 34.62 38.05 30.92 32.99 31.91 33.91 28.31 29.72 31.94 29.97 35.08 36.78 28.86 32.74 35.48 31.96 
96.42 94.9 94.25 91.93 75.65 80.94 85.24 94.63 96.9 95.51 92.71 77.13 105.68 80.6 91.17 79.9 95.12 94.96 86.13 92.21 104.02 84.48 88.99 98.26 92.74 87.81 98.06 86.92 104.55 108.89 95.76 
185.11 167.4 149.86 168.95 176.31 121.11 148.84 180.39 144.92 192.3 178.86 152.31 173.39 146.37 156.56 157.85 185.41 168.56 170.94 149.94 160.42 163.7 198.07 147.37 172.56 175.53 166.58 172.9 161.45 173.73 
204.0 244.71 227.86 196.67 225.23 260.19 202.75 229.99 227.74 241.32 240.97 224.11 230.73 217.41 221.16 221.91 203.76 216.09 226.74 209.98 228.38 211.99 212.09 246.02 199.45 198.94 198.87 211.58 233.17 246.7 242.01 
197.91 217.6 191.17 244.07 225.23 188.81 191.27 177.04 176.8 181.31 197.23 178.18 224.16 210.55 226.63 181.12 214.52 216.21 220.11 234.44 204.64 193.66 210.56 204.24 205.55 212.85 211.94 204.23 180.94 220.2 171.08 
69.99 57.46 62.2 71.72 74.74 74.5 61.46 64.83 61.38 57.73 73.2 71.41 72.26 75.4 70.72 78.72 70.69 80.18 70.09 58.94 67.45 64.19 55.15 62.91 75.9 83.55 57.06 80.42 72.14 61.37 
23.86 27.15 29.5 25.54 27.73 23.35 27.81 29.81 28.16 25.81 27.54 26.83 31.98 21.54 29.62 28.47 29.21 26.42 27.7 27.78 31.01 27.63 27.58 27.04 23.83 26.57 27.88 23.91 32.12 24.89 24.89 
11.28 12.55 11.09 14.83 12.29 14.69 12.83 13.93 13.18 9.62 10.66 12.0 13.48 11.46 12.68 11.7 13.15 13.47 10.9 11.02 11.24 10.61 13.92 14.15 12.29 13.27 12.34 12.28 10.38 12.55 
13.97 11.06 10.73 11.62 14.08 12.62 10.72 12.53 12.27 12.42 12.07 9.88 12.75 11.53 12.17 11.83 11.14 12.37 12.43 12.44 11.27 13.66 12.86 12.68 13.31 11.68 14.02 11.71 12.9 13.3 12.4 
