0.0 0.0 0.0 0.0 0.0 0.0 0.0 0.0 0.0 0.0 0.0 0.0 0.0 0.0 0.0 0.0 0.0 0.0 0.0 0.0 0.0 0.0 0.0 0.0 0.0 0.0 0.0 0.0 0.0 0.0 0.0 
3.72 2.69 3.3 3.14 3.84 3.79 3.88 4.3 2.47 3.63 2.24 3.38 3.29 3.56 4.06 3.3 3.96 3.27 3.03 3.47 3.64 3.23 3.31 3.43 3.28 3.42 3.89 3.53 
0.11 0.1 0.1 0.11 0.1 0.09 0.11 0.11 0.09 0.1 0.11 0.1 0.1 0.1 0.09 0.09 0.11 0.09 0.11 0.11 0.1 0.08 0.1 0.1 0.1 0.1 0.09 0.08 0.1 0.07 0.13 
33.96 41.7 37.94 37.11 39.55 43.2 39.27 41.97 43.36 49.04 51.17 40.67 49.03 40.95 35.37 42.06 38.01 43.2 38.59 38.6 41.82 46.97 50.52 48.56 47.83 39.42 41.03 44.47 38.8 54.77 
4.39 4.14 4.65 4.05 5.31 4.96 5.38 5.45 4.46 5.12 4.18 4.55 3.9 4.14 5.14 4.6 3.95 4.14 4.32 4.27 4.93 4.02 4.55 4.04 4.73 4.45 4.02 4.44 4.29 4.14 4.29 
32.82 30.75 35.49 31.6 35.25 38.5 34.71 34.46 36.65 34.99 42.39 36.33 36.7 41.78 43.81 39.67 41.13 44.23 34.42 40.4 34.18 31.03 35.61 36.67 40.6 36.97 30.66 39.05 34.2 35.33 
207.7 137.37 167.3 154.89 200.78 183.78 163.8 179.36 161.76 178.8 201.7 190.86 182.69 198.86 168.51 172.99 184.8 166.49 187.04 204.58 171.11 150.23 172.72 227.46 156.56 198.83 161.35 200.83 181.88 197.66 185.21 
570.49 577.63 568.86 523.11 544.79 555.5 474.65 540.1 491.09 517.2 531.02 501.08 463.31 572.23 578.06 562.03 585.18 509.85 587.69 543.32 631.83 527.04 577.53 580.48 586.0 540.37 486.46 599.69 528.51 674.18 599.91 
18.43 13.35 15.97 15.22 16.54 18.99 17.86 15.49 18.3 17.27 16.3 14.75 18.28 15.08 17.19 16.27 16.72 14.23 16.23 15.62 16.92 15.94 16.24 17.3 19.57 16.54 19.22 18.57 18.93 19.07 
22.7 25.29 26.98 23.65 22.47 24.22 19.94 22.07 14.66 20.31 20.05 20.66 24.58 22.47 19.36 22.73 22.7 21.43 23.61 19.63 22.23 20.56 22.17 17.91 22.01 21.14 23.37 18.35 25.55 21.98 24.39 
21.2 23.42 21.91 21.52 21.9 21.63 18.33 21.68 21.38 17.64 20.85 26.4 18.87 26.69 24.47 17.96 21.91 21.72 22.39 21.75 26.11 23.22 20.6 23.06 20.63 23.78 18.24 25.12 21.41 19.4 
20.85 20.67 20.05 25.4 23.18 25.81 25.91 21.91 29.13 25.36 24.5 29.93 23.53 21.43 26.58 22.64 22.39 26.3 23.93 25.44 24.32 24.09 20.44 24.2 26.85 22.08 21.31 24.78 24.34 22.66 25.54 
