21.58 34.86 26.54 29.95 26.41 24.78 25.86 28.83 29.57 31.12 28.74 31.08 24.84 27.55 28.17 24.07 26.84 22.19 32.45 30.18 33.93 26.18 26.97 31.99 27.01 30.72 31.11 30.3 27.16 30.72 29.73 
34.04 38.37 41.43 42.1 30.12 41.12 33.45 39.42 29.94 38.84 33.18 33.77 42.2 34.25 39.36 44.72 34.53 43.91 31.41 44.56 34.42 35.21 35.13 34.52 45.41 33.96 31.39 37.72 35.01 
3.87 4.53 3.58 4.28 3.95 4.26 4.25 4.23 3.42 4.63 4.45 3.95 3.95 4.4 4.35 4.15 4.15 3.91 3.71 4.42 4.63 4.57 4.9 4.15 3.91 4.1 4.11 4.2 4.39 4.36 4.26 
35.51 37.21 33.2 46.14 29.2 34.72 39.67 40.99 43.31 41.09 39.97 38.77 28.73 44.66 38.33 38.72 39.47 39.07 36.71 42.72 35.01 40.77 37.07 33.08 31.94 31.12 41.5 39.94 35.67 37.13 
80.84 72.37 78.9 86.5 74.23 73.68 90.3 76.19 71.5 61.79 74.86 58.2 75.86 74.33 76.36 74.58 83.99 67.59 82.64 70.75 69.58 75.42 68.63 84.85 82.87 58.16 77.02 77.87 85.74 72.07 73.13 
75.03 55.99 68.89 71.08 57.78 80.28 64.27 70.77 57.96 64.54 68.53 65.69 63.35 65.42 57.16 66.18 65.64 61.45 76.76 76.07 79.62 66.24 74.25 64.94 72.35 72.12 54.84 68.23 70.58 75.6 
111.5 82.67 88.74 111.58 79.09 100.78 103.86 96.88 96.06 80.35 104.15 93.42 90.94 93.86 99.57 112.76 69.75 103.16 77.21 93.91 87.41 95.47 90.92 92.24 72.91 84.98 91.53 90.0 88.49 93.11 95.89 
330.84 207.88 273.03 286.89 306.26 286.08 251.94 298.6 272.87 306.07 302.18 258.51 281.33 293.05 231.93 321.5 284.65 282.98 265.34 330.92 286.97 265.08 302.12 337.99 289.47 276.23 322.25 240.71 256.26 291.99 287.67 
26.25 25.68 27.71 27.69 25.29 24.48 27.33 25.28 28.59 29.27 21.62 26.89 22.64 30.14 25.55 26.14 26.35 24.75 20.84 26.72 27.08 24.86 22.41 29.19 18.05 24.02 23.25 27.37 29.98 24.92 
7.3 9.43 10.47 8.66 8.7 9.29 9.25 7.76 8.67 8.49 9.9 7.78 7.98 8.2 10.52 9.16 7.85 8.01 10.26 9.39 9.41 9.2 8.91 10.05 9.01 9.95 9.72 9.18 8.99 9.72 7.6 
52.3 49.22 45.93 45.16 42.47 42.88 43.86 33.44 48.73 49.77 43.7 49.39 38.79 46.25 46.36 46.08 40.2 53.22 46.44 41.17 42.68 43.38 46.89 41.59 43.88 48.82 42.54 47.16 32.34 54.26 
10.43 10.92 13.76 12.62 11.9 10.63 13.39 11.89 11.89 10.78 14.46 11.38 12.27 14.27 12.0 12.05 12.95 10.92 11.19 11.13 9.28 13.8 11.62 10.94 13.34 12.23 11.18 12.78 11.33 10.69 11.22 
