2.37 2.6 2.2 2.19 2.19 2.4 2.33 1.97 2.17 2.53 1.96 2.51 2.33 2.04 2.73 2.38 2.36 2.55 2.09 2.63 2.35 2.5 2.31 2.49 2.32 2.35 2.23 2.54 2.4 2.3 2.65 
40.08 27.43 35.11 36.31 34.43 31.41 25.64 35.36 32.65 33.56 38.19 28.12 41.14 31.18 29.67 35.05 34.1 31.55 28.11 31.57 40.23 31.55 28.57 37.1 31.68 32.22 32.49 35.27 
4.88 5.2 5.43 5.59 4.96 5.78 5.38 5.79 5.13 5.27 5.8 4.91 4.27 5.18 5.48 4.89 4.59 4.12 5.26 5.16 4.53 5.76 5.13 4.83 4.98 5.68 4.96 5.47 4.33 4.79 4.42 
61.32 59.93 59.96 64.51 68.21 57.81 49.57 68.41 49.1 56.78 60.51 55.4 58.03 58.35 66.64 61.95 54.84 59.25 63.04 55.61 67.32 68.09 63.4 55.74 57.22 59.89 73.38 46.21 63.68 58.72 
33.83 39.76 43.8 39.13 44.83 39.92 46.25 41.28 45.13 42.79 44.07 40.02 47.87 43.68 37.11 41.65 41.44 40.06 41.24 37.87 30.37 36.42 42.11 43.17 37.45 36.04 38.43 41.14 47.32 40.73 46.85 
95.1 88.64 97.74 98.05 87.99 87.94 83.78 97.27 96.49 95.94 89.06 106.44 82.58 98.57 76.61 71.11 76.08 95.29 87.05 76.09 78.0 80.11 85.69 87.27 97.86 79.81 100.79 85.17 88.89 84.29 
252.63 223.56 283.04 255.23 221.82 283.7 297.34 258.0 264.11 263.42 248.64 284.03 238.63 272.34 252.12 238.04 245.56 239.19 286.73 278.64 222.34 236.26 242.46 186.96 271.4 212.69 239.41 268.75 243.62 227.82 289.77 
112.3 113.45 110.6 130.93 139.85 124.33 133.13 124.99 138.26 116.94 133.47 127.3 117.22 128.51 106.5 138.28 132.32 106.61 125.52 144.2 117.01 106.72 109.97 110.26 138.31 114.4 129.96 128.32 120.13 115.9 118.24 
255.19 223.12 248.5 250.22 222.33 254.97 263.45 271.51 239.81 270.05 254.33 242.5 266.53 226.68 211.5 250.15 204.79 237.84 262.16 248.06 244.1 252.26 222.39 230.59 248.35 223.06 275.03 239.42 232.63 228.5 
60.56 70.54 68.74 57.51 64.72 71.94 60.55 69.62 61.05 63.58 64.66 57.6 64.74 74.86 47.98 61.3 61.96 70.52 58.96 61.17 62.59 61.89 50.96 62.53 63.36 62.93 64.33 59.28 66.72 49.61 54.66 
79.46 64.23 77.4 61.03 57.08 71.49 74.19 72.4 78.1 68.48 85.45 63.64 67.16 57.64 87.87 76.98 60.41 78.75 77.79 66.92 64.08 75.53 72.67 55.28 67.56 58.64 72.84 74.54 70.91 80.24 
1.22 0.94 1.32 0.97 1.06 1.19 1.19 1.38 1.12 1.39 1.12 1.19 1.28 1.09 1.12 1.06 1.01 1.31 1.29 1.22 1.27 1.07 1.18 1.28 1.5 1.04 1.31 1.38 0.99 1.06 1.18 
