6.8 7.17 5.96 7.23 7.61 8.03 6.54 8.25 8.87 6.77 7.36 8.35 7.2 7.44 8.6 7.53 7.36 9.02 9.1 8.83 6.52 8.67 6.45 8.29 9.38 6.92 6.15 8.18 7.69 7.7 7.22 
0.38 0.38 0.37 0.43 0.47 0.41 0.44 0.38 0.45 0.43 0.45 0.36 0.4 0.42 0.43 0.35 0.4 0.36 0.44 0.4 0.39 0.42 0.47 0.43 0.36 0.43 0.42 0.41 
42.34 49.31 41.17 41.24 39.84 40.27 46.89 46.38 48.49 50.48 43.13 51.25 46.61 44.34 44.79 44.78 40.56 48.42 44.42 46.06 32.64 38.11 50.36 37.1 40.24 41.75 42.6 38.24 46.74 50.59 39.26 
22.51 29.83 22.1 28.4 25.97 24.57 24.74 21.64 28.02 21.66 25.95 18.59 22.29 18.24 26.99 24.65 16.63 24.97 21.72 20.47 24.82 23.49 25.08 22.03 23.08 25.11 23.52 27.63 27.39 19.1 
8.69 9.3 8.31 9.21 10.63 9.65 10.2 8.87 9.54 9.76 7.98 8.98 9.31 8.09 8.68 10.71 10.84 11.19 8.83 10.78 9.52 9.35 9.74 8.39 9.48 11.31 9.46 9.0 8.19 8.45 9.94 
174.21 153.13 202.1 196.95 194.23 166.36 181.12 178.59 128.6 198.06 174.1 185.67 188.61 205.16 186.2 205.69 175.78 187.09 148.83 181.66 216.06 204.35 208.13 200.38 204.12 148.39 177.79 151.32 225.57 150.26 
361.05 363.41 371.56 380.84 378.3 377.02 399.61 335.14 380.25 378.92 398.51 455.2 363.87 408.58 394.55 384.13 427.54 366.94 441.02 365.83 390.92 412.52 401.02 369.58 396.87 360.46 400.21 302.13 410.4 417.0 417.71 
168.53 198.86 154.38 152.99 176.73 168.07 188.49 176.28 179.16 190.65 185.82 156.34 166.12 181.71 181.82 176.04 191.99 197.26 176.76 165.65 171.84 199.35 190.17 167.0 175.22 160.76 174.81 159.72 174.96 178.62 150.62 
7.79 7.81 7.75 7.38 8.24 8.06 7.3 8.13 8.08 7.46 6.98 8.45 6.42 6.93 6.4 6.55 6.14 7.45 8.24 7.82 7.03 7.15 6.42 8.78 6.57 7.19 6.8 7.23 6.71 7.27 
187.19 205.06 229.21 214.68 148.64 182.95 196.33 180.5 202.29 192.43 206.48 219.32 209.48 200.03 192.88 184.2 175.51 207.74 170.3 240.98 176.52 193.96 207.59 187.97 200.37 153.41 205.07 221.77 226.51 202.8 197.91 
16.83 16.07 16.86 18.2 15.39 14.7 14.49 15.55 12.37 15.22 18.27 14.56 15.3 18.44 16.79 13.52 15.85 17.33 15.36 16.67 13.03 17.17 14.81 18.07 17.7 15.32 20.66 16.86 13.5 14.96 
0.0 0.0 0.0 0.0 0.0 0.0 0.0 0.0 0.0 0.0 0.0 0.0 0.0 0.0 0.0 0.0 0.0 0.0 0.0 0.0 0.0 0.0 0.0 0.0 0.0 0.0 0.0 0.0 0.0 0.0 0.0 
