11.4 10.31 10.44 9.72 12.36 10.14 10.82 10.01 9.44 10.44 9.12 11.6 8.81 10.21 9.69 11.07 10.2 9.03 9.56 8.71 10.85 9.38 8.78 9.89 9.74 10.13 11.54 8.2 9.58 10.96 10.18 
19.4 20.62 23.25 21.61 19.11 18.13 22.08 19.5 22.5 22.37 21.04 20.87 24.26 20.12 23.32 20.5 21.4 22.01 21.32 23.48 20.58 19.13 20.46 22.79 25.22 19.44 21.08 18.32 
279.18 236.82 212.4 189.4 265.65 259.75 233.05 239.77 243.2 216.83 232.72 242.88 247.66 209.53 221.69 244.43 249.84 243.51 223.76 211.97 235.33 225.69 218.28 231.11 219.1 226.94 239.16 238.02 240.53 215.03 231.86 
242.84 225.18 197.84 248.45 243.24 219.94 230.99 258.5 254.2 194.82 221.25 242.77 193.49 216.74 229.24 266.72 238.55 224.54 227.04 221.17 270.08 249.44 206.79 241.68 267.21 247.2 232.69 238.02 226.78 249.44 
256.97 215.75 248.98 231.72 236.37 243.93 224.05 241.9 213.54 275.53 219.98 236.63 237.8 195.51 208.77 250.41 264.37 239.47 222.57 230.73 226.77 199.07 222.12 242.22 203.63 260.3 184.18 219.36 256.88 178.0 207.47 
190.07 211.73 198.1 193.67 215.73 195.88 164.21 210.41 200.22 215.2 213.28 209.45 182.01 201.75 216.54 201.93 215.79 199.29 224.24 193.05 180.91 186.44 191.6 205.99 199.73 241.45 192.7 210.67 235.41 218.87 
206.08 215.46 231.03 197.55 229.4 246.74 222.29 183.84 190.11 236.75 211.77 226.43 202.75 203.11 194.13 263.13 217.27 206.32 253.91 270.34 230.9 220.42 189.63 245.8 139.5 226.29 181.87 208.42 197.83 241.34 217.57 
443.37 422.71 482.36 390.9 381.05 531.38 399.84 487.15 445.58 433.79 509.8 392.1 413.1 410.85 428.45 459.37 443.82 444.62 383.92 358.51 442.94 453.79 477.53 462.25 425.06 557.9 447.43 428.22 457.23 427.78 426.63 
202.08 217.73 170.32 195.1 218.98 130.67 208.61 194.71 247.9 174.42 189.31 189.48 169.31 194.93 170.86 210.98 211.98 182.77 186.63 198.97 231.3 211.74 206.14 161.69 217.39 203.08 215.79 168.42 185.67 164.21 
0.0 0.0 0.0 0.0 0.0 0.0 0.0 0.0 0.0 0.0 0.0 0.0 0.0 0.0 0.0 0.0 0.0 0.0 0.0 0.0 0.0 0.0 0.0 0.0 0.0 0.0 0.0 0.0 0.0 0.0 0.0 
58.89 60.38 57.07 59.74 57.43 43.31 53.99 46.6 49.72 58.34 55.51 61.9 47.94 64.28 56.1 40.04 62.2 52.57 50.13 53.79 52.3 62.6 55.66 54.59 45.99 56.48 49.87 50.66 58.89 54.59 
162.29 169.35 154.75 168.46 169.8 146.37 158.87 151.08 167.09 150.07 181.95 139.15 159.04 142.31 162.21 136.45 120.18 155.32 125.83 164.9 174.34 163.54 162.79 164.52 166.81 152.46 184.74 158.64 166.99 177.9 180.98 
