0.71 0.58 0.62 0.54 0.58 0.54 0.62 0.63 0.67 0.62 0.63 0.56 0.71 0.56 0.6 0.53 0.57 0.69 0.65 0.65 0.59 0.52 0.51 0.6 0.61 0.61 0.54 0.63 0.64 0.61 0.52 
48.71 56.54 46.99 49.04 47.34 44.03 44.08 54.12 41.05 55.01 57.53 45.91 63.54 54.63 55.67 51.16 44.43 49.52 48.67 47.21 42.46 55.91 55.35 49.39 44.29 50.89 43.66 49.73 
203.54 184.56 193.09 231.79 268.77 169.13 212.6 213.39 229.17 214.93 203.71 200.58 223.41 204.09 230.14 225.68 220.55 212.81 239.72 231.98 219.42 183.01 196.41 208.87 203.63 232.3 201.18 215.49 212.62 201.0 197.75 
120.85 138.7 120.8 127.24 133.57 123.63 105.44 133.24 132.39 118.14 118.07 135.66 146.08 106.93 116.95 136.66 126.9 142.19 122.0 148.1 127.99 136.94 128.67 137.16 150.96 139.77 128.79 134.29 135.26 142.26 
586.2 622.71 641.84 530.93 523.9 578.12 633.37 605.75 605.16 587.34 529.53 563.33 622.67 537.43 617.94 566.77 713.44 674.63 566.51 596.01 524.34 527.51 587.15 540.67 562.83 468.16 624.79 572.3 732.99 682.79 602.59 
486.42 463.04 448.2 472.44 450.73 466.28 430.92 525.74 395.08 326.08 467.33 460.84 465.79 428.56 450.79 345.16 470.77 458.16 475.17 441.68 501.36 461.96 403.03 442.61 474.04 491.99 454.7 464.66 460.16 449.58 
163.55 156.04 173.38 173.88 159.07 147.75 149.81 199.34 143.85 147.51 176.58 179.8 186.2 152.21 173.29 199.39 157.56 133.39 164.48 180.06 170.78 177.04 186.74 161.73 189.36 144.92 183.81 194.86 165.17 210.75 170.71 
311.93 279.26 330.26 303.88 285.02 309.11 317.1 309.51 341.79 331.53 342.47 312.26 330.19 251.81 300.61 321.47 348.38 373.81 358.42 311.55 338.99 256.75 337.88 358.45 282.28 350.07 293.74 306.87 297.7 324.05 358.36 
103.08 107.15 115.08 117.74 100.37 98.73 101.88 100.43 105.02 104.11 92.96 96.89 112.43 112.43 110.29 105.79 108.29 94.36 90.12 113.26 110.09 94.8 112.37 97.69 114.79 132.66 96.6 111.05 111.82 111.06 
0.0 0.0 0.0 0.0 0.0 0.0 0.0 0.0 0.0 0.0 0.0 0.0 0.0 0.0 0.0 0.0 0.0 0.0 0.0 0.0 0.0 0.0 0.0 0.0 0.0 0.0 0.0 0.0 0.0 0.0 0.0 
79.35 102.86 97.54 102.69 86.63 91.08 74.55 93.07 96.18 81.03 94.89 92.27 97.86 100.25 90.46 94.11 114.45 97.16 87.92 86.3 95.49 88.53 100.71 81.0 93.28 78.58 97.79 93.26 96.39 105.86 
36.65 39.63 33.0 28.52 31.07 32.36 36.06 30.51 32.35 37.99 30.49 34.43 33.37 32.43 23.74 33.34 29.52 34.3 32.97 36.12 36.0 36.33 33.32 41.21 30.68 31.71 34.02 40.16 37.53 29.79 34.0 
