86.83 89.94 77.12 72.76 84.29 74.48 67.23 70.23 89.64 73.59 69.37 86.21 74.73 68.63 58.04 93.99 69.61 74.67 82.97 75.22 88.71 78.34 77.31 73.18 73.96 67.41 77.58 76.22 58.78 89.94 70.62 
9.45 11.85 9.89 11.74 9.11 9.76 10.58 11.49 9.37 11.96 10.09 12.34 10.11 10.49 11.15 11.62 11.57 10.9 11.84 10.37 11.79 9.64 12.16 9.69 11.08 10.37 9.07 9.86 
55.45 65.77 65.88 58.78 66.82 64.96 59.24 55.77 63.82 66.73 52.86 70.21 62.27 61.7 66.26 64.27 71.37 57.04 50.26 61.62 66.25 65.66 56.63 63.85 51.65 64.87 56.57 56.86 63.03 58.44 58.79 
75.01 50.7 71.44 62.67 84.58 71.87 80.22 64.01 66.15 61.8 71.64 65.89 61.32 64.8 71.23 65.88 80.28 58.64 63.35 71.64 55.88 54.57 80.57 63.78 63.08 68.4 76.71 74.45 64.91 63.0 
864.73 797.11 779.66 820.45 706.94 842.08 902.85 936.88 796.51 836.85 957.82 750.8 797.63 717.09 735.2 747.18 906.27 731.15 813.09 894.89 805.73 771.3 815.56 697.58 795.65 848.95 763.08 786.58 818.4 919.58 589.71 
176.7 179.84 181.64 166.44 187.14 196.13 155.72 130.19 167.11 151.83 182.76 152.3 160.67 171.07 157.96 172.7 162.05 186.87 120.06 162.37 167.16 169.32 177.62 170.12 183.51 166.85 186.33 146.98 152.45 208.94 
247.87 219.66 174.96 220.83 206.41 212.56 253.5 233.84 227.85 224.3 226.43 211.65 241.34 203.85 227.11 230.4 231.64 224.42 218.74 212.06 249.28 229.88 205.23 250.22 208.66 227.03 246.25 246.41 246.99 276.19 215.86 
172.75 180.56 135.56 178.62 176.48 165.57 187.12 183.77 175.44 143.1 183.44 178.07 186.05 146.72 177.17 176.33 168.33 177.9 176.14 171.16 188.47 158.6 168.96 171.68 159.59 208.27 138.39 160.66 171.18 172.01 166.28 
148.17 157.06 173.57 143.22 114.58 159.53 148.96 150.08 175.02 123.49 181.44 146.02 158.17 154.03 147.0 128.06 137.0 141.19 154.19 126.25 165.32 131.68 122.46 152.18 151.01 145.46 131.31 164.01 133.17 143.53 
227.34 273.91 326.08 304.77 282.73 349.68 318.21 285.12 291.18 319.9 351.77 269.27 298.52 379.55 356.78 296.7 312.26 276.51 321.47 297.24 301.97 289.74 320.24 327.75 363.65 296.95 297.85 266.63 251.09 291.84 279.91 
45.32 47.08 51.58 49.05 47.43 44.13 51.27 40.78 43.64 60.41 42.12 52.63 40.94 45.23 45.22 48.18 43.39 51.56 49.5 48.93 49.78 29.46 43.19 42.67 39.78 37.6 43.23 48.41 50.97 51.86 
139.02 179.95 155.52 168.75 176.81 148.73 162.06 149.94 160.39 158.75 158.98 137.97 153.64 159.47 187.36 173.4 134.32 137.75 146.53 146.51 159.16 168.67 177.91 169.66 153.08 191.03 165.33 169.25 140.91 185.62 172.73 
