342.75 327.2 341.01 293.5 308.34 281.26 335.46 266.07 342.53 302.03 278.35 369.71 319.18 345.1 376.44 341.97 358.86 378.21 372.69 406.25 329.89 324.18 431.52 303.02 354.04 336.22 339.85 374.45 291.34 330.18 319.7 
21.42 15.25 18.73 19.27 20.91 19.54 20.27 21.57 19.65 20.48 17.26 17.33 21.65 18.2 16.84 20.06 19.28 17.81 18.34 20.81 19.82 19.81 19.81 20.3 21.4 18.7 17.63 19.3 18.69 
173.76 193.11 163.19 178.92 189.09 203.29 172.31 156.24 150.28 168.02 180.23 176.56 184.36 168.15 182.0 200.3 210.29 127.4 166.2 174.75 167.42 199.84 172.22 157.31 185.7 170.75 184.27 147.81 189.31 188.84 167.12 
284.35 279.38 289.29 253.73 279.26 308.1 286.22 325.44 281.76 341.83 327.52 290.8 305.6 278.54 326.22 296.58 310.13 239.34 314.79 327.77 292.27 269.09 325.19 318.53 269.81 273.06 275.31 295.21 326.23 294.34 
378.92 358.42 392.85 417.77 391.9 391.73 446.93 383.6 416.86 417.46 365.86 308.23 418.03 332.84 359.79 364.26 403.76 354.39 338.03 330.94 375.45 429.31 376.09 377.37 407.36 375.59 345.8 414.08 347.68 348.0 390.56 
245.95 319.07 297.04 273.22 320.87 251.6 316.74 256.74 283.45 250.55 260.16 247.8 316.47 320.68 294.93 297.58 290.23 266.5 272.09 260.7 256.71 266.93 280.45 304.36 262.56 292.51 293.96 287.67 304.45 294.78 
170.33 151.83 131.69 129.22 139.31 183.16 147.47 146.56 157.29 153.71 190.09 145.18 171.16 174.42 168.01 148.78 142.0 171.1 155.52 164.89 162.12 144.1 158.8 171.75 170.1 159.92 184.62 150.12 150.64 144.5 144.61 
246.28 239.82 219.83 248.93 243.79 255.51 278.21 218.33 207.62 232.22 221.83 201.56 236.5 233.83 226.9 278.26 246.12 273.72 256.33 232.5 186.52 247.95 235.3 228.34 288.16 267.63 258.53 224.75 236.39 281.83 241.41 
208.66 219.82 230.04 229.78 217.94 258.68 219.17 232.43 199.34 248.89 210.83 243.38 248.96 234.78 258.78 236.42 204.82 193.55 212.13 277.37 237.63 214.35 225.81 252.95 239.25 251.6 226.77 232.22 197.38 217.82 
122.12 130.68 131.39 113.45 118.45 105.28 111.4 110.97 117.46 97.0 124.42 109.83 109.4 91.42 102.91 106.16 129.7 109.21 116.17 105.75 104.82 117.76 134.43 120.09 107.69 100.33 129.32 114.72 110.01 112.5 121.74 
92.14 111.17 107.69 133.96 103.78 110.0 78.87 116.7 107.5 117.57 103.43 99.28 114.03 85.19 102.16 95.87 98.4 103.91 116.28 93.3 116.55 106.65 107.61 111.03 103.07 109.84 107.15 106.19 117.68 94.17 
6.3 6.86 6.31 7.21 6.6 7.11 7.22 4.94 7.35 6.83 6.35 5.82 5.98 7.28 5.03 6.48 6.1 6.83 5.6 6.34 6.75 7.93 7.31 6.7 7.53 6.02 6.25 7.16 5.87 7.02 7.66 
