26.35 28.43 33.02 28.85 28.62 29.32 29.51 27.72 26.84 31.13 31.55 25.71 26.1 34.1 33.36 29.86 30.45 31.73 33.68 30.11 27.85 35.42 31.59 25.4 23.97 27.35 29.74 28.63 32.17 30.66 25.32 
27.65 24.67 25.15 27.67 28.45 25.05 22.57 23.18 25.54 26.02 25.9 26.79 23.49 24.67 23.84 25.31 25.91 22.32 26.02 19.1 22.94 25.22 24.36 22.21 25.01 24.62 21.16 21.8 
218.05 201.65 199.62 206.53 192.3 179.74 172.92 220.73 187.4 172.65 191.72 178.89 166.22 211.15 175.86 204.1 218.22 196.17 192.55 194.29 220.07 218.15 214.33 179.41 209.56 199.68 169.82 198.33 252.15 195.88 208.67 
93.28 84.85 72.21 84.17 83.32 96.46 94.9 83.26 89.79 102.88 83.12 103.74 91.83 94.13 104.63 89.1 101.75 92.84 101.63 96.45 84.52 98.49 103.69 87.05 94.8 105.14 94.87 91.69 102.66 88.61 
403.46 355.03 327.01 350.14 337.93 324.09 333.47 299.18 346.39 378.44 398.8 398.56 318.88 342.46 371.64 346.4 335.28 385.68 339.57 327.62 343.71 317.01 332.97 399.46 370.2 357.82 322.35 338.21 386.14 361.3 367.91 
390.62 438.75 450.0 451.69 422.31 469.73 467.12 466.55 527.84 441.08 461.79 518.99 449.66 434.06 494.33 402.32 528.56 529.01 517.87 421.12 420.86 501.68 484.13 552.3 466.25 480.17 504.42 549.05 429.37 412.0 
452.65 411.64 469.27 388.05 388.86 429.58 446.2 456.98 447.62 448.17 448.75 437.17 424.39 453.7 360.14 495.3 443.25 430.69 383.88 476.4 456.5 436.43 465.98 438.46 393.21 377.38 363.18 411.32 410.23 397.2 487.88 
177.38 210.27 211.23 220.43 227.28 196.51 181.15 167.73 213.81 201.84 167.22 239.78 148.89 213.66 203.74 253.86 177.78 205.82 188.36 194.74 207.59 162.78 221.27 208.55 222.1 226.49 207.86 163.79 192.08 191.07 206.69 
93.53 85.55 103.8 77.68 95.73 82.21 86.1 94.49 79.39 93.11 101.85 108.33 94.32 89.06 92.58 101.2 97.03 76.68 96.77 96.22 112.04 82.08 96.88 97.58 76.82 86.4 99.16 89.2 96.04 100.93 
37.13 35.93 38.29 34.03 35.24 34.71 40.13 36.63 32.14 32.49 35.24 29.36 34.03 39.74 33.35 39.02 39.46 33.9 27.18 35.9 36.51 34.59 33.55 35.8 34.26 28.16 32.82 37.15 33.77 27.21 33.83 
94.63 96.74 93.15 105.41 93.95 109.47 103.02 103.24 105.56 96.8 114.59 106.74 92.26 127.93 89.38 118.9 102.49 101.99 97.36 100.17 105.87 110.16 99.72 93.95 128.79 111.69 86.16 119.43 101.81 97.21 
0.95 0.87 0.91 0.97 0.97 0.94 0.8 1.02 0.96 1.0 0.91 0.86 0.98 0.96 1.01 0.84 0.76 1.02 0.86 0.82 1.0 0.85 0.98 0.83 0.8 1.0 0.79 1.02 0.73 1.06 0.89 
