134.11 110.16 112.11 128.68 117.5 111.77 104.67 105.65 135.67 126.0 107.27 125.6 107.24 131.06 123.55 125.5 112.69 131.94 130.63 148.25 119.63 116.44 127.35 120.39 150.11 108.49 119.45 113.64 134.17 111.49 112.12 
27.29 29.6 21.96 32.3 30.25 32.12 28.94 27.51 29.34 31.95 31.02 29.46 26.99 33.61 29.46 28.35 31.38 30.0 30.2 24.46 24.28 26.37 29.04 30.79 29.84 27.19 29.83 29.41 
90.02 97.47 77.41 94.36 78.24 122.45 106.76 103.86 89.6 94.16 83.17 97.92 116.27 79.84 87.49 99.38 72.25 83.93 80.79 84.77 89.41 93.79 103.42 89.48 91.49 94.47 106.23 68.74 110.53 85.94 100.39 
144.49 118.38 123.92 108.02 124.62 117.95 117.08 129.06 98.51 144.75 125.0 127.22 131.62 126.55 128.53 121.14 126.88 123.56 124.21 140.48 133.08 122.35 140.89 174.31 132.79 117.33 105.6 121.97 130.35 134.84 
169.51 141.7 157.17 128.48 141.58 146.25 140.09 158.14 127.59 161.48 154.54 135.53 145.73 131.09 143.27 159.32 115.97 182.28 146.76 131.29 150.63 147.62 130.71 125.3 158.81 143.47 148.95 168.99 146.3 142.5 138.07 
551.97 545.52 579.47 467.31 631.55 651.93 639.67 627.21 527.46 607.46 602.5 553.32 552.6 488.99 594.02 581.96 480.12 612.75 538.23 562.64 650.07 488.79 549.86 549.53 636.74 510.76 675.38 534.99 540.13 568.75 
252.24 298.05 314.43 293.48 268.68 271.9 317.88 296.74 261.54 349.53 317.01 299.51 331.9 298.35 320.62 298.99 265.94 290.84 300.52 287.84 324.71 295.64 285.71 282.7 350.41 289.15 352.86 264.15 265.48 292.11 349.06 
308.93 347.71 281.48 249.32 248.21 320.35 269.12 342.74 314.65 269.43 350.28 335.73 311.47 313.08 262.98 347.31 309.54 289.62 285.59 308.2 317.59 301.81 252.62 289.73 324.37 351.56 279.31 328.5 306.01 347.41 313.31 
221.55 245.51 233.28 232.63 253.62 198.37 200.49 243.78 241.02 221.22 218.82 280.91 222.0 230.15 237.53 221.84 243.04 230.18 230.73 263.46 250.93 248.41 216.97 188.13 261.82 204.1 214.11 230.69 230.71 245.91 
61.55 66.47 66.37 70.4 69.13 84.05 51.29 81.62 72.35 76.37 65.33 57.63 74.65 65.76 66.64 71.59 77.3 66.11 77.4 72.37 75.24 72.76 68.58 73.45 68.11 80.62 57.66 67.4 64.34 71.59 72.6 
31.64 40.05 30.59 38.38 39.62 42.71 41.86 42.51 34.57 33.64 38.73 36.28 42.99 36.64 35.89 36.13 39.69 41.51 31.89 38.2 34.08 33.32 43.77 36.79 36.32 36.17 36.63 34.68 41.25 36.83 
23.75 26.5 27.19 26.18 25.31 31.8 25.18 20.54 26.71 25.41 27.64 26.93 32.39 29.15 26.58 28.02 23.06 29.55 25.35 25.95 27.38 28.26 26.49 27.85 24.06 24.34 27.5 28.61 30.89 24.55 32.22 
