3.78 4.07 4.03 5.02 5.0 5.46 4.64 4.18 4.69 4.58 4.7 5.08 4.75 5.03 4.75 5.24 5.16 4.27 4.97 5.01 4.6 4.81 4.61 4.38 4.7 4.42 4.72 4.6 4.25 4.63 4.6 
103.3 95.38 91.87 92.44 101.67 79.52 94.04 82.14 95.4 89.36 91.16 88.79 105.49 114.15 88.85 107.37 94.63 99.91 104.0 96.41 97.01 99.73 89.74 81.09 91.19 95.76 93.71 92.42 
260.15 244.89 268.9 220.13 264.32 241.54 280.68 239.81 316.18 261.03 288.04 274.49 237.86 251.94 282.08 277.01 242.19 238.28 301.68 257.25 222.66 239.31 224.66 270.84 231.49 232.93 245.38 275.21 214.56 235.65 219.1 
546.83 508.04 507.66 397.46 485.18 474.27 531.38 459.08 486.66 540.11 561.69 486.16 524.82 477.6 522.3 522.96 487.28 473.34 449.64 477.6 495.2 443.82 532.6 509.91 453.72 521.52 507.19 499.88 528.17 542.46 
401.6 368.03 349.83 388.2 367.76 379.73 374.54 341.17 346.09 399.66 404.45 394.05 378.92 425.23 404.36 391.07 371.63 335.91 389.65 342.57 413.32 390.31 380.98 323.42 358.55 365.51 345.12 390.63 316.13 354.12 359.04 
270.9 350.89 320.38 368.08 375.88 326.45 329.68 350.97 339.87 315.95 345.19 407.89 348.54 364.75 336.74 364.65 371.44 275.43 299.61 394.2 328.06 384.99 342.12 368.67 411.84 328.41 280.31 357.02 395.53 331.13 
227.02 167.6 214.66 208.9 186.01 173.33 217.73 207.92 193.93 239.71 246.39 200.84 199.99 187.57 184.46 179.7 168.9 182.41 179.59 173.32 234.48 195.96 208.27 192.6 194.06 221.33 199.26 172.3 202.97 202.06 189.52 
252.57 267.87 299.37 276.24 267.45 279.95 272.88 248.94 239.61 271.19 268.42 302.63 336.31 256.91 270.68 242.09 305.2 256.9 291.47 225.86 270.97 250.85 287.71 225.5 260.29 249.8 261.25 346.99 294.25 258.52 254.9 
62.81 64.72 63.77 70.5 57.08 72.93 73.67 63.81 60.17 70.12 64.35 68.94 66.71 67.79 70.95 72.88 78.3 61.37 70.62 55.41 62.27 62.9 85.23 60.66 74.65 64.82 69.27 69.22 58.8 70.65 
3.99 3.39 3.67 3.65 3.03 3.38 3.01 3.25 3.55 3.59 3.51 3.23 4.02 3.71 2.92 3.64 3.64 3.91 3.39 3.72 3.58 3.47 3.31 2.93 3.45 3.86 3.99 4.05 2.7 3.4 3.43 
0.0 0.0 0.0 0.0 0.0 0.0 0.0 0.0 0.0 0.0 0.0 0.0 0.0 0.0 0.0 0.0 0.0 0.0 0.0 0.0 0.0 0.0 0.0 0.0 0.0 0.0 0.0 0.0 0.0 0.0 
4.81 4.04 5.3 5.39 3.43 5.7 4.45 5.04 5.1 4.35 4.23 5.81 5.68 4.74 5.87 5.23 5.52 5.68 4.77 4.78 4.82 4.7 5.22 4.53 5.58 5.37 5.1 4.87 5.21 4.88 5.03 
