36.29 34.99 38.59 39.36 37.43 38.74 42.77 43.27 39.02 43.12 28.1 39.43 36.32 41.45 38.56 41.52 46.2 36.54 36.67 32.58 33.42 40.42 36.16 44.74 37.84 39.09 44.47 38.53 41.83 45.98 41.68 
131.57 120.11 119.41 133.85 136.61 110.59 103.53 128.58 133.11 131.77 132.05 105.99 99.29 112.29 127.51 119.74 104.97 115.8 111.48 120.38 104.01 129.08 127.29 107.87 138.01 118.8 104.41 132.87 137.13 
283.23 325.42 328.96 238.84 304.2 279.94 265.08 300.74 304.7 251.13 313.41 263.55 322.13 361.31 288.49 338.02 257.57 310.16 268.8 285.82 329.3 254.5 263.78 257.05 266.77 299.06 328.36 282.64 298.5 284.05 305.72 
156.69 144.03 140.17 163.69 133.98 130.14 132.08 165.43 141.18 148.56 153.29 143.61 131.9 137.61 145.32 148.37 128.79 130.76 124.21 160.66 129.3 151.46 127.47 153.02 145.82 168.25 137.28 154.46 122.69 123.7 
225.9 258.29 212.04 280.08 277.24 310.68 271.88 246.08 202.38 274.12 272.17 262.33 246.22 259.02 270.12 308.75 205.97 290.4 275.37 209.29 268.07 296.71 237.76 273.92 266.49 258.04 271.52 226.99 194.98 257.53 292.5 
453.75 439.4 487.94 541.3 376.68 442.31 508.52 522.7 439.86 448.7 452.65 422.02 489.98 449.7 385.75 490.56 536.71 411.42 547.03 465.29 446.51 529.39 518.01 408.91 495.54 413.6 452.84 417.96 483.67 463.96 
35.29 33.66 33.31 35.3 30.71 30.72 33.51 33.94 30.35 31.74 37.06 40.16 34.74 30.88 27.26 33.88 34.79 39.32 28.6 28.79 29.06 35.32 30.0 39.18 25.99 28.11 26.16 33.25 28.8 36.79 28.54 
226.39 191.88 224.62 190.11 249.19 201.45 196.34 172.83 187.97 230.15 158.64 244.19 225.52 193.05 209.0 211.91 168.66 228.68 180.45 182.08 179.38 205.55 181.37 224.03 179.79 236.37 214.4 226.74 171.74 219.99 174.19 
133.74 135.5 144.7 146.47 113.98 136.51 134.51 134.33 129.13 121.47 137.1 148.3 131.56 126.55 110.76 150.2 119.67 121.07 127.59 121.12 140.34 152.71 151.93 134.86 138.82 115.13 133.2 111.78 143.52 119.59 
12.43 13.59 11.98 13.63 13.18 13.74 11.07 11.4 12.85 13.39 13.94 11.21 13.83 12.49 12.1 12.12 13.23 12.48 13.62 14.51 12.76 12.89 10.01 11.35 14.14 10.32 13.18 15.18 12.08 15.14 13.27 
0.46 0.43 0.48 0.53 0.5 0.59 0.47 0.54 0.42 0.56 0.4 0.48 0.52 0.6 0.45 0.47 0.45 0.48 0.44 0.48 0.45 0.43 0.48 0.55 0.53 0.52 0.56 0.44 0.55 0.48 
11.89 14.27 12.83 11.02 12.56 10.85 11.41 11.39 10.43 11.47 11.08 10.56 11.01 12.13 12.84 10.58 13.13 13.43 11.09 11.9 11.05 11.85 12.98 9.71 8.85 13.07 11.82 12.32 11.43 10.21 12.32 
