6.3 4.83 5.18 5.76 5.31 5.0 5.58 5.57 5.6 4.91 5.13 4.7 5.27 5.1 4.24 5.03 5.28 4.75 5.28 6.08 5.32 5.29 5.39 4.73 5.21 6.3 6.1 5.39 4.15 5.48 5.35 
78.34 72.1 78.65 66.94 73.29 66.72 77.97 74.56 79.37 78.77 68.49 56.26 60.2 67.68 58.58 69.71 71.78 60.55 78.86 61.64 75.58 74.65 71.68 70.09 74.93 63.59 72.71 68.23 
36.47 36.32 39.83 49.65 45.57 40.44 50.9 45.16 48.07 42.72 37.35 45.6 35.04 38.11 37.24 48.25 33.4 40.9 47.4 46.4 47.23 46.28 47.6 34.57 38.26 37.21 36.24 48.09 42.35 42.98 46.35 
151.16 173.45 161.14 182.66 134.89 182.37 179.11 169.12 178.18 164.03 188.79 175.58 163.99 169.13 142.47 187.13 141.13 192.47 189.5 164.45 164.59 166.95 154.69 168.7 164.26 165.03 189.5 167.79 166.27 154.72 
199.94 247.1 232.03 207.88 229.72 223.4 178.29 216.74 203.77 225.3 257.08 220.77 229.37 232.13 227.5 217.11 215.53 235.36 213.88 227.98 223.45 231.85 241.97 199.55 204.67 199.47 268.39 241.29 227.52 183.15 205.43 
491.35 447.05 437.87 537.85 596.85 557.82 522.54 480.14 572.85 512.03 609.43 504.63 545.92 485.93 580.53 465.47 436.77 468.8 564.03 589.85 559.7 415.04 436.34 542.21 463.64 456.89 461.22 504.09 499.23 550.12 
73.94 78.09 61.32 70.53 63.35 62.04 58.52 62.28 77.33 74.61 58.76 60.63 63.51 66.24 55.64 69.91 54.61 70.45 65.44 67.95 57.02 56.05 60.15 68.49 75.47 67.41 51.68 64.91 49.98 70.65 64.9 
472.19 416.88 368.58 514.25 388.79 442.85 472.13 415.7 468.54 459.62 443.19 480.44 439.69 491.92 458.52 526.12 544.49 480.89 442.42 431.07 481.84 482.21 389.79 379.38 445.82 523.82 568.65 450.13 430.54 446.38 488.14 
87.84 90.1 78.77 90.07 70.92 85.64 95.59 79.18 83.79 92.72 75.81 62.12 75.05 75.62 68.98 67.65 79.11 77.17 81.44 76.81 85.75 87.28 73.12 75.94 76.89 76.44 92.56 88.15 92.51 64.85 
49.95 63.45 58.92 50.58 64.48 63.17 60.0 63.18 51.29 59.18 62.29 56.32 54.33 55.64 56.5 59.52 68.22 54.96 60.77 61.73 52.08 53.41 69.31 51.52 63.8 63.44 63.28 62.33 63.91 69.33 51.61 
18.55 20.62 17.63 19.46 19.02 16.64 19.27 22.42 20.85 22.17 19.65 20.24 19.77 21.24 22.53 19.29 20.03 19.13 17.95 19.88 16.07 19.03 18.45 23.24 17.3 18.32 20.1 17.79 18.43 19.4 
11.55 11.06 9.2 10.8 9.71 11.74 10.36 11.48 11.69 10.29 12.06 10.52 12.64 11.42 11.44 9.62 10.7 12.31 11.41 11.71 11.25 11.15 7.62 11.11 8.82 9.83 11.55 12.4 10.43 11.32 9.97 
