54.98 55.98 45.0 55.58 36.73 47.66 56.98 43.29 52.05 38.9 41.67 38.77 42.56 39.59 53.75 49.19 46.05 43.82 46.99 42.76 41.74 48.55 49.98 48.94 49.7 55.49 46.65 46.97 47.28 44.46 52.16 
174.04 209.04 165.95 164.15 182.44 180.18 171.39 202.47 178.48 187.17 171.08 194.63 199.07 156.99 190.75 186.67 150.68 194.24 144.36 167.42 196.54 185.43 189.47 161.98 186.2 203.78 180.49 165.48 
101.06 101.39 108.46 107.34 101.17 98.1 105.61 104.16 105.4 101.31 89.66 93.65 99.9 98.01 109.79 95.71 106.59 106.42 103.62 95.22 88.96 98.24 91.72 98.97 88.04 88.7 93.39 97.96 107.06 98.39 112.59 
88.25 78.52 66.1 102.95 101.54 91.05 92.79 91.46 102.78 94.55 84.13 95.53 93.46 96.53 110.3 99.7 97.82 89.2 93.71 94.24 91.02 81.76 93.93 101.82 86.9 97.94 92.52 90.53 89.16 89.15 
441.8 420.56 471.76 483.98 357.71 507.53 431.78 415.35 336.97 388.94 476.08 449.12 492.45 434.57 491.05 557.01 411.78 409.52 435.62 476.91 454.33 430.9 483.02 402.29 420.85 389.97 404.07 440.44 404.58 410.16 448.78 
704.19 634.83 550.94 634.96 686.06 697.73 478.06 600.09 563.27 624.18 625.56 722.98 570.2 677.45 615.47 655.37 725.7 596.64 648.2 689.14 445.75 761.51 541.53 651.5 684.41 728.99 671.6 598.91 689.24 741.23 
517.2 418.72 528.02 507.75 526.29 499.81 533.75 532.39 472.23 369.21 564.25 470.81 483.97 513.1 450.11 516.32 479.26 460.39 542.14 464.69 466.72 530.62 617.58 508.86 497.38 519.82 539.3 435.75 428.85 555.58 471.36 
242.56 349.34 296.78 290.84 266.51 330.33 296.96 293.4 228.16 229.1 302.06 265.6 289.74 305.7 235.01 277.8 294.27 207.04 290.52 277.86 245.03 291.62 302.49 280.99 271.93 277.38 267.93 238.08 338.21 321.6 272.96 
63.54 68.7 56.84 54.57 68.07 55.43 47.59 58.02 57.64 53.83 52.6 56.49 56.53 60.45 64.6 60.5 61.35 57.83 61.79 59.39 64.74 54.46 57.65 59.07 58.64 61.8 58.75 63.75 56.58 62.82 
1.21 1.12 1.1 1.15 1.23 1.04 1.02 1.21 1.29 1.31 1.13 1.21 1.15 1.19 1.38 1.04 1.03 1.28 1.3 1.33 1.4 1.24 1.16 1.12 1.17 1.32 1.21 1.4 1.29 1.19 1.12 
153.83 170.83 178.68 164.87 165.21 175.84 159.26 192.03 185.37 147.58 161.64 146.7 189.38 152.57 157.89 143.69 143.7 169.43 161.26 158.38 164.35 132.86 155.04 146.19 155.77 166.47 156.53 161.79 157.19 160.93 
7.12 6.72 7.64 6.83 8.21 6.72 6.89 6.93 7.09 6.45 8.95 5.49 7.18 6.3 7.71 8.46 6.11 7.53 7.35 7.41 7.11 6.97 6.89 7.39 7.81 6.86 7.0 7.85 8.23 7.15 6.02 
