0101 -0.9
0101 6.0
0102 1.0
0102 3.2
0103 -2.1
0103 -2.5
0104 -1.7
0104 -1.5
0105 -1.1
0105 0.2
0106 0.2
0106 0.2
0107 0.0
0107 1.0
0108 1.0
0108 2.6
0109 2.4
0109 3.8
0110 1.0
0110 2.6
0111 -0.9
0111 5.2
0112 0.4
0112 5.6
0113 4.0
0113 6.0
0114 3.8
0114 7.0
0115 3.4
0115 6.4
0116 4.6
0116 3.6
0117 1.8
0117 2.4
0118 -2.1
0118 2.6
0119 -1.3
0119 7.0
0120 4.0
0120 13.0
0121 9.8
0121 5.4
0122 3.6
0122 4.4
0123 3.2
0123 7.2
0124 3.0
0124 6.4
0125 1.2
0125 6.6
0126 1.4
0126 9.4
0127 4.6
0127 5.6
0128 1.4
0128 9.4
0129 6.2
0129 10.2
0130 4.4
0130 12.6
0131 9.0
0131 15.8
0201 13.0
0201 12.4
0202 7.8
0202 7.4
0203 7.2
0203 12.8
0204 11.8
0204 8.6
0205 7.2
0205 8.2
0206 5.8
0206 6.2
0207 4.0
0207 -0.3
0208 -2.1
0208 -2.3
0209 -2.3
0209 -0.5
0210 -1.7
0210 4.2
0211 3.2
0211 6.6
0212 4.0
0212 4.6
0213 2.6
0213 5.6
0214 5.0
0214 5.8
0215 5.8
0215 5.4
0216 3.8
0216 8.8
0217 7.8
0217 10.6
0218 7.8
0218 4.6
0219 0.4
0219 2.0
0220 -0.3
0220 4.8
0221 4.6
0221 6.4
0222 5.8
0222 6.0
0223 3.4
0223 9.4
0224 3.0
0224 14.6
0225 11.0
0225 15.0
0226 12.2
0226 12.8
0227 9.8
0227 10.4
0228 9.8
0228 18.8
0301 9.4
0301 5.6
0302 3.0
0302 4.6
0303 0.6
0303 9.2
0304 5.6
0304 14.4
0305 7.0
0305 15.6
0306 8.0
0306 18.6
0307 12.2
0307 19.8
0308 15.8
0308 23.8
0309 16.0
0309 24.4
0310 11.8
0310 8.6
0311 6.4
0311 9.4
0312 7.8
0312 21.6
0313 10.4
0313 7.2
0314 3.4
0314 8.2
0315 5.0
0315 11.8
0316 8.8
0316 13.4
0317 11.8
0317 15.2
0318 12.6
0318 18.4
0319 12.4
0319 15.8
0320 15.8
0320 8.2
0321 5.6
0321 12.6
0322 12.6
0322 18.8
0323 10.6
0323 11.8
0324 11.2
0324 8.6
0325 6.4
0325 9.4
0326 6.8
0326 7.8
0327 8.0
0327 12.8
0328 9.0
0328 15.6
0329 10.8
0329 11.2
0330 8.6
0330 15.8
0331 10.2
0331 12.0
0401 9.2
0401 16.6
0402 13.6
0402 15.2
0403 10.0
0403 15.8
0404 12.8
0404 18.6
0405 14.8
0405 16.0
0406 9.4
0406 12.6
0407 6.8
0407 13.6
0408 9.8
0408 19.0
0409 13.2
0409 16.8
0410 10.8
0410 17.0
0411 13.2
0411 16.2
0412 11.8
0412 20.8
0413 14.2
0413 23.4
0414 18.8
0414 25.0
0415 15.0
0415 26.0
0416 19.8
0416 22.2
0417 19.6
0417 24.0
0418 18.2
0418 15.6
0419 11.4
0419 14.0
0420 10.2
0420 9.2
0421 7.8
0421 11.8
0422 10.0
0422 13.6
0423 14.0
0423 14.2
0424 13.8
0424 15.2
0425 14.0
0425 23.0
0426 15.2
0426 20.8
0427 15.6
0427 24.6
0428 18.4
0428 22.0
0429 20.0
0429 24.8
0430 16.0
0430 16.8
0501 13.8
0501 21.0
0502 16.8
0502 18.6
0503 15.4
0503 21.6
0504 17.2
0504 19.2
0505 17.6
0505 20.8
0506 20.2
0506 18.8
0507 19.0
0507 22.4
0508 18.6
0508 21.2
0509 19.4
0509 24.0
0510 19.0
0510 20.6
0511 18.0
0511 24.8
0512 19.4
0512 26.2
0513 19.6
0513 27.2
0514 23.0
0514 29.2
0515 23.6
0515 22.6
0516 20.4
0516 20.8
0517 20.0
0517 20.6
0518 20.4
0518 21.6
0519 21.0
0519 25.4
0520 21.0
0520 26.4
0521 21.6
0521 27.0
0522 24.0
0522 25.6
0523 22.6
0523 24.8
0524 24.6
0524 27.8
0525 25.8
0525 30.6
0526 24.8
0526 27.0
0527 23.2
0527 22.8
0528 22.8
0528 30.0
0529 25.4
0529 25.8
0530 20.4
0530 18.0
0531 19.4
0531 23.8
0601 22.8
0601 20.4
0602 18.6
0602 20.0
0603 19.2
0603 24.8
0604 21.0
0604 23.4
0605 22.6
0605 26.0
0606 24.6
0606 27.2
0607 22.6
0607 23.2
0608 24.8
0608 21.6
0609 21.0
0609 22.2
0610 20.2
0610 24.2
0611 21.0
0611 20.6
0612 19.6
0612 20.8
0613 19.8
0613 21.4
0614 20.0
0614 22.0
0615 22.0
0615 27.4
0616 24.8
0616 26.4
0617 27.0
0617 26.6
0618 28.8
0618 31.8
0619 29.4
0619 26.0
0620 26.4
0620 27.0
0621 25.4
0621 27.8
0622 25.2
0622 28.4
0623 26.8
0623 28.4
0624 26.6
0624 26.4
0625 26.4
0625 30.2
0626 23.8
0626 23.0
0627 22.0
0627 22.2
0628 21.8
0628 22.6
0629 22.4
0629 25.6
0630 24.4
0630 28.0
0701 25.0
0701 31.4
0702 29.2
0702 33.4
0703 30.8
0703 33.2
0704 29.8
0704 33.0
0705 30.8
0705 31.8
0706 26.0
0706 30.8
0707 29.4
0707 31.8
0708 29.0
0708 33.2
0709 30.2
0709 34.0
0710 30.0
0710 34.4
0711 29.2
0711 35.0
0712 29.2
0712 32.2
0713 30.2
0713 30.0
0714 29.8
0714 33.4
0715 29.8
0715 32.2
0716 29.4
0716 33.0
0717 29.4
0717 34.0
0718 28.8
0718 34.4
0719 29.6
0719 33.6
0720 28.8
0720 30.4
0721 28.6
0721 27.8
0722 27.2
0722 32.8
0723 29.6
0723 36.2
0724 31.8
0724 36.6
0725 30.8
0725 35.8
0726 30.2
0726 36.4
0727 31.4
0727 36.6
0728 32.4
0728 36.4
0729 31.8
0729 36.0
0730 32.0
0730 28.4
0731 31.2
0731 30.2
0801 29.2
0801 24.0
0802 26.6
0802 30.4
0803 28.2
0803 27.8
0804 28.0
0804 30.8
0805 29.2
0805 35.4
0806 31.8
0806 37.0
0807 32.0
0807 36.8
0808 31.8
0808 37.4
0809 32.0
0809 37.4
0810 31.4
0810 33.6
0811 29.6
0811 35.4
0812 30.2
0812 35.0
0813 30.6
0813 34.8
0814 31.0
0814 34.8
0815 30.6
0815 33.8
0816 29.8
0816 33.8
0817 30.0
0817 32.4
0818 29.8
0818 30.4
0819 26.8
0819 29.8
0820 28.8
0820 30.8
0821 28.2
0821 29.8
0822 28.6
0822 28.0
0823 27.8
0823 31.4
0824 29.4
0824 29.6
0825 29.2
0825 28.8
0826 26.0
0826 25.8
0827 26.4
0827 28.2
0828 27.2
0828 31.8
0829 28.6
0829 29.8
0830 27.4
0830 22.8
0831 24.4
0831 26.2
0901 24.0
0901 27.0
0902 22.2
0902 26.8
0903 24.2
0903 27.2
0904 22.6
0904 26.0
0905 23.6
0905 21.8
0906 20.0
0906 20.2
0907 20.2
0907 21.2
0908 21.4
0908 25.0
0909 23.6
0909 29.0
0910 25.2
0910 28.2
0911 26.2
0911 25.6
0912 24.4
0912 28.0
0913 25.6
0913 22.8
0914 23.4
0914 29.4
0915 25.2
0915 28.4
0916 24.8
0916 27.0
0917 22.8
0917 26.0
0918 22.8
0918 26.2
0919 24.2
0919 27.4
0920 24.4
0920 27.6
0921 25.2
0921 27.0
0922 25.6
0922 27.2
0923 27.0
0923 29.2
0924 25.2
0924 28.8
0925 18.8
0925 19.2
0926 18.8
0926 22.0
0927 19.0
0927 23.0
0928 21.0
0928 20.6
0929 19.8
0929 21.0
0930 18.8
0930 23.2
1001 19.8
1001 22.2
1002 18.6
1002 22.2
1003 17.2
1003 21.4
1004 17.2
1004 22.2
1005 17.8
1005 23.6
1006 20.6
1006 22.4
1007 23.0
1007 22.8
1008 20.6
1008 19.8
1009 20.2
1009 22.0
1010 19.4
1010 25.0
1011 20.2
1011 24.4
1012 18.8
1012 22.6
1013 17.8
1013 22.4
1014 18.2
1014 23.8
1015 20.6
1015 15.4
1016 12.2
1016 16.2
1017 14.6
1017 16.4
1018 16.0
1018 19.0
1019 17.6
1019 17.4
1020 16.8
1020 18.0
1021 14.8
1021 17.0
1022 13.8
1022 17.0
1023 14.2
1023 19.2
1024 14.6
1024 18.2
1025 12.6
1025 15.8
1026 12.0
1026 14.4
1027 10.0
1027 16.6
1028 11.6
1028 18.4
1029 13.2
1029 20.8
1030 17.6
1030 19.6
1031 18.2
1031 19.4
1101 16.8
1101 19.4
1102 18.0
1102 19.4
1103 17.6
1103 18.0
1104 14.6
1104 14.8
1105 11.4
1105 17.2
1106 12.8
1106 17.6
1107 11.8
1107 18.0
1108 12.4
1108 20.0
1109 18.0
1109 23.2
1110 18.4
1110 13.4
1111 13.4
1111 13.8
1112 10.0
1112 10.6
1113 11.2
1113 13.6
1114 13.0
1114 13.6
1115 9.6
1115 12.8
1116 8.6
1116 14.8
1117 9.6
1117 11.2
1118 5.4
1118 10.0
1119 5.2
1119 11.0
1120 6.4
1120 13.2
1121 9.2
1121 14.6
1122 10.0
1122 14.6
1123 10.8
1123 17.0
1124 13.2
1124 10.4
1125 8.6
1125 10.8
1126 5.4
1126 11.2
1127 8.4
1127 8.4
1128 2.8
1128 7.2
1129 1.8
1129 6.6
1130 2.4
1130 9.8
1201 5.4
1201 9.6
1202 3.8
1202 11.4
1203 6.0
1203 14.0
1204 10.0
1204 11.8
1205 7.8
1205 13.8
1206 9.0
1206 9.4
1207 8.0
1207 9.8
1209 10.8
1209 6.8
1210 2.2
1210 5.8
1211 4.2
1211 7.6
1212 1.2
1212 9.2
1213 6.6
1213 9.8
1214 4.8
1214 9.8
1215 8.4
1215 8.8
1216 5.2
1216 1.6
1217 4.6
1217 4.4
1218 5.2
1218 5.8
1219 2.6
1219 2.4
1220 -0.9
1220 3.6
1221 -1.1
1221 2.4
1222 -2.3
1222 3.4
1223 -0.1
1223 4.4
1224 0.2
1224 4.6
1225 -0.9
1225 5.0
1226 1.4
1226 4.4
1227 -2.1
1227 1.2
1228 -3.9
1228 1.2
1229 -3.3
1229 3.0
1230 -1.1
1230 6.4
1231 0.2
1231 9.8
