0101 -0.9
0101 6.0
0102 1.0
0102 3.2
0103 -2.1
0103 -2.5
0104 -1.7
0104 -1.5
0105 -1.1
0105 0.2
0106 0.2
0106 0.2
0107 0.0
0107 1.0
0108 1.0
0108 2.6
0109 2.4
0109 3.8
0110 1.0
0110 2.6
0111 -0.9
0111 5.2
0112 0.4
0112 5.6
0113 4.0
0113 6.0
0114 3.8
0114 7.0
0115 3.4
0115 6.4
0116 4.6
0116 3.6
0117 1.8
0117 2.4
0118 -2.1
0118 2.6
0119 -1.3
0119 7.0
0120 4.0
0120 13.0
0121 9.8
0121 5.4
0122 3.6
0122 4.4
0123 3.2
0123 7.2
0124 3.0
0124 6.4
0125 1.2
0125 6.6
0126 1.4
0126 9.4
0127 4.6
0127 5.6
0128 1.4
0128 9.4
0129 6.2
0129 10.2
0130 4.4
0130 12.6
0131 9.0
0131 15.8
0201 13.0
0201 12.4
0202 7.8
0202 7.4
0203 7.2
0203 12.8
0204 11.8
0204 8.6
0205 7.2
0205 8.2
0206 5.8
0206 6.2
0207 4.0
0207 -0.3
0208 -2.1
0208 -2.3
0209 -2.3
0209 -0.5
0210 -1.7
0210 4.2
0211 3.2
0211 6.6
0212 4.0
0212 4.6
0213 2.6
0213 5.6
0214 5.0
0214 5.8
0215 5.8
0215 5.4
0216 3.8
0216 8.8
0217 7.8
0217 10.6
0218 7.8
0218 4.6
0219 0.4
0219 2.0
0220 -0.3
0220 4.8
0221 4.6
0221 6.4
0222 5.8
0222 6.0
0223 3.4
0223 9.4
0224 3.0
0224 14.6
0225 11.0
0225 15.0
0226 12.2
0226 12.8
0227 9.8
0227 10.4
0228 9.8
0228 18.8
0301 9.4
0301 5.6
0302 3.0
0302 4.6
0303 0.6
0303 9.2
0304 5.6
0304 14.4
0305 7.0
0305 15.6
0306 8.0
0306 18.6
0307 12.2
0307 19.8
0308 15.8
0308 23.8
0309 16.0
0309 24.4
0310 11.8
0310 8.6
0311 6.4
0311 9.4
0312 7.8
0312 21.6
0313 10.4
0313 7.2
0314 3.4
0314 8.2
0315 5.0
0315 11.8
0316 8.8
0316 13.4
0317 11.8
0317 15.2
0318 12.6
0318 18.4
0319 12.4
0319 15.8
0320 15.8
0320 8.2
0321 5.6
0321 12.6
0322 12.6
0322 18.8
0323 10.6
0323 11.8
0324 11.2
0324 8.6
0325 6.4
0325 9.4
0326 6.8
0326 7.8
0327 8.0
0327 12.8
0328 9.0
0328 15.6
0329 10.8
0329 11.2
0330 8.6
0330 15.8
0331 10.2
0331 12.0
0401 9.2
0401 16.6
0402 13.6
0402 15.2
0403 10.0
0403 15.8
0404 12.8
0404 18.6
0405 14.8
0405 16.0
0406 9.4
0406 12.6
0407 6.8
0407 13.6
0408 9.8
0408 19.0
0409 13.2
0409 16.8
0410 10.8
0410 17.0
0411 13.2
0411 16.2
0412 11.8
0412 20.8
0413 14.2
0413 23.4
0414 18.8
0414 25.0
0415 15.0
0415 26.0
0416 19.8
0416 22.2
0417 19.6
0417 24.0
0418 18.2
0418 15.6
0419 11.4
0419 14.0
0420 10.2
0420 9.2
0421 7.8
0421 11.8
0422 10.0
0422 13.6
0423 14.0
0423 14.2
0424 13.8
0424 15.2
0425 14.0
0425 23.0
0426 15.2
0426 20.8
0427 15.6
0427 24.6
0428 18.4
0428 22.0
0429 20.0
0429 24.8
0430 16.0
0430 16.8
0501 13.8
0501 21.0
0502 16.8
0502 18.6
0503 15.4
0503 21.6
0504 17.2
0504 19.2
0505 17.6
0505 20.8
0506 20.2
0506 18.8
0507 19.0
0507 22.4
0508 18.6
0508 21.2
0509 19.4
0509 24.0
0510 19.0
0510 20.6
0511 18.0
0511 24.8
0512 19.4
0512 26.2
0513 19.6
0513 27.2
0514 23.0
0514 29.2
0515 23.6
0515 22.6
0516 20.4
0516 20.8
0517 20.0
0517 20.6
0518 20.4
0518 21.6
0519 21.0
0519 25.4
0520 21.0
0520 26.4
0521 21.6
0521 27.0
0522 24.0
0522 25.6
0523 22.6
0523 24.8
0524 24.6
0524 27.8
0525 25.8
0525 30.6
0526 24.8
0526 27.0
0527 23.2
0527 22.8
0528 22.8
0528 30.0
0529 25.4
0529 25.8
0530 20.4
0530 18.0
0531 19.4
0531 23.8
0601 22.8
0601 20.4
0602 18.6
0602 20.0
0603 19.2
0603 24.8
0604 21.0
0604 23.4
0605 22.6
0605 26.0
0606 24.6
0606 27.2
0607 22.6
0607 23.2
0608 24.8
0608 21.6
0609 21.0
0609 22.2
0610 20.2
0610 24.2
0611 21.0
0611 20.6
0612 19.6
0612 20.8
0613 19.8
0613 21.4
0614 20.0
0614 22.0
0615 22.0
0615 27.4
0616 24.8
0616 26.4
0617 27.0
0617 26.6
0618 28.8
0618 31.8
0619 29.4
0619 26.0
0620 26.4
0620 27.0
0621 25.4
0621 27.8
0622 25.2
0622 28.4
0623 26.8
0623 28.4
0624 26.6
0624 26.4
0625 26.4
0625 30.2
0626 23.8
0626 23.0
0627 22.0
0627 22.2
0628 21.8
0628 22.6
0629 22.4
0629 25.6
0630 24.4
0630 28.0
0701 25.0
0701 31.4
0702 29.2
0702 33.4
0703 30.8
0703 33.2
0704 29.8
0704 33.0
0705 30.8
0705 31.8
0706 26.0
0706 30.8
0707 29.4
0707 31.8
0708 29.0
0708 33.2
0709 30.2
0709 34.0
0710 30.0
0710 34.4
0711 29.2
0711 35.0
0712 29.2
0712 32.2
0713 30.2
0713 30.0
0714 29.8
0714 33.4
0715 29.8
0715 32.2
0716 29.4
0716 33.0
0717 29.4
0717 34.0
0718 28.8
0718 34.4
0719 29.6
0719 33.6
0720 28.8
0720 30.4
0721 28.6
0721 27.8
0722 27.2
0722 32.8
0723 29.6
0723 36.2
0724 31.8
0724 36.6
0725 30.8
0725 35.8
0726 30.2
0726 36.4
0727 31.4
0727 36.6
0728 32.4
0728 36.4
0729 31.8
0729 36.0
0730 32.0
0730 28.4
0731 31.2
0731 30.2
0801 29.2
0801 24.0
0802 26.6
0802 30.4
0803 28.2
0803 27.8
0804 28.0
0804 30.8
0805 29.2
0805 35.4
0806 31.8
0806 37.0
0807 32.0
0807 36.8
0808 31.8
0808 37.4
0809 32.0
0809 37.4
0810 31.4
0810 33.6
0811 29.6
0811 35.4
0812 30.2
0812 35.0
0813 30.6
0813 34.8
0814 31.0
0814 34.8
0815 30.6
0815 33.8
0816 29.8
0816 33.8
0817 30.0
0817 32.4
0818 29.8
0818 30.4
0819 26.8
0819 29.8
0820 28.8
0820 30.8
0821 28.2
0821 29.8
0822 28.6
0822 28.0
0823 27.8
0823 31.4
0824 29.4
0824 29.6
0825 29.2
0825 28.8
0826 26.0
0826 25.8
0827 26.4
0827 28.2
0828 27.2
0828 31.8
0829 28.6
0829 29.8
0830 27.4
0830 22.8
0831 24.4
0831 26.2
0901 24.0
0901 27.0
0902 22.2
0902 26.8
0903 24.2
0903 27.2
0904 22.6
0904 26.0
0905 23.6
0905 21.8
0906 20.0
0906 20.2
0907 20.2
0907 21.2
0908 21.4
0908 25.0
0909 23.6
0909 29.0
0910 25.2
0910 28.2
0911 26.2
0911 25.6
0912 24.4
0912 28.0
0913 25.6
0913 22.8
0914 23.4
0914 29.4
0915 25.2
0915 28.4
0916 24.8
0916 27.0
0917 22.8
0917 26.0
0918 22.8
0918 26.2
0919 24.2
0919 27.4
0920 24.4
0920 27.6
0921 25.2
0921 27.0
0922 25.6
0922 27.2
0923 27.0
0923 29.2
0924 25.2
0924 28.8
0925 18.8
0925 19.2
0926 18.8
0926 22.0
0927 19.0
0927 23.0
0928 21.0
0928 20.6
0929 19.8
0929 21.0
0930 18.8
0930 23.2
1001 19.8
1001 22.2
1002 18.6
1002 22.2
1003 17.2
1003 21.4
1004 17.2
1004 22.2
1005 17.8
1005 23.6
1006 20.6
1006 22.4
1007 23.0
1007 22.8
1008 20.6
1008 19.8
1009 20.2
1009 22.0
1010 19.4
1010 25.0
1011 20.2
1011 24.4
1012 18.8
1012 22.6
1013 17.8
1013 22.4
1014 18.2
1014 23.8
1015 20.6
1015 15.4
1016 12.2
1016 16.2
1017 14.6
1017 16.4
1018 16.0
1018 19.0
1019 17.6
1019 17.4
1020 16.8
1020 18.0
1021 14.8
1021 17.0
1022 13.8
1022 17.0
1023 14.2
1023 19.2
1024 14.6
1024 18.2
1025 12.6
1025 15.8
1026 12.0
1026 14.4
1027 10.0
1027 16.6
1028 11.6
1028 18.4
1029 13.2
1029 20.8
1030 17.6
1030 19.6
1031 18.2
1031 19.4
1101 16.8
1101 19.4
1102 18.0
1102 19.4
1103 17.6
1103 18.0
1104 14.6
1104 14.8
1105 11.4
1105 17.2
1106 12.8
1106 17.6
1107 11.8
1107 18.0
1108 12.4
1108 20.0
1109 18.0
1109 23.2
1110 18.4
1110 13.4
1111 13.4
1111 13.8
1112 10.0
1112 10.6
1113 11.2
1113 13.6
1114 13.0
1114 13.6
1115 9.6
1115 12.8
1116 8.6
1116 14.8
1117 9.6
1117 11.2
1118 5.4
1118 10.0
1119 5.2
1119 11.0
1120 6.4
1120 13.2
1121 9.2
1121 14.6
1122 10.0
1122 14.6
1123 10.8
1123 17.0
1124 13.2
1124 10.4
1125 8.6
1125 10.8
1126 5.4
1126 11.2
1127 8.4
1127 8.4
1128 2.8
1128 7.2
1129 1.8
1129 6.6
1130 2.4
1130 9.8
1201 5.4
1201 9.6
1202 3.8
1202 11.4
1203 6.0
1203 14.0
1204 10.0
1204 11.8
1205 7.8
1205 13.8
1206 9.0
1206 9.4
1207 8.0
1207 9.8
1209 10.8
1209 6.8
1210 2.2
1210 5.8
1211 4.2
1211 7.6
1212 1.2
1212 9.2
1213 6.6
1213 9.8
1214 4.8
1214 9.8
1215 8.4
1215 8.8
1216 5.2
1216 1.6
1217 4.6
1217 4.4
1218 5.2
1218 5.8
1219 2.6
1219 2.4
1220 -0.9
1220 3.6
1221 -1.1
1221 2.4
1222 -2.3
1222 3.4
1223 -0.1
1223 4.4
1224 0.2
1224 4.6
1225 -0.9
1225 5.0
1226 1.4
1226 4.4
1227 -2.1
1227 1.2
1228 -3.9
1228 1.2
1229 -3.3
1229 3.0
1230 -1.1
1230 6.4
1231 0.2
1231 9.8
0101 10.2
0102 1.8
0102 12.0
0103 8.2
0103 12.6
0104 4.8
0104 7.0
0105 1.6
0105 8.0
0106 2.6
0106 9.2
0107 7.0
0107 8.4
0108 7.8
0108 6.0
0109 2.8
0109 3.6
0110 -0.7
0111 4.4
0111 5.8
0112 4.6
0112 4.2
0113 4.0
0113 5.2
0114 1.0
0114 4.0
0115 -1.3
0115 4.0
0116 -0.7
0116 7.4
0117 2.8
0117 8.6
0118 3.8
0118 5.2
0119 0.2
0119 6.2
0120 2.0
0120 8.0
0121 0.2
0121 4.0
0122 -2.7
0122 4.4
0123 -1.7
0123 9.4
0124 3.2
0124 14.8
0125 7.8
0125 11.0
0126 6.6
0126 8.0
0127 2.6
0127 10.4
0128 5.0
0128 11.6
0129 8.4
0129 11.0
0130 7.2
0130 15.8
0131 8.6
0131 15.6
0201 13.6
0201 20.4
0202 11.2
0202 12.4
0203 9.4
0203 6.4
0204 3.0
0204 4.8
0205 4.8
0205 7.2
0206 6.8
0206 7.6
0207 6.4
0207 3.6
0208 2.2
0208 2.6
0209 1.8
0209 0.6
0210 -2.3
0210 -0.5
0211 -3.3
0211 1.2
0212 -1.1
0212 0.6
0213 0.4
0213 3.2
0214 2.4
0214 4.2
0215 -0.1
0215 6.4
0216 5.2
0216 7.0
0217 6.8
0217 6.4
0218 3.0
0218 0.8
0219 1.2
0219 4.0
0220 -0.5
0220 5.2
0221 0.2
0221 6.6
0222 2.6
0222 8.0
0223 5.8
0223 9.2
0224 7.4
0224 9.4
0225 9.0
0225 10.2
0226 10.2
0226 11.4
0227 10.0
0227 13.2
0228 8.4
0228 8.6
0301 7.8
0301 5.8
0302 5.2
0302 9.0
0303 7.0
0303 10.0
0304 8.2
0304 11.0
0305 8.4
0305 8.4
0306 6.0
0306 6.0
0307 4.4
0307 -67.1
0308 4.8
0309 5.2
0309 7.8
0310 2.8
0310 10.8
0311 5.6
0311 15.6
0312 12.0
0312 13.0
0313 6.8
0313 8.6
0314 4.6
0314 12.8
0315 6.8
0315 16.8
0316 10.2
0316 19.0
0317 16.0
0317 22.2
0318 15.0
0318 22.0
0320 9.4
0320 9.6
0321 6.4
0321 11.6
0322 5.8
0322 15.0
0323 10.0
0323 17.2
0324 12.8
0324 19.8
0325 15.0
0325 20.0
0326 17.2
0326 19.8
0327 14.2
0327 17.2
0328 17.0
0328 20.6
0329 18.0
0329 19.0
0330 15.4
0330 19.0
0331 13.4
0331 14.0
0401 12.8
0401 14.4
0402 13.2
0402 16.8
0403 14.4
0403 16.6
0404 11.8
0404 16.4
0405 14.4
0406 11.0
0406 13.6
0407 11.0
0407 18.4
0408 15.2
0408 19.8
0409 14.8
0409 19.8
0410 15.6
0410 21.2
0411 17.2
0411 18.2
0412 16.8
0412 17.4
0413 15.4
0413 15.2
0414 14.6
0414 18.0
0415 14.4
0415 19.0
0416 15.2
0416 18.6
0417 17.4
0417 20.2
0418 18.6
0418 16.0
0419 13.2
0419 14.6
0420 14.6
0420 16.0
0421 13.8
0421 13.4
0422 12.2
0422 14.4
0423 12.0
0423 17.4
0424 16.4
0424 18.4
0425 17.4
0425 18.4
0426 18.2
0426 19.4
0427 16.8
0427 18.0
0428 17.4
0428 19.0
0429 15.2
0429 21.0
0430 15.6
0430 21.6
0501 17.4
0501 24.6
0502 18.4
0502 24.4
0503 18.4
0503 18.8
0504 17.4
0504 15.2
0505 14.4
0505 17.8
0506 15.2
0506 21.0
0507 16.6
0507 24.2
0508 20.2
0508 21.4
0509 17.6
0509 19.4
0510 18.8
0510 23.6
0511 21.0
0511 18.6
0512 17.4
0512 23.8
0513 19.8
0513 22.2
0514 20.4
0514 22.6
0515 21.2
0515 23.0
0516 21.0
0516 25.2
0517 20.4
0517 18.4
0518 18.2
0518 18.6
0519 18.4
0519 19.0
0520 20.4
0520 24.4
0521 21.2
0521 26.2
0522 20.4
0522 22.6
0523 21.2
0523 24.0
0524 24.0
0524 28.4
0525 26.4
0525 24.0
0526 24.4
0526 26.2
0527 22.4
0527 28.8
0528 24.6
0528 29.6
0529 25.6
0529 27.8
0530 25.0
0530 26.2
0531 25.8
0531 23.8
0601 23.2
0601 24.4
0602 24.2
0602 24.0
0603 20.6
0603 23.8
0604 20.6
0604 25.2
0605 21.6
0605 27.2
0606 23.0
0606 26.6
0607 23.6
0607 29.6
0608 24.2
0608 25.6
0609 23.4
0609 24.8
0610 23.0
0610 25.4
0611 23.0
0611 26.2
0612 23.0
0612 27.6
0613 23.0
0613 28.0
0614 24.0
0614 30.0
0615 26.0
0615 28.0
0616 25.8
0616 29.8
0617 24.0
0617 23.6
0618 23.8
0618 24.2
0619 23.6
0619 28.2
0620 24.4
0620 25.8
0621 25.2
0621 22.6
0622 21.8
0622 22.8
0623 21.8
0623 24.0
0624 21.8
0624 24.6
0625 21.0
0625 22.8
0626 23.2
0626 24.0
0627 22.4
0627 23.2
0628 22.6
0628 23.0
0629 21.2
0629 24.6
0630 22.6
0630 21.2
0701 21.8
0701 24.8
0702 23.6
0702 25.4
0703 24.4
0703 29.2
0704 25.2
0704 23.8
0705 24.6
0705 27.4
0706 23.4
0706 26.2
0707 25.2
0707 28.4
0708 25.0
0708 29.4
0709 27.2
0709 30.4
0710 28.0
0710 29.0
0711 27.8
0711 30.8
0712 28.4
0712 29.6
0713 24.4
0713 23.0
0714 23.8
0714 28.8
0715 21.6
0715 23.6
0716 24.8
0716 26.6
0717 25.0
0717 32.0
0718 28.4
0718 31.8
0719 28.8
0719 32.2
0720 29.0
0720 33.0
0721 29.0
0721 33.0
0722 29.0
0722 32.8
0723 30.8
0723 32.8
0724 27.4
0724 28.2
0725 26.4
0725 29.6
0726 27.6
0726 24.8
0727 26.0
0727 25.2
0728 25.0
0728 29.6
0729 26.0
0729 31.6
0730 28.6
0730 31.8
0731 29.2
0731 28.8
0801 26.6
0801 25.8
0802 26.2
0802 27.8
0803 27.4
0803 32.0
0804 28.8
0804 33.2
0805 29.6
0805 28.4
0806 28.4
0806 30.2
0807 27.8
0807 28.4
0808 26.8
0808 28.4
0809 26.0
0809 30.0
0810 26.6
0811 25.6
0811 25.2
0812 22.2
0812 22.0
0813 23.8
0813 28.8
0814 24.6
0814 23.4
0815 23.4
0815 24.8
0816 24.4
0816 23.8
0817 22.4
0817 22.2
0818 21.8
0818 22.2
0819 21.8
0819 22.6
0820 21.2
0820 22.6
0821 21.4
0821 27.0
0822 24.8
0822 27.2
0823 25.4
0823 29.0
0824 27.2
0824 30.4
0825 24.2
0825 28.6
0826 26.0
0826 25.4
0827 21.8
0827 25.2
0828 24.0
0828 25.8
0829 25.4
0829 26.2
0830 24.8
0830 27.6
0831 25.2
0831 28.0
0901 26.0
0901 27.0
0902 24.8
0902 25.0
0903 22.2
0903 24.6
0904 22.0
0904 26.4
0905 23.8
0905 27.2
0906 25.0
0906 27.6
0907 25.0
0907 28.0
0908 25.4
0908 27.0
0909 25.4
0909 26.0
0910 25.0
0910 26.0
0911 24.0
0911 24.4
0912 23.6
0912 25.8
0913 22.8
0913 22.4
0914 23.0
0914 23.8
0915 23.4
0915 25.0
0916 23.2
0916 25.0
0917 24.0
0917 25.8
0918 22.8
0918 19.2
0919 17.4
0919 19.2
0920 18.8
0920 21.8
0921 21.8
0921 23.8
0922 21.4
0923 21.2
0923 24.2
0924 23.2
0924 25.0
0925 21.8
0925 23.8
0926 21.0
0926 25.0
0927 23.0
0927 26.0
0928 24.2
0928 27.4
0929 25.2
0929 23.6
0930 21.8
0930 21.2
1001 17.2
1001 21.6
1002 19.2
1002 23.2
1003 20.0
1003 23.6
1004 17.8
1004 21.0
1005 17.4
1005 23.0
1006 18.4
1006 20.6
1007 15.8
1007 21.2
1008 17.2
1008 21.6
1009 18.2
1009 22.4
1010 19.8
1010 22.2
1011 20.2
1011 22.6
1012 20.2
1012 22.8
1013 18.0
1013 17.8
1014 14.2
1014 17.8
1015 12.6
1015 18.6
1016 13.2
1016 21.0
1017 18.6
1017 21.0
1018 18.4
1018 20.8
1019 17.4
1019 23.6
1020 18.6
1020 25.4
1021 19.6
1021 19.6
1022 17.4
1022 19.2
1023 14.0
1023 19.2
1024 14.4
1024 20.2
1025 15.2
1025 21.6
1026 17.2
1026 22.4
1027 17.6
1027 18.6
1028 15.2
1028 18.8
1029 17.2
1029 18.2
1030 17.8
1030 20.0
1031 19.0
1031 18.8
1101 18.0
1101 18.4
1102 16.6
1102 16.2
1103 11.2
1103 12.8
1104 8.2
1104 15.2
1105 10.2
1105 19.4
1106 14.2
1106 15.4
1107 14.8
1107 16.6
1108 11.8
1108 12.2
1109 11.4
1109 12.8
1110 12.6
1110 14.4
1111 13.0
1111 15.4
1112 12.6
1112 14.6
1113 10.4
1113 10.4
1114 6.0
1114 12.8
1115 7.6
1115 13.8
1116 12.2
1116 13.0
1117 9.8
1117 11.2
1118 7.0
1118 10.4
1119 6.6
1119 12.8
1120 8.8
1120 15.4
1121 10.6
1121 17.0
1122 12.2
1122 18.2
1123 16.2
1123 19.2
1124 15.6
1124 15.0
1125 12.0
1125 11.8
1126 11.0
1126 13.6
1127 10.8
1127 16.4
1128 14.6
1128 13.6
1129 12.0
1129 13.8
1130 14.6
1130 11.2
1201 8.0
1201 6.8
1202 1.0
1202 4.6
1203 4.2
1203 4.2
1204 2.8
1204 5.8
1205 0.8
1205 5.2
1206 -0.5
1206 6.8
1207 4.8
1207 9.4
1208 4.8
1208 6.0
1209 4.8
1209 9.6
1210 7.8
1210 8.2
1211 5.6
1211 6.2
1212 2.0
1212 6.2
1213 0.4
1213 5.6
1214 0.0
1214 7.6
1215 3.8
1215 8.4
1216 2.6
1216 3.8
1217 -0.5
1217 4.6
1218 -1.9
1218 6.6
1219 4.6
1219 7.6
1220 1.8
1220 5.2
1221 0.4
1221 5.0
1222 -1.3
1222 5.2
1223 1.0
1223 9.4
1224 3.8
1224 9.8
1225 3.4
1225 7.4
1226 2.4
1226 7.4
1227 5.4
1227 9.0
1228 4.8
1228 8.8
1229 5.6
1229 11.0
1230 4.4
1230 11.8
1231 5.4
1231 7.0
0101 3.4
0102 -1.7
0102 5.2
0103 3.4
0103 10.2
0104 5.0
0104 13.4
0105 6.0
0105 13.6
0106 9.0
0106 4.2
0107 3.0
0107 4.6
0108 0.0
0108 5.0
0109 1.0
0109 7.4
0110 5.8
0110 7.8
0111 3.2
0111 11.0
0112 5.8
0112 7.4
0113 6.0
0113 6.2
0114 6.2
0114 7.6
0115 6.4
0115 7.2
0116 4.4
0116 8.0
0117 3.4
0117 5.0
0118 2.0
0118 8.8
0119 2.8
0119 9.8
0120 5.6
0120 8.6
0121 6.2
0121 12.0
0122 3.6
0122 7.2
0123 1.2
0123 9.0
0124 4.8
0124 12.8
0125 10.0
0125 11.8
0126 8.6
0126 9.8
0127 6.8
0127 4.4
0128 2.0
0128 2.6
0129 3.0
0129 1.2
0130 1.8
0130 2.6
0131 1.8
0131 4.0
0201 2.4
0202 2.2
0202 5.0
0203 4.4
0203 5.0
0204 4.4
0204 5.8
0205 1.8
0205 4.6
0206 -0.7
0206 5.6
0207 -0.3
0207 10.2
0208 4.6
0208 3.6
0209 -1.3
0209 3.0
0210 -2.1
0210 7.8
0211 2.8
0211 12.6
0212 6.4
0212 12.8
0213 4.8
0213 10.8
0214 5.0
0214 18.4
0215 13.4
0215 17.6
0216 13.6
0216 14.4
0217 10.8
0217 11.2
0218 4.4
0218 11.2
0219 4.0
0219 7.8
0220 6.8
0220 9.6
0221 9.2
0221 10.0
0222 8.6
0222 8.0
0223 5.8
0223 6.8
0224 7.0
0224 9.2
0225 8.2
0225 8.8
0226 8.8
0226 8.2
0227 5.6
0227 4.6
0228 5.0
0228 4.6
0301 3.8
0301 7.0
0302 3.2
0302 12.0
0303 8.4
0303 11.6
0304 5.4
0304 5.2
0305 2.4
0305 3.4
0306 3.2
0306 5.2
0307 5.4
0307 8.8
0308 6.2
0308 7.6
0309 8.2
0309 9.8
0310 3.8
0310 6.8
0311 3.2
0311 9.6
0312 5.8
0312 13.2
0313 9.0
0313 16.6
0314 11.4
0314 10.8
0315 10.8
0315 10.8
0316 11.2
0316 16.8
0317 12.8
0317 21.2
0318 17.6
0318 14.8
0319 12.2
0319 14.8
0320 11.4
0320 12.0
0321 11.4
0321 14.6
0322 10.2
0322 16.4
0323 11.0
0323 11.8
0324 9.0
0324 11.4
0325 10.0
0325 11.4
0326 9.0
0326 11.8
0327 11.2
0327 12.2
0328 10.4
0328 17.6
0329 12.4
0329 18.6
0330 15.4
0330 19.4
0331 17.2
0331 26.2
0401 20.6
0401 25.2
0402 21.8
0402 24.8
0403 15.2
0403 13.8
0404 13.6
0404 18.2
0405 15.8
0405 15.2
0406 11.4
0406 10.8
0407 7.8
0407 5.4
0408 6.2
0408 10.0
0409 9.4
0409 11.2
0410 9.6
0410 14.6
0411 10.0
0411 16.0
0412 12.4
0412 20.2
0413 12.0
0413 11.4
0414 9.8
0414 15.0
0415 12.0
0415 20.4
0416 17.6
0416 21.0
0417 14.6
0417 19.8
0418 17.6
0418 24.6
0419 19.4
0419 21.2
0420 11.4
0420 12.8
0421 12.0
0421 16.6
0422 12.4
0422 20.2
0423 14.6
0423 21.6
0424 17.2
0424 19.6
0425 16.2
0425 23.8
0426 17.8
0426 21.4
0427 16.6
0427 24.8
0428 21.8
0428 27.6
0429 19.8
0429 20.2
0430 17.6
0430 24.6
0501 19.6
0501 23.8
0502 21.6
0502 22.0
0503 19.6
0503 23.2
0504 20.0
0504 20.4
0505 18.2
0505 21.4
0506 18.2
0506 23.0
0507 19.8
0507 24.6
0508 21.8
0508 19.6
0509 18.8
0509 20.4
0510 18.0
0510 21.2
0511 19.2
0511 15.4
0512 15.4
0512 22.6
0513 17.6
0513 27.8
0514 20.0
0514 23.4
0515 23.0
0515 22.8
0516 18.8
0516 20.0
0517 19.4
0517 25.0
0518 23.2
0518 21.8
0519 20.8
0519 25.2
0520 21.6
0520 24.6
0521 18.2
0521 20.8
0522 18.0
0522 24.2
0523 20.8
0523 22.6
0524 21.2
0524 23.2
0525 21.2
0525 23.8
0526 21.4
0526 24.4
0527 22.0
0527 22.4
0528 22.0
0528 24.8
0529 22.0
0529 26.0
0530 22.6
0530 21.8
0531 21.8
0531 25.4
0601 22.2
0601 28.8
0602 25.8
0602 26.2
0603 22.0
0603 22.8
0604 19.6
0604 20.0
0605 20.2
0605 25.4
0606 22.2
0606 29.8
0607 23.4
0607 20.8
0608 20.4
0608 21.2
0609 19.8
0609 21.8
0610 20.8
0610 24.0
0611 24.0
0611 26.8
0612 24.4
0612 29.2
0613 25.2
0613 25.2
0614 23.4
0614 23.8
0615 22.6
0615 24.2
0616 24.4
0616 23.4
0617 23.4
0617 24.4
0618 20.6
0618 22.0
0619 22.4
0619 25.6
0620 21.8
0620 27.2
0621 23.6
0621 20.4
0622 21.0
0622 24.4
0623 24.0
0623 26.0
0624 25.6
0624 31.4
0625 29.4
0625 31.4
0626 30.4
0626 26.0
0627 26.4
0627 25.4
0628 22.4
0628 24.0
0629 24.4
0629 29.8
0630 28.2
0630 27.6
0701 22.0
0701 23.4
0702 23.2
0702 27.2
0703 24.0
0703 25.2
0704 23.6
0704 18.8
0705 18.8
0705 18.0
0706 18.6
0706 18.0
0707 18.4
0707 20.4
0708 20.4
0708 21.6
0709 21.6
0709 24.0
0710 24.2
0710 27.2
0711 24.4
0711 23.6
0712 25.8
0712 28.2
0713 26.2
0713 27.2
0714 26.0
0714 31.2
0715 26.0
0715 28.0
0716 25.4
0716 27.4
0717 26.2
0717 26.2
0718 26.2
0718 26.2
0719 25.8
0719 27.6
0720 25.8
0720 29.6
0721 26.2
0721 27.6
0722 26.4
0722 28.0
0723 27.0
0723 28.4
0724 27.0
0724 30.0
0725 28.0
0725 29.2
0726 28.4
0726 32.4
0727 29.8
0727 33.4
0728 30.0
0728 34.6
0729 28.4
0729 33.4
0730 26.4
0730 32.0
0731 28.0
0731 31.4
0801 28.8
0801 31.8
0802 28.8
0802 34.4
0803 30.0
0803 34.2
0804 29.0
0804 34.4
0805 28.8
0805 31.8
0806 29.0
0806 33.2
0807 29.8
0807 28.8
0808 29.2
0808 27.6
0809 27.2
0809 26.4
0810 25.6
0810 27.6
0811 25.2
0811 28.0
0812 25.6
0812 28.8
0813 25.2
0813 28.0
0814 25.4
0814 27.4
0815 25.6
0815 24.6
0816 25.4
0816 27.0
0817 25.2
0817 28.4
0818 25.4
0818 27.6
0819 26.2
0819 29.6
0820 27.6
0820 25.0
0821 23.8
0821 23.8
0822 22.8
0823 22.6
0823 22.4
0824 22.6
0824 22.6
0825 23.6
0825 26.6
0826 23.2
0826 25.8
0827 23.4
0827 27.0
0828 24.0
0828 29.0
0829 22.4
0829 27.2
0830 23.4
0830 27.8
0831 23.8
0831 28.0
0901 23.4
0901 29.8
0902 25.4
0902 28.8
0903 24.2
0903 28.6
0904 25.6
0904 27.0
0905 26.8
0905 26.6
0906 23.4
0906 27.0
0907 23.0
0907 26.8
0908 23.4
0908 26.6
0909 23.6
0909 26.6
0910 21.4
0910 25.8
0911 20.6
0911 27.4
0912 23.2
0912 22.2
0913 19.4
0913 23.6
0914 20.4
0914 18.6
0915 18.2
0915 20.0
0916 19.8
0916 22.8
0917 19.4
0917 24.6
0918 19.6
0918 22.8
0919 20.8
0919 23.0
0920 21.6
0920 21.4
0921 20.6
0921 24.0
0922 21.6
0922 23.8
0923 21.8
0923 22.6
0924 21.0
0924 24.2
0925 21.4
0925 21.6
0926 22.0
0926 24.8
0927 20.2
0927 24.6
0928 20.4
0928 22.0
0929 22.4
0929 24.0
0930 25.0
0930 26.6
1001 22.0
1001 20.0
1002 15.4
1002 20.0
1003 16.8
1003 23.8
1004 20.2
1004 18.8
1005 18.4
1005 18.8
1006 19.0
1006 19.6
1007 19.8
1007 20.2
1008 20.0
1008 18.4
1009 17.6
1009 19.2
1010 17.0
1010 20.8
1011 15.6
1011 19.4
1012 13.8
1012 18.6
1013 12.8
1013 20.8
1014 15.2
1014 20.6
1015 14.4
1015 20.6
1016 15.2
1016 21.4
1017 16.6
1017 20.8
1018 16.0
1018 20.6
1019 16.0
1019 21.0
1020 16.6
1020 21.8
1021 18.4
1021 21.6
1022 18.4
1022 22.2
1023 18.4
1023 21.6
1024 19.0
1024 23.0
1025 20.8
1025 21.6
1026 19.4
1026 23.6
1027 16.2
1027 18.0
1028 15.2
1028 18.0
1029 16.4
1029 14.4
1030 14.6
1030 16.4
1031 13.6
1031 15.2
1101 11.2
1101 12.4
1102 8.6
1102 13.4
1103 9.2
1103 15.6
1104 13.8
1104 15.2
1105 15.8
1105 21.2
1106 18.2
1106 25.0
1107 21.2
1107 16.8
1108 12.8
1108 11.6
1109 10.2
1109 11.6
1110 11.0
1110 13.2
1111 12.0
1111 13.4
1112 13.0
1112 13.4
1113 13.6
1113 14.8
1114 12.4
1114 14.6
1115 13.2
1115 17.6
1116 16.6
1116 16.8
1117 15.0
1117 14.6
1118 15.4
1118 14.2
1119 13.0
1119 14.0
1120 12.8
1120 14.0
1121 14.0
1121 15.0
1122 15.6
1122 17.6
1123 17.0
1123 14.4
1124 14.0
1124 12.6
1125 6.0
1125 5.8
1126 2.4
1126 3.4
1127 -1.3
1127 5.8
1128 5.8
1128 9.4
1129 8.6
1129 9.2
1130 8.2
1130 12.2
1201 11.4
1201 15.4
1202 12.8
1202 11.0
1203 4.8
1203 11.0
1204 5.6
1204 8.2
1205 4.8
1205 0.4
1206 1.0
1206 3.4
1207 2.0
1207 6.2
1208 3.2
1208 10.4
1209 9.2
1209 10.4
1210 10.6
1210 11.4
1211 10.2
1211 8.8
1212 4.6
1212 8.6
1213 7.2
1213 7.8
1214 7.0
1214 8.2
1215 6.8
1215 8.4
1216 5.0
1216 4.6
1217 0.2
1217 3.4
1218 -2.1
1218 5.4
1219 1.0
1219 9.2
1220 6.8
1220 8.4
1221 6.8
1221 8.4
1222 7.2
1222 10.6
1223 9.2
1223 11.2
1224 8.8
1224 9.0
1225 8.0
1225 8.6
1226 5.8
1226 10.0
1227 8.2
1227 8.6
1228 4.8
1228 5.8
1229 4.4
1229 7.4
1230 4.0
1230 10.0
1231 4.6
1231 6.4
0101 9.2
0102 7.2
0102 13.2
0103 9.2
0103 15.6
0104 11.8
0104 12.8
0105 10.8
0105 8.4
0106 7.4
0106 8.0
0107 7.8
0107 8.0
0108 4.2
0108 5.4
0109 2.6
0109 8.6
0110 6.6
0110 7.6
0111 7.6
0111 5.6
0112 4.2
0112 3.8
0113 2.6
0113 4.2
0114 0.8
0114 7.4
0115 4.2
0115 7.6
0116 2.4
0116 8.8
0117 6.2
0117 5.0
0118 3.6
0118 4.6
0119 -0.5
0119 3.0
0120 0.4
0120 3.4
0121 0.6
0121 1.0
0122 1.4
0122 1.0
0123 0.2
0123 -2.9
0124 -6.1
0124 -5.3
0125 -7.7
0125 -0.1
0126 -2.7
0126 4.8
0127 3.4
0127 4.6
0128 4.6
0128 5.8
0129 5.8
0129 4.4
0130 2.6
0130 3.2
0131 1.6
0131 0.4
0201 -0.3
0201 -0.5
0202 -2.9
0202 0.8
0203 -1.5
0203 3.8
0204 0.8
0204 3.6
0205 0.0
0205 5.4
0206 2.0
0206 4.8
0207 -1.3
0207 10.2
0208 1.6
0208 13.2
0209 5.4
0209 14.4
0210 7.0
0210 18.2
0211 13.6
0211 18.6
0212 12.2
0212 19.8
0213 15.0
0213 10.4
0214 3.6
0214 4.6
0215 0.4
0215 5.0
0216 0.2
0216 9.0
0217 2.0
0217 9.6
0218 13.2
0219 7.8
0219 9.4
0220 7.4
0220 9.2
0221 2.8
0221 10.4
0222 6.0
0222 7.6
0223 6.8
0223 8.0
0224 5.2
0224 7.0
0225 2.6
0225 9.0
0226 12.6
0227 7.8
0227 16.0
0228 9.2
0228 13.4
0229 6.8
0229 9.4
0301 3.8
0301 9.6
0302 5.6
0302 17.2
0303 10.6
0303 19.6
0304 13.4
0304 21.0
0305 13.0
0305 22.0
0306 13.4
0306 13.8
0307 12.4
0307 19.2
0308 12.2
0308 7.2
0309 4.6
0309 6.0
0310 1.6
0310 5.0
0311 0.8
0311 8.4
0312 3.2
0312 11.6
0313 9.6
0313 9.8
0314 6.8
0314 11.0
0315 7.8
0315 11.0
0316 9.8
0316 16.2
0317 11.4
0317 17.6
0318 15.2
0318 17.8
0319 15.0
0319 16.8
0320 12.0
0320 15.2
0321 10.4
0321 12.0
0322 11.8
0322 13.0
0323 10.6
0323 12.4
0324 7.4
0324 9.8
0325 7.6
0325 11.6
0326 6.4
0326 11.6
0327 6.0
0327 13.2
0328 7.6
0328 18.0
0329 12.2
0329 18.2
0330 12.0
0330 12.8
0331 12.4
0331 16.0
0401 10.6
0401 19.4
0402 16.0
0402 18.4
0403 16.6
0403 14.2
0404 11.8
0404 14.4
0405 13.4
0405 16.4
0406 13.8
0406 19.8
0407 15.0
0407 14.6
0408 14.6
0408 19.2
0409 16.2
0409 20.2
0410 16.4
0410 19.0
0411 14.6
0411 16.0
0412 16.0
0412 19.8
0413 17.4
0413 21.4
0414 16.2
0414 18.4
0415 17.2
0415 19.6
0416 17.8
0416 18.2
0417 15.8
0417 17.4
0418 12.8
0418 18.0
0419 14.4
0419 22.4
0420 15.6
0420 18.2
0421 17.2
0421 19.0
0422 16.4
0422 22.2
0423 14.6
0423 13.8
0424 14.4
0424 15.0
0425 14.0
0425 16.4
0426 14.6
0426 16.8
0427 16.2
0427 16.6
0428 15.0
0428 19.2
0429 15.4
0429 23.0
0430 17.0
0430 24.8
0501 17.8
0501 27.0
0502 22.4
0502 22.2
0503 24.8
0504 17.8
0504 26.4
0505 22.6
0505 22.6
0506 22.8
0506 27.2
0507 19.6
0507 14.0
0508 14.8
0508 16.2
0509 16.6
0509 17.6
0510 16.2
0510 19.0
0511 15.0
0511 23.2
0512 18.4
0512 27.4
0513 19.4
0513 19.4
0514 18.8
0514 26.4
0515 23.6
0515 15.0
0516 16.0
0516 20.4
0517 15.6
0517 21.6
0518 18.4
0518 22.4
0519 19.2
0519 23.0
0520 19.6
0520 18.6
0521 19.4
0521 20.8
0522 19.6
0522 21.0
0523 19.6
0523 20.6
0524 18.2
0524 21.8
0525 21.0
0525 26.8
0526 23.2
0526 22.6
0527 22.2
0527 22.2
0528 21.4
0528 22.6
0529 19.8
0529 19.4
0530 20.0
0530 24.4
0531 22.6
0531 28.4
0601 24.4
0601 19.2
0602 19.2
0602 19.4
0603 19.0
0603 20.4
0604 20.8
0604 23.4
0605 24.2
0606 21.4
0606 26.8
0607 22.8
0607 26.4
0608 23.8
0608 24.6
0609 22.6
0609 23.8
0610 23.6
0610 30.0
0611 25.0
0611 27.2
0612 22.6
0612 21.2
0613 21.4
0613 27.0
0614 23.6
0614 30.2
0615 25.6
0615 23.0
0616 22.6
0616 23.8
0617 22.2
0617 28.6
0618 25.0
0618 27.0
0619 25.4
0619 24.4
0620 24.2
0620 24.4
0621 25.4
0621 32.4
0622 30.6
0622 27.6
0623 27.2
0623 34.0
0624 30.4
0624 24.8
0625 21.2
0625 20.6
0626 20.0
0626 21.0
0627 22.4
0627 24.8
0628 22.8
0628 23.2
0629 23.2
0629 25.8
0630 25.0
0630 30.0
0701 26.0
0701 30.0
0702 25.6
0702 25.0
0703 25.2
0703 27.6
0704 25.6
0704 31.2
0705 27.6
0705 27.0
0706 25.0
0706 31.6
0707 29.2
0707 28.4
0708 28.0
0708 29.0
0709 27.0
0709 26.6
0710 27.4
0710 27.8
0711 27.0
0711 29.0
0712 26.6
0712 31.4
0713 29.2
0713 29.0
0714 28.6
0714 28.2
0715 29.0
0715 33.2
0716 24.2
0716 25.8
0717 25.8
0717 30.4
0718 27.4
0718 25.4
0719 26.4
0719 30.2
0720 28.8
0720 33.8
0721 29.6
0721 35.0
0722 30.0
0722 34.8
0723 30.0
0723 36.4
0724 30.6
0724 36.0
0725 30.6
0725 36.0
0726 30.8
0726 32.8
0727 30.2
0727 31.8
0728 30.4
0728 35.4
0729 30.4
0729 34.2
0730 30.8
0730 33.6
0731 30.8
0731 32.4
0801 30.4
0801 31.4
0802 30.8
0802 31.2
0803 26.0
0803 30.0
0805 -68.1
0805 30.4
0806 28.2
0806 29.6
0807 29.2
0807 30.8
0808 28.8
0808 30.4
0809 26.0
0809 28.4
0810 27.8
0810 28.8
0811 30.0
0811 30.6
0812 29.8
0812 31.4
0813 30.8
0813 31.8
0814 30.2
0814 32.4
0815 29.6
0815 33.0
0816 29.6
0816 32.8
0817 29.8
0817 32.2
0818 29.6
0818 33.0
0819 29.8
0819 32.2
0820 30.0
0820 32.2
0821 29.2
0821 28.0
0822 28.6
0822 31.4
0823 28.0
0823 31.2
0824 28.8
0824 31.8
0825 27.6
0825 32.2
0826 29.2
0826 28.6
0827 24.6
0827 27.0
0828 23.2
0828 28.6
0829 21.8
0829 27.8
0830 22.4
0830 28.0
0831 22.6
0831 28.4
0901 24.4
0901 26.6
0902 23.0
0902 29.0
0903 24.8
0903 30.0
0904 24.4
0904 28.0
0905 26.2
0905 28.0
0906 25.0
0906 22.8
0907 19.6
0907 22.6
0908 21.8
0908 27.0
0909 23.2
0909 27.6
0910 23.2
0910 27.2
0911 23.8
0911 19.8
0912 20.4
0912 26.0
0913 22.6
0913 22.6
0914 20.6
0914 22.6
0915 23.6
0915 23.6
0916 23.8
0916 25.4
0917 22.8
0917 25.2
0918 22.4
0918 25.8
0919 21.2
0919 21.4
0920 20.0
0920 22.8
0921 20.4
0921 23.8
0922 19.8
0922 25.2
0923 21.4
0923 24.8
0924 21.8
0924 25.2
0925 22.0
0925 25.8
0926 22.8
0926 27.2
0927 24.8
0927 27.4
0928 26.6
0928 23.8
0929 21.4
0929 20.2
0930 19.8
0930 22.8
1001 21.6
1001 26.2
1002 24.8
1002 27.4
1003 21.2
1003 24.0
1004 21.2
1004 23.2
1005 20.8
1005 25.6
1006 22.6
1006 22.2
1007 20.4
1007 20.6
1008 19.6
1008 20.8
1009 16.4
1009 19.2
1010 14.8
1010 20.4
1011 18.0
1011 22.0
1012 19.2
1012 21.0
1013 19.6
1013 20.6
1014 18.2
1014 18.2
1015 18.4
1015 20.0
1016 20.0
1016 23.4
1017 20.0
1017 19.8
1018 20.0
1018 20.6
1019 19.8
1019 20.4
1020 21.2
1020 22.2
1021 21.6
1021 21.2
1022 21.2
1022 22.2
1023 19.4
1023 20.0
1024 19.2
1024 22.4
1025 20.2
1025 18.2
1026 17.6
1026 19.4
1027 17.6
1027 20.2
1028 19.2
1028 14.8
1029 13.4
1029 13.6
1030 13.0
1030 16.6
1031 14.2
1031 14.8
1101 13.2
1101 13.8
1102 10.8
1102 12.6
1103 -69.9
1104 17.2
1105 12.4
1105 19.0
1106 13.4
1106 19.8
1107 17.0
1107 18.6
1108 12.8
1108 11.4
1109 9.6
1109 11.6
1110 8.8
1110 11.2
1111 8.4
1111 14.2
1112 11.2
1112 16.8
1113 15.6
1113 18.2
1114 16.8
1114 17.6
1115 15.4
1115 15.8
1116 13.6
1116 14.4
1117 14.4
1117 16.2
1118 16.2
1118 21.0
1119 18.0
1119 20.8
1120 18.6
1120 18.2
1121 17.4
1121 17.2
1122 15.0
1122 8.2
1123 5.0
1123 3.4
1124 2.4
1124 5.6
1125 6.0
1125 6.6
1126 7.8
1126 6.6
1127 3.8
1127 9.2
1128 5.0
1128 9.4
1129 5.4
1129 10.8
1130 9.4
1130 11.0
1201 9.0
1201 11.0
1202 6.6
1202 11.0
1203 13.2
1204 11.2
1204 14.2
1205 10.4
1205 14.2
1206 8.8
1206 9.2
1207 5.2
1207 11.4
1208 6.2
1208 12.2
1209 7.4
1209 12.6
1210 9.2
1210 11.6
1211 9.8
1211 12.6
1212 10.0
1212 15.4
1213 11.8
1213 10.6
1214 7.0
1214 4.6
1215 1.6
1215 5.6
1216 1.0
1216 5.2
1217 1.4
1217 10.0
1218 6.2
1218 12.0
1219 10.4
1219 15.0
1220 11.8
1220 11.8
1221 12.0
1221 13.6
1222 9.0
1222 9.6
1223 6.2
1223 8.8
1224 5.8
1224 9.4
1225 9.0
1225 10.8
1226 10.8
1226 7.6
1227 6.0
1227 3.8
1228 -0.3
1228 4.4
1229 1.2
1229 4.2
1230 1.2
1230 8.6
1231 3.6
1231 9.8
0101 13.2
0102 13.0
0103 8.6
0103 11.8
0104 10.2
0104 12.4
0105 11.6
0105 11.0
0106 9.0
0106 10.0
0107 10.4
0107 10.2
0108 8.0
0108 8.4
0109 6.0
0109 6.8
0110 5.8
0110 6.2
0111 5.4
0111 5.0
0112 4.0
0112 4.8
0113 2.4
0113 8.4
0114 3.6
0114 5.6
0115 2.8
0115 6.0
0116 2.0
0116 6.0
0117 4.0
0117 5.2
0118 5.8
0118 7.8
0119 5.8
0119 7.2
0120 2.0
0120 2.2
0121 -2.3
0121 5.0
0122 -0.1
0122 5.6
0123 -0.3
0123 4.2
0124 1.0
0124 6.4
0125 3.8
0125 7.0
0126 1.8
0126 9.4
0127 3.6
0127 8.8
0128 4.8
0128 12.8
0129 10.2
0129 11.6
0130 4.4
0130 3.2
0131 1.2
0131 5.8
0201 4.8
0201 4.6
0202 4.0
0202 6.2
0203 5.8
0203 8.4
0204 7.0
0204 8.4
0205 7.8
0205 7.8
0206 3.4
0206 7.6
0207 4.2
0207 8.0
0208 5.2
0208 3.4
0209 1.6
0209 4.0
0210 1.4
0210 5.2
0211 0.6
0211 5.6
0212 -0.3
0212 8.6
0213 1.6
0213 11.6
0214 3.2
0214 10.8
0215 3.6
0215 13.2
0216 9.6
0216 18.8
0217 12.2
0217 8.0
0218 5.2
0218 8.6
0219 6.4
0219 19.8
0220 14.4
0220 7.2
0221 4.6
0221 8.8
0222 8.0
0222 4.6
0223 3.4
0223 5.2
0224 4.4
0224 7.4
0225 3.0
0225 9.6
0226 5.6
0226 11.2
0227 5.8
0227 10.8
0228 5.0
0228 11.4
0301 7.0
0301 13.8
0302 4.6
0302 9.6
0303 3.2
0303 13.6
0304 7.0
0304 15.8
0305 10.4
0305 10.4
0306 8.0
0306 9.6
0307 4.0
0307 11.6
0308 5.6
0308 13.0
0309 5.4
0309 16.0
0310 11.8
0310 12.2
0311 11.4
0311 12.6
0312 11.2
0312 12.2
0313 9.0
0313 7.0
0314 5.8
0314 10.4
0315 6.8
0315 10.4
0316 7.4
0316 10.4
0317 9.0
0317 10.8
0318 10.2
0318 11.0
0319 9.8
0319 10.6
0320 10.8
0320 12.6
0321 9.6
0321 12.6
0322 8.2
0322 9.0
0323 9.2
0323 11.2
0324 9.0
0324 9.2
0325 8.6
0325 13.4
0326 9.2
0326 16.6
0327 8.8
0327 17.4
0328 12.2
0328 17.2
0329 13.6
0329 16.2
0330 11.4
0330 10.8
0331 8.8
0331 12.6
0401 9.8
0401 14.4
0402 9.8
0402 19.2
0403 11.2
0403 20.0
0404 15.8
0404 23.0
0405 18.6
0405 22.4
0406 18.0
0406 19.2
0407 17.0
0407 18.2
0408 17.2
0408 19.4
0409 15.0
0409 12.8
0410 10.2
0410 10.8
0411 10.2
0411 12.2
0412 10.8
0412 16.2
0413 10.4
0413 19.6
0414 14.8
0414 24.6
0415 17.8
0415 26.2
0416 19.8
0416 26.8
0417 21.2
0417 21.4
0418 18.8
0418 25.4
0419 18.0
0419 25.4
0420 18.2
0420 21.2
0421 17.8
0421 19.8
0422 16.2
0422 19.2
0423 13.8
0423 19.4
0424 15.0
0424 23.4
0425 19.0
0425 18.4
0426 16.0
0426 17.2
0427 13.4
0427 17.8
0428 13.4
0428 20.0
0429 16.4
0429 23.8
0430 16.4
0430 25.8
0501 18.8
0501 20.2
0502 18.6
0502 16.8
0503 17.8
0503 21.4
0504 19.2
0504 20.6
0505 18.8
0505 22.0
0506 19.4
0506 23.0
0507 19.6
0507 23.4
0508 18.6
0508 19.0
0509 19.0
0509 23.4
0510 19.2
0510 26.6
0511 21.2
0511 27.0
0512 20.0
0512 19.2
0513 17.8
0513 25.2
0514 20.8
0514 24.2
0515 21.0
0515 21.0
0516 18.0
0516 17.8
0517 14.8
0517 23.2
0518 18.2
0518 25.0
0519 20.6
0519 -71.1
0520 22.0
0520 24.4
0521 23.4
0521 26.2
0522 23.6
0522 25.8
0523 23.6
0523 22.6
0524 18.8
0524 20.2
0525 20.8
0525 24.2
0526 19.8
0526 25.6
0527 20.8
0527 28.2
0528 21.8
0528 27.8
0529 21.0
0529 27.6
0530 23.0
0530 30.2
0531 25.6
0531 29.4
0601 26.2
0601 27.0
0602 24.8
0602 25.0
0603 23.4
0603 26.0
0604 22.6
0604 24.0
0605 20.2
0605 19.6
0606 20.2
0606 22.6
0607 22.2
0607 25.0
0608 22.8
0608 27.0
0609 24.6
0609 23.8
0610 23.8
0610 30.6
0611 24.2
0611 21.6
0612 20.6
0612 20.8
0613 20.0
0613 20.6
0614 20.4
0614 23.4
0615 21.0
0615 24.6
0616 21.2
0616 22.0
0617 20.6
0617 25.8
0618 23.0
0618 26.6
0619 23.8
0619 23.0
0620 22.8
0620 27.4
0621 23.8
0621 23.0
0622 22.6
0622 26.6
0623 24.6
0623 22.8
0624 23.0
0624 25.0
0625 22.6
0625 22.2
0626 21.6
0626 25.2
0627 22.4
0627 26.2
0628 22.6
0628 24.0
0629 22.0
0629 26.4
0630 24.6
0630 28.2
0701 24.8
0701 25.4
0702 25.6
0702 27.6
0703 24.8
0703 27.2
0704 25.6
0704 23.4
0705 26.6
0705 26.6
0706 26.0
0706 32.0
0707 29.6
0707 31.6
0708 29.8
0708 31.8
0709 29.0
0709 30.6
0710 29.6
0710 26.0
0711 26.4
0711 31.2
0712 28.6
0712 34.0
0713 28.8
0713 33.2
0714 29.4
0714 31.0
0715 28.6
0715 33.6
0716 30.4
0716 34.0
0717 30.4
0717 33.8
0718 30.4
0718 34.0
0719 29.6
0719 35.0
0720 30.0
0720 34.8
0721 31.6
0721 35.4
0722 30.2
0722 29.2
0723 30.2
0723 37.2
0724 30.8
0724 37.4
0725 31.6
0725 37.8
0726 31.4
0726 36.2
0727 31.2
0727 35.2
0728 31.2
0728 33.6
0729 31.4
0729 32.4
0730 30.4
0730 29.6
0731 30.2
0731 32.8
0801 27.2
0801 27.6
0802 28.6
0802 33.4
0803 30.4
0803 33.2
0804 30.2
0804 32.4
0805 30.2
0805 31.8
0806 28.4
0806 33.4
0807 30.2
0807 34.4
0808 30.6
0808 30.4
0809 28.2
0809 26.4
0810 27.2
0810 31.4
0811 28.4
0811 33.8
0812 24.8
0812 28.6
0813 28.0
0813 32.2
0814 29.2
0814 29.6
0815 27.0
0815 31.8
0816 26.4
0816 31.0
0817 27.0
0817 25.6
0818 25.4
0818 33.2
0819 28.4
0819 33.4
0820 28.2
0820 28.4
0821 26.4
0821 31.4
0822 30.0
0822 29.8
0823 30.8
0823 33.2
0824 29.4
0824 33.6
0825 30.0
0825 27.6
0826 26.4
0826 27.2
0827 26.8
0827 31.2
0828 29.0
0828 33.4
0829 28.6
0829 28.6
0830 25.8
0830 26.2
0831 24.4
0831 25.6
0901 23.8
0901 26.4
0902 24.0
0902 27.0
0903 25.6
0903 27.4
0904 26.4
0904 29.6
0905 26.4
0905 31.4
0906 27.4
0906 25.8
0907 24.4
0907 25.2
0908 24.6
0908 25.6
0909 25.8
0909 27.8
0910 26.8
0910 29.4
0911 26.4
0911 23.2
0912 23.0
0912 26.2
0913 22.8
0913 26.0
0914 23.0
0914 27.2
0915 20.4
0915 24.0
0916 22.2
0916 25.0
0917 21.8
0917 25.8
0918 21.2
0918 27.6
0919 23.2
0919 28.4
0920 21.6
0920 19.2
0921 20.0
0921 20.8
0922 21.2
0922 23.4
0923 21.8
0923 19.4
0924 20.0
0924 24.2
0925 23.8
0925 26.8
0926 25.0
0926 28.2
0927 25.8
0927 24.6
0928 18.8
0928 17.4
0929 16.6
0929 20.4
0930 20.8
0930 22.8
1001 22.4
1001 29.0
1002 25.0
1002 22.4
1004 18.8
1004 20.8
1005 19.0
1005 18.0
1006 18.6
1006 21.2
1007 18.6
1007 23.0
1008 19.2
1008 24.2
1009 19.6
1009 27.2
1010 25.4
1010 26.6
1011 20.6
1011 18.8
1012 17.0
1012 16.4
1013 17.0
1013 19.0
1014 18.0
1014 16.0
1015 15.6
1015 16.2
1016 16.6
1016 17.4
1017 15.4
1017 18.0
1018 16.6
1018 19.0
1019 15.8
1019 17.0
1020 16.2
1020 19.0
1021 15.0
1021 18.8
1022 15.2
1022 18.8
1023 15.4
1023 17.0
1024 12.8
1024 15.4
1025 11.6
1025 18.0
1026 15.0
1026 19.8
1027 16.0
1027 18.6
1028 15.0
1028 18.8
1029 15.0
1029 16.8
1030 10.8
1030 13.4
1031 8.2
1031 15.8
1101 11.4
1101 17.2
1102 12.6
1102 20.0
1103 13.8
1104 12.8
1104 12.6
1105 10.0
1105 13.6
1106 10.4
1106 15.0
1107 15.2
1107 16.8
1108 14.8
1108 19.6
1109 11.6
1109 16.8
1110 13.4
1110 19.0
1111 13.4
1111 15.4
1112 12.0
1112 16.0
1113 13.8
1113 14.6
1114 14.4
1114 15.0
1115 14.4
1115 15.2
1116 14.4
1116 15.2
1117 15.4
1117 17.6
1118 11.2
1118 8.6
1119 5.2
1119 10.6
1120 7.6
1120 9.6
1121 8.0
1121 8.4
1122 9.0
1122 12.2
1123 7.4
1123 9.0
1124 5.4
1124 11.6
1125 9.2
1125 12.8
1126 10.8
1126 13.2
1127 9.6
1127 13.6
1128 10.6
1128 14.4
1129 12.6
1129 11.8
1130 8.6
1130 8.4
1201 7.6
1201 8.0
1202 8.4
1202 10.4
1203 9.2
1203 11.8
1204 8.0
1204 9.6
1205 6.8
1205 7.2
1206 1.8
1206 8.0
1207 5.6
1207 9.8
1208 4.8
1208 5.4
1209 1.2
1209 7.0
1210 4.6
1210 8.6
1211 2.0
1211 7.6
1212 3.0
1212 8.6
1213 5.6
1213 9.2
1214 5.6
1214 7.6
1215 7.0
1215 7.4
1216 5.4
1216 5.4
1217 0.2
1217 2.4
1218 -1.5
1218 4.6
1219 -0.5
1219 5.0
1220 0.6
1220 8.6
1221 1.4
1221 7.4
1222 3.2
1222 10.6
1223 6.2
1223 12.4
1224 10.0
1224 9.8
1225 2.2
1225 8.2
1226 1.4
1226 8.2
1227 3.0
1227 9.2
1228 7.6
1228 9.4
1229 9.2
1229 10.8
1230 10.0
1230 8.8
1231 3.0
1231 6.8
0101 8.0
0102 7.4
0102 11.2
0103 9.2
0103 5.6
0104 4.4
0104 5.2
0105 2.4
0105 3.4
0106 2.4
0106 5.2
0107 5.0
0107 4.8
0108 3.6
0108 3.2
0109 0.6
0109 4.6
0110 1.6
0110 5.2
0111 -1.1
0111 4.6
0112 -1.7
0112 2.0
0113 -3.3
0113 4.4
0114 0.4
0114 8.6
0115 2.2
0115 11.2
0116 8.4
0116 11.8
0117 7.8
0117 9.8
0118 7.8
0118 7.8
0119 7.0
0119 7.8
0120 7.8
0120 6.8
0121 6.8
0121 7.6
0122 4.0
0122 7.2
0123 5.6
0123 5.0
0124 2.4
0124 0.8
0125 0.0
0125 0.2
0126 -0.7
0126 -0.3
0127 -1.7
0127 0.2
0128 0.4
0128 0.2
0129 -2.3
0129 -1.1
0130 -4.1
0130 -0.5
0131 -1.3
0131 -0.5
0201 -3.3
0201 1.4
0202 -0.9
0202 3.4
0203 -0.9
0203 0.0
0204 -3.7
0204 1.0
0205 -3.7
0205 2.2
0206 -3.3
0206 3.2
0207 -1.7
0207 5.2
0208 -0.9
0208 6.0
0209 3.6
0209 5.6
0210 5.2
0210 4.8
0211 -0.3
0211 7.4
0212 0.4
0212 7.6
0214 6.6
0214 13.8
0215 9.8
0215 7.8
0216 5.2
0216 6.0
0217 4.4
0217 7.0
0218 5.2
0218 8.6
0219 6.6
0219 7.0
0220 5.4
0220 5.6
0221 3.8
0221 5.2
0222 4.8
0222 5.8
0223 2.2
0223 10.8
0224 5.8
0224 8.4
0225 7.6
0225 8.2
0226 7.4
0226 11.2
0227 6.2
0227 14.8
0228 11.6
0228 12.4
0301 8.6
0301 10.0
0302 6.8
0302 8.8
0303 9.0
0303 17.8
0304 12.2
0304 25.8
0305 9.2
0305 9.8
0306 5.2
0306 9.0
0307 8.2
0307 8.6
0308 6.4
0308 7.6
0309 3.6
0309 9.6
0310 3.4
0310 13.8
0311 7.0
0311 15.4
0312 12.2
0312 18.6
0313 12.0
0313 21.8
0314 16.2
0314 16.4
0315 14.6
0315 19.0
0316 8.2
0316 7.2
0317 8.0
0317 13.2
0318 11.0
0318 13.4
0319 10.8
0319 8.6
0320 7.6
0320 7.0
0321 5.4
0321 7.6
0322 5.4
0322 15.2
0323 8.8
0323 17.6
0324 11.4
0324 18.6
0325 13.8
0325 18.4
0326 13.6
0326 16.8
0327 12.4
0327 19.2
0328 13.6
0328 21.8
0329 15.4
0329 21.2
0330 16.8
0330 19.0
0331 16.0
0331 21.6
0401 17.2
0401 19.8
0402 18.0
0402 20.8
0403 19.4
0403 26.4
0404 19.8
0404 13.4
0405 13.2
0405 10.8
0406 8.8
0406 14.4
0407 9.6
0407 12.4
0408 8.2
0408 20.2
0409 12.8
0409 22.0
0410 16.8
0410 26.0
0411 20.2
0411 20.6
0412 17.4
0412 17.2
0413 15.4
0413 16.0
0414 14.8
0414 11.0
0415 11.4
0415 16.0
0416 12.4
0416 14.6
0417 10.8
0417 18.2
0418 13.0
0418 21.4
0419 15.2
0419 24.0
0420 17.8
0420 24.8
0421 21.2
0421 26.8
0422 22.2
0422 24.0
0423 21.8
0423 16.2
0424 15.0
0424 16.6
0425 14.2
0425 19.6
0426 16.6
0426 22.6
0427 20.0
0427 23.6
0428 16.8
0428 24.0
0429 19.8
0429 26.4
0430 22.4
0430 26.6
0501 23.2
0501 23.6
0502 22.0
0502 23.0
0503 16.0
0503 23.6
0504 17.2
0504 24.6
0505 17.2
0505 18.6
0506 21.6
0506 26.2
0507 21.6
0507 17.8
0508 17.2
0508 21.0
0509 18.0
0509 20.2
0510 16.2
0510 19.6
0512 23.6
0512 26.0
0513 23.0
0513 27.2
0514 24.0
0514 31.2
0515 26.8
0515 32.4
0516 29.8
0516 33.0
0517 29.0
0517 32.4
0518 28.0
0518 24.6
0519 22.2
0519 21.6
0520 21.0
0520 19.6
0521 18.8
0521 21.4
0522 21.6
0522 21.0
0523 20.2
0523 23.2
0524 20.8
0524 25.4
0525 23.2
0525 27.8
0526 23.0
0526 24.6
0527 21.6
0527 22.8
0528 22.6
0528 26.2
0529 22.8
0529 25.2
0530 23.4
0530 26.4
0531 19.6
0531 19.0
0601 18.8
0601 24.2
0602 19.2
0602 21.4
0603 18.6
0603 23.8
0604 20.4
0604 24.2
0605 19.8
0605 21.6
0606 20.8
0606 26.8
0607 23.2
0607 26.6
0608 23.2
0608 25.4
0609 23.0
0609 21.8
0610 20.6
0610 22.8
0611 20.8
0611 27.2
0612 22.0
0612 27.8
0613 23.2
0613 31.0
0614 25.4
0614 28.6
0615 25.6
0615 27.2
0616 24.0
0616 25.0
0617 24.2
0617 27.2
0618 24.8
0618 30.2
0619 28.4
0619 26.0
0620 23.4
0620 22.0
0621 22.2
0621 26.6
0622 22.0
0622 21.0
0623 19.4
0623 21.6
0624 22.0
0624 27.2
0625 25.8
0625 32.0
0626 29.0
0626 33.4
0627 29.8
0627 33.2
0628 30.6
0628 30.0
0629 27.0
0629 25.0
0630 24.8
0630 28.2
0701 24.8
0701 26.4
0702 26.4
0702 26.4
0703 25.8
0703 26.8
0704 26.4
0704 27.2
0705 27.2
0705 24.8
0706 25.6
0706 25.6
0707 26.4
0707 29.0
0708 27.6
0708 31.4
0709 29.6
0709 28.6
0710 29.2
0710 31.0
0711 28.2
0711 30.0
0712 29.2
0712 32.2
0713 29.0
0713 33.2
0714 29.0
0714 33.0
0715 29.0
0715 33.4
0716 28.4
0716 32.6
0717 29.6
0717 34.2
0718 28.6
0718 32.2
0719 29.0
0719 32.4
0720 29.0
0720 30.4
0721 28.4
0721 26.2
0722 27.2
0722 27.4
0723 27.6
0723 28.8
0724 27.0
0724 28.2
0725 28.2
0725 33.2
0726 29.2
0726 25.6
0727 26.2
0727 32.8
0728 28.6
0728 32.8
0729 29.8
0729 31.4
0730 29.0
0730 27.6
0731 26.6
0731 33.0
0801 27.0
0801 32.8
0802 30.0
0802 25.4
0803 25.4
0803 28.6
0804 28.0
0804 29.0
0805 28.2
0805 33.2
0806 29.2
0806 28.6
0807 27.4
0807 32.4
0808 28.8
0808 32.6
0809 28.6
0809 32.4
0810 28.0
0810 33.2
0811 28.8
0811 32.2
0812 28.6
0812 26.0
0813 25.6
0813 31.0
0814 29.8
0814 30.4
0815 29.6
0815 30.8
0816 27.8
0816 26.2
0817 25.2
0817 28.6
0818 27.0
0818 31.0
0819 29.4
0819 31.4
0820 28.0
0820 27.4
0821 27.6
0821 30.6
0822 26.4
0822 30.2
0823 27.4
0823 29.4
0824 25.6
0824 30.0
0825 24.8
0825 25.0
0826 26.2
0826 27.6
0827 27.4
0827 30.2
0828 28.6
0828 31.8
0829 29.2
0829 31.0
0830 29.0
0830 30.8
0831 28.6
0831 30.0
0901 27.0
0901 27.6
0902 27.2
0902 30.8
0903 27.6
0903 27.2
0904 27.8
0904 29.6
0905 23.4
0905 31.2
0906 26.0
0906 32.0
0907 22.6
0907 22.4
0908 20.8
0908 20.6
0909 20.8
0909 25.2
0910 21.0
0910 23.2
0911 21.6
0911 22.6
0912 21.4
0912 25.0
0913 23.4
0913 26.6
0914 25.0
0914 29.8
0915 26.0
0915 28.8
0916 26.4
0916 25.0
0917 24.2
0917 25.4
0918 24.6
0918 29.8
0919 26.6
0919 25.2
0920 26.4
0920 25.6
0921 24.8
0921 24.2
0922 23.8
0922 23.4
0923 22.8
0923 23.6
0924 21.4
0924 24.8
0925 22.2
0925 23.4
0926 21.2
0926 23.0
0927 20.2
0927 20.0
0928 20.2
0928 24.0
0929 20.6
0929 23.8
0930 20.6
0930 24.2
1001 20.2
1001 21.8
1002 16.2
1002 20.8
1003 16.8
1003 21.8
1004 18.2
1004 23.2
1005 19.6
1005 22.4
1006 18.6
1006 22.6
1007 17.6
1007 21.0
1008 18.2
1008 22.0
1009 19.4
1009 20.0
1010 17.6
1010 15.6
1011 13.0
1011 17.4
1012 13.6
1012 18.6
1013 14.6
1013 19.2
1014 17.6
1014 18.2
1015 16.0
1015 16.4
1016 15.4
1016 16.0
1017 14.2
1017 17.4
1018 13.8
1018 18.0
1019 12.8
1019 16.2
1020 14.6
1020 18.2
1021 16.2
1021 17.2
1022 17.0
1022 18.4
1023 17.2
1023 17.8
1024 14.0
1024 19.2
1025 15.8
1025 19.6
1026 19.0
1026 19.4
1027 12.0
1027 16.4
1028 11.2
1028 20.4
1029 14.2
1029 21.0
1030 13.8
1030 20.0
1031 16.4
1031 17.8
1101 13.2
1101 16.6
1102 12.4
1102 17.0
1103 14.2
1103 16.4
1104 16.6
1104 19.6
1105 17.4
1105 18.4
1106 18.4
1106 19.0
1107 16.4
1107 14.8
1108 12.6
1108 12.2
1109 8.6
1109 14.0
1110 9.4
1110 16.4
1111 14.4
1111 15.4
1112 13.4
1112 13.6
1113 12.8
1113 13.2
1114 12.8
1114 15.8
1115 14.6
1115 14.4
1116 13.6
1116 12.0
1117 11.8
1117 12.8
1118 10.8
1118 10.6
1119 9.6
1119 11.2
1120 8.6
1120 14.0
1121 12.8
1121 13.0
1122 10.0
1122 10.6
1123 6.4
1123 11.6
1124 8.6
1124 15.0
1125 9.0
1125 14.0
1126 12.8
1126 13.8
1127 10.8
1127 13.4
1128 10.6
1128 13.2
1129 9.2
1129 16.0
1130 10.0
1130 15.0
1201 12.0
1201 14.4
1202 12.6
1202 15.4
1203 14.8
1203 17.4
1204 14.8
1204 10.8
1205 9.2
1205 11.8
1206 10.8
1206 7.4
1207 5.8
1207 1.8
1208 1.4
1208 -0.3
1209 -0.3
1209 0.8
1210 2.6
1210 5.6
1211 6.0
1211 5.8
1212 3.0
1212 4.2
1213 3.6
1213 3.6
1214 2.4
1214 4.8
1215 5.4
1215 6.6
1216 6.2
1216 8.0
1217 3.2
1217 9.2
1218 3.6
1218 11.0
1219 7.8
1219 11.6
1220 9.2
1220 10.6
1221 10.6
1221 13.6
1222 12.0
1222 12.6
1223 9.8
1223 9.6
1224 4.6
1224 10.2
1225 9.0
1225 10.8
1227 5.8
1227 5.6
1228 2.8
1228 1.0
1229 -2.5
1229 1.6
1230 0.6
1230 -0.1
1231 -0.3
1231 1.8
0101 3.6
0102 1.4
0102 2.2
0103 2.8
0103 5.6
0104 5.4
0104 7.6
0105 5.8
0105 6.2
0106 5.4
0106 6.2
0107 6.0
0107 6.6
0108 5.6
0108 5.6
0109 3.2
0109 4.2
0110 4.8
0110 5.8
0111 5.4
0111 7.0
0112 5.8
0112 6.4
0113 5.0
0113 4.4
0114 4.4
0114 6.2
0115 6.4
0115 5.4
0116 3.0
0116 4.2
0117 1.4
0117 6.2
0118 1.2
0118 8.4
0119 4.6
0119 8.4
0120 6.2
0120 6.6
0121 0.8
0121 5.4
0122 2.8
0122 7.6
0123 2.0
0123 9.0
0124 1.8
0124 9.2
0125 2.6
0125 9.6
0126 3.0
0126 4.2
0127 -0.3
0127 7.4
0128 5.8
0128 7.4
0129 5.8
0129 9.0
0130 6.6
0130 12.4
0131 6.6
0131 4.2
0201 3.6
0201 5.2
0202 4.0
0202 15.4
0203 13.0
0203 8.0
0204 5.4
0204 8.4
0205 7.0
0205 10.0
0206 8.0
0206 15.0
0207 11.6
0207 5.4
0208 1.8
0208 3.2
0209 2.0
0209 2.0
0210 1.4
0210 2.2
0211 1.8
0211 2.8
0212 2.6
0212 4.0
0213 4.2
0213 6.4
0214 4.2
0214 6.6
0215 5.8
0215 5.6
0216 4.2
0216 2.0
0217 2.4
0217 3.2
0218 4.4
0218 5.6
0219 6.0
0219 6.6
0220 4.8
0220 5.6
0221 5.6
0221 5.4
0222 4.4
0222 5.2
0223 4.2
0223 6.2
0224 3.8
0224 9.8
0225 7.4
0225 8.2
0226 6.8
0226 7.8
0227 7.6
0227 7.4
0228 7.0
0228 9.0
0301 7.8
0301 7.4
0302 7.4
0302 7.8
0303 6.4
0303 8.2
0304 5.8
0304 11.4
0305 8.8
0305 9.6
0306 9.2
0306 11.8
0307 7.6
0307 9.2
0308 5.6
0308 9.6
0309 8.0
0309 9.8
0310 7.8
0310 12.8
0311 7.6
0311 16.8
0312 8.4
0312 17.8
0313 7.8
0313 12.8
0314 9.6
0314 10.2
0315 8.2
0315 17.2
0316 9.0
0316 18.0
0317 10.0
0317 18.2
0318 13.4
0318 13.2
0319 12.2
0319 17.0
0320 16.6
0320 23.4
0321 17.0
0321 12.4
0322 8.6
0322 10.8
0323 6.6
0323 11.8
0324 8.4
0324 13.6
0325 10.0
0325 13.0
0326 9.8
0326 19.0
0327 13.2
0327 15.6
0328 13.4
0328 14.2
0329 13.4
0329 14.2
0330 13.4
0330 16.4
0331 10.0
0331 11.8
0401 7.4
0401 15.0
0402 11.0
0402 13.6
0403 11.0
0403 13.4
0404 12.2
0404 12.8
0405 12.6
0405 19.4
0406 14.6
0406 22.2
0407 16.2
0407 26.2
0408 17.8
0408 26.0
0409 22.2
0409 17.6
0410 10.2
0410 12.6
0411 9.4
0411 11.0
0412 9.4
0412 15.6
0413 12.8
0413 19.4
0414 15.6
0414 18.8
0415 13.4
0415 17.0
0416 14.6
0416 18.4
0417 15.4
0417 23.8
0418 17.8
0418 26.2
0419 19.8
0419 24.0
0420 20.8
0420 23.4
0421 20.2
0421 21.8
0422 20.4
0422 20.8
0423 20.8
0423 23.6
0424 21.8
0424 23.0
0425 19.2
0425 23.2
0426 15.8
0426 12.8
0427 13.4
0427 17.2
0428 15.4
0428 18.6
0429 18.0
0429 17.0
0430 14.8
0430 16.0
0501 15.6
0501 21.0
0502 15.8
0502 21.4
0503 15.0
0503 22.4
0504 16.0
0504 23.2
0505 16.2
0505 21.8
0506 18.6
0506 17.6
0507 15.0
0507 17.6
0508 16.2
0508 20.0
0509 17.6
0509 24.0
0510 20.2
0510 24.4
0511 19.8
0511 25.6
0512 20.4
0512 25.8
0513 19.8
0513 19.2
0514 18.8
0514 20.2
0515 18.0
0515 19.2
0516 19.8
0516 24.0
0517 21.2
0517 24.0
0518 22.8
0518 23.2
0519 21.8
0519 20.6
0520 22.6
0520 24.0
0521 18.8
0521 23.4
0522 22.0
0522 26.8
0523 21.6
0523 29.4
0524 22.0
0524 27.6
0525 24.6
0525 25.2
0526 22.2
0526 23.8
0527 23.4
0527 21.0
0528 19.4
0528 23.2
0529 18.4
0529 23.0
0530 20.8
0530 20.8
0531 18.8
0531 22.4
0601 19.6
0601 21.2
0602 20.2
0602 25.8
0603 21.6
0603 27.2
0604 24.0
0604 31.0
0605 25.8
0605 31.4
0606 28.4
0606 28.6
0607 23.8
0607 25.6
0608 22.4
0608 28.0
0609 24.8
0609 27.0
0610 24.4
0610 24.0
0611 22.4
0611 26.0
0612 22.2
0612 23.4
0613 21.0
0613 18.6
0614 17.8
0614 24.2
0615 20.2
0615 28.0
0616 22.6
0616 29.4
0617 24.6
0617 23.2
0618 21.0
0618 23.8
0619 22.6
0619 23.6
0620 22.8
0620 23.2
0621 21.8
0621 22.6
0622 22.0
0622 23.8
0623 22.4
0623 25.2
0624 22.6
0624 24.6
0625 22.2
0625 22.6
0626 21.8
0626 25.4
0627 25.0
0627 29.6
0628 25.2
0628 30.4
0629 28.2
0629 28.6
0630 27.2
0630 26.0
0701 25.0
0701 25.8
0702 24.4
0702 25.8
0703 23.8
0703 25.2
0704 24.0
0704 25.0
0705 22.6
0705 26.4
0706 24.8
0706 29.0
0707 26.2
0707 28.6
0708 25.2
0708 22.4
0709 22.0
0709 21.6
0710 21.4
0710 23.8
0711 23.2
0711 28.0
0712 25.2
0712 23.0
0713 21.4
0713 22.0
0714 22.8
0714 25.0
0715 22.8
0715 27.0
0716 25.8
0716 28.2
0717 26.6
0717 31.6
0718 29.6
0718 29.6
0719 27.4
0719 28.8
0720 27.2
0720 31.8
0721 29.0
0721 32.2
0722 29.2
0722 29.8
0723 29.6
0723 33.6
0724 29.8
0724 32.4
0725 30.8
0725 28.8
0726 29.8
0726 34.6
0727 30.2
0727 30.2
0728 28.8
0728 33.0
0729 30.6
0729 34.4
0730 30.4
0730 34.2
0731 30.4
0731 34.4
0801 30.8
0801 30.4
0802 28.8
0802 33.0
0803 30.2
0803 28.8
0804 26.6
0804 28.2
0805 28.2
0805 31.2
0806 30.4
0806 31.0
0807 29.2
0807 31.0
0808 29.4
0808 30.6
0809 28.2
0809 26.0
0810 26.6
0810 26.2
0811 28.6
0811 30.0
0812 27.2
0812 30.8
0813 27.2
0813 32.8
0814 28.4
0814 32.0
0815 28.2
0815 30.6
0816 26.8
0816 33.0
0817 27.4
0817 31.8
0818 28.2
0818 22.8
0819 23.8
0819 29.6
0820 27.0
0820 29.4
0821 26.6
0821 31.4
0822 27.8
0822 31.0
0823 27.4
0823 28.4
0824 27.8
0824 31.2
0825 29.2
0825 28.4
0826 27.8
0826 32.6
0827 29.2
0827 31.4
0828 28.6
0828 28.8
0829 23.6
0829 19.8
0830 19.0
0830 27.0
0831 23.2
0831 21.6
0901 20.2
0901 20.2
0902 20.0
0902 21.8
0903 22.0
0903 23.2
0904 23.2
0904 24.6
0905 24.4
0905 25.6
0906 24.2
0906 26.4
0907 25.4
0907 28.0
0908 23.4
0908 27.2
0909 23.2
0909 28.2
0910 24.4
0910 30.8
0911 26.2
0911 30.0
0912 26.8
0912 29.4
0913 26.4
0913 29.4
0914 25.2
0914 30.0
0915 26.0
0915 26.4
0916 23.8
0916 26.4
0917 23.6
0917 26.8
0918 24.6
0918 27.0
0919 21.4
0919 23.8
0920 20.4
0920 24.6
0921 21.2
0921 22.2
0922 20.2
0922 24.0
0923 20.2
0923 24.4
0924 19.0
0924 23.4
0925 17.6
0925 25.0
0926 19.6
0926 24.6
0927 20.2
0927 23.6
0928 19.6
0928 24.8
0929 21.0
0929 26.2
0930 21.6
0930 25.4
1001 23.0
1001 23.6
1002 24.0
1002 25.4
1003 22.0
1003 27.4
1004 23.2
1004 28.2
1005 24.4
1005 20.6
1006 20.2
1006 22.2
1007 20.0
1007 20.2
1008 17.8
1008 18.4
1009 17.6
1009 20.8
1010 18.0
1010 26.0
1011 22.2
1011 23.4
1012 21.4
1012 21.0
1013 20.8
1013 22.0
1014 20.8
1014 19.4
1015 16.0
1015 18.0
1016 13.8
1016 19.0
1017 16.8
1017 18.6
1018 16.0
1018 18.6
1019 14.8
1019 19.8
1020 14.8
1020 19.2
1021 15.2
1021 19.6
1022 15.8
1022 20.6
1023 17.2
1023 21.0
1024 16.4
1024 19.8
1025 16.2
1025 20.8
1026 17.2
1026 15.4
1027 14.6
1027 13.0
1028 13.6
1028 15.6
1029 13.8
1029 16.6
1030 10.2
1030 18.0
1031 12.0
1031 19.4
1101 12.8
1101 19.4
1102 14.0
1102 20.0
1103 16.8
1103 19.2
1104 15.4
1104 17.8
1105 14.6
1105 16.2
1106 11.4
1106 18.6
1107 15.6
1107 15.6
1108 13.0
1108 14.4
1109 10.2
1109 14.2
1110 9.8
1110 18.6
1111 11.4
1111 18.6
1112 13.8
1112 16.6
1113 14.8
1113 17.4
1114 11.2
1114 14.2
1115 9.0
1115 18.4
1116 13.2
1116 20.0
1117 14.8
1117 21.4
1118 11.6
1118 8.8
1119 6.4
1119 11.6
1120 6.4
1120 13.0
1121 10.8
1121 14.8
1122 11.2
1122 15.8
1123 14.2
1123 20.0
1124 17.2
1124 19.2
1125 9.2
1125 8.0
1126 8.0
1126 9.8
1127 9.2
1127 8.0
1128 7.2
1128 9.0
1129 5.8
1129 9.2
1130 8.8
1130 10.2
1201 9.4
1201 7.6
1202 4.8
1202 8.0
1203 2.2
1203 7.4
1204 2.8
1204 10.0
1205 5.4
1205 9.2
1206 8.0
1206 6.2
1207 1.0
1207 7.2
1208 1.4
1208 8.4
1209 3.0
1209 11.6
1210 5.6
1210 13.6
1211 7.0
1211 12.0
1212 6.4
1212 9.6
1213 5.2
1214 7.0
1214 13.0
1215 9.6
1215 13.6
1216 10.0
1216 17.2
1217 13.6
1217 10.4
1218 8.2
1218 7.6
1219 4.8
1219 5.2
1220 4.6
1220 5.0
1221 6.2
1221 9.4
1222 8.6
1222 9.0
1223 8.4
1223 9.8
1224 10.0
1224 10.6
1225 10.8
1225 11.6
1226 10.8
1226 6.8
1227 2.4
1227 6.0
1228 1.8
1228 10.6
1229 9.0
1229 12.2
1230 9.8
1230 11.4
1231 2.6
1231 3.6
0101 8.0
0102 7.2
0102 10.0
0103 8.4
0103 9.0
0104 9.0
0104 9.6
0105 9.8
0105 11.8
0106 9.6
0106 19.2
0107 12.6
0107 9.2
0108 5.0
0108 5.8
0109 5.0
0109 5.4
0110 6.0
0110 7.8
0111 6.6
0111 6.0
0112 4.6
0112 7.2
0113 3.0
0113 7.6
0114 5.6
0114 6.0
0115 4.6
0115 6.0
0116 6.0
0116 5.0
0117 4.4
0117 5.0
0118 4.2
0118 5.2
0119 4.0
0119 6.6
0120 -71.9
