3.34 3.5 3.66 4.3 3.36 3.59 3.36 4.2 4.04 4.03 3.54 3.82 4.07 3.18 3.17 3.83 3.39 3.66 3.03 3.47 3.31 4.57 3.32 3.87 3.61 4.39 4.17 3.48 4.12 4.07 3.72 
49.47 56.74 47.29 51.26 39.27 51.86 49.95 48.9 43.39 48.32 45.56 43.53 51.41 53.56 51.62 48.38 53.18 54.99 49.33 47.04 50.41 41.28 49.33 44.92 53.95 53.07 43.87 54.44 
101.79 116.77 117.63 103.35 120.32 97.16 113.61 113.69 99.57 117.01 103.17 127.55 101.13 118.27 104.17 98.49 111.29 93.98 110.88 109.38 126.08 114.6 139.92 117.59 112.21 107.73 95.89 119.07 101.41 116.53 123.91 
146.81 150.81 152.14 155.96 145.36 141.5 164.96 140.16 145.05 152.02 142.04 142.7 115.69 133.88 163.96 153.18 149.16 148.78 162.43 134.32 170.08 160.03 168.17 143.62 147.77 138.66 142.69 153.97 145.15 154.15 
206.19 230.42 230.36 184.36 216.18 179.5 245.01 241.73 219.12 181.12 230.93 247.23 152.77 219.47 185.99 233.65 235.82 194.45 219.07 218.94 212.93 222.91 194.28 204.72 247.16 183.75 228.17 221.41 247.63 239.24 202.87 
194.71 161.33 177.9 190.59 199.34 192.0 234.85 224.77 221.72 196.9 204.72 235.29 233.95 181.01 184.35 196.73 207.85 215.15 204.07 200.26 221.13 185.82 203.18 206.36 187.36 164.6 183.88 218.65 179.31 218.73 
75.91 79.88 81.84 74.51 78.64 77.88 66.57 81.84 82.96 86.21 81.13 79.4 75.69 76.98 75.69 77.38 75.42 80.8 59.88 103.08 81.27 83.87 63.89 78.17 76.34 75.69 66.94 88.73 65.63 77.74 88.31 
146.22 137.32 144.03 163.3 159.49 147.07 161.95 161.09 124.3 138.03 137.32 175.54 122.28 136.53 148.08 152.82 150.12 129.27 148.44 159.01 153.41 121.33 158.2 170.05 129.91 145.71 145.93 166.12 122.58 161.25 150.17 
47.52 53.45 53.71 54.87 52.97 61.79 62.2 54.3 60.86 55.97 51.34 51.98 53.05 59.6 56.11 57.41 57.75 53.72 60.48 59.91 58.38 64.97 51.63 52.62 56.19 65.96 53.86 51.08 66.85 62.05 
2.77 3.2 3.66 3.08 3.22 3.66 2.9 3.49 2.57 3.04 2.94 3.24 2.09 3.39 3.35 2.85 2.91 3.7 3.32 3.3 3.07 3.2 3.17 2.86 3.29 2.9 2.97 3.59 3.24 3.62 2.76 
72.55 66.9 77.52 61.45 69.9 69.79 77.17 61.07 62.11 71.5 70.43 69.71 85.67 58.66 67.88 71.73 75.89 68.08 68.44 67.24 64.1 71.78 64.81 68.2 73.54 76.12 67.84 64.38 65.29 66.22 
77.18 111.51 96.03 83.2 104.34 92.94 104.82 116.85 97.65 94.88 103.2 81.01 100.48 93.62 96.02 82.71 71.72 117.34 105.42 102.44 98.15 99.17 98.22 90.18 98.32 82.62 108.1 110.83 94.15 105.26 98.58 
