4.27 4.76 4.06 4.59 4.98 4.76 4.68 4.41 5.49 5.11 5.05 4.95 4.89 5.66 5.0 5.37 4.87 3.96 5.27 4.56 6.21 4.63 5.87 4.24 4.7 5.45 4.52 5.02 5.44 4.62 4.29 
118.22 109.79 99.78 121.82 127.93 115.74 136.59 117.5 116.37 134.42 118.48 121.79 119.03 123.98 108.18 114.61 132.48 117.66 126.79 88.93 118.35 122.98 99.37 127.8 135.09 114.93 118.52 126.59 
80.04 80.77 93.19 117.18 86.79 100.93 80.97 85.36 92.26 86.26 81.33 90.74 87.34 89.09 96.24 83.58 83.44 84.07 76.59 88.54 95.37 95.08 88.16 74.81 93.61 97.83 78.69 99.85 94.56 99.67 106.81 
148.29 178.83 135.02 176.56 202.32 171.99 161.73 173.07 211.43 132.45 170.38 175.63 192.7 157.18 175.62 154.43 152.48 167.73 181.02 144.63 162.71 168.84 154.18 173.14 131.31 185.23 167.28 185.22 174.51 193.42 
293.82 311.1 315.92 243.33 350.71 297.29 341.56 264.33 331.12 321.61 306.98 286.9 291.49 296.5 304.14 380.04 282.57 285.33 322.03 293.09 271.71 317.34 265.55 320.19 291.3 265.95 317.28 316.66 299.35 337.81 263.85 
294.94 213.05 210.02 217.63 255.89 226.82 227.87 285.2 236.03 269.41 229.59 275.16 258.13 255.06 247.16 244.66 268.76 275.74 276.84 245.82 245.3 241.29 271.06 248.38 254.61 258.83 227.67 213.73 238.17 253.82 
250.24 176.04 206.53 224.48 249.46 209.76 188.76 205.87 217.67 207.69 188.65 241.82 195.63 218.65 217.02 202.83 243.04 235.15 223.48 182.28 232.85 214.53 168.05 204.17 232.54 196.9 237.3 205.45 253.48 198.33 189.41 
395.77 383.57 265.9 356.91 329.93 412.23 432.08 380.69 308.02 343.01 340.54 347.73 321.32 389.25 340.97 366.57 313.29 390.56 360.89 362.18 313.84 305.6 360.81 328.72 368.98 375.22 450.64 384.1 371.27 381.62 323.01 
39.82 42.29 35.02 36.89 41.93 52.71 51.35 43.96 47.73 39.26 35.76 45.89 46.21 41.74 35.93 46.37 45.86 44.69 46.46 42.85 45.0 37.84 48.02 46.23 38.0 49.31 45.89 42.97 43.12 39.17 
4.08 3.43 3.37 4.52 4.12 4.28 3.23 3.87 3.77 3.15 3.69 3.55 3.93 3.64 3.65 3.08 3.59 3.85 3.27 3.44 3.11 3.64 3.36 4.08 3.27 3.08 3.79 3.66 3.14 4.38 2.77 
22.46 24.7 33.56 27.79 25.6 28.04 21.93 31.37 25.27 25.39 28.21 29.22 27.19 26.7 27.17 30.6 30.33 26.19 32.82 32.02 30.4 27.88 32.49 22.94 23.18 29.29 23.07 26.27 29.41 19.34 
32.51 35.24 35.64 28.89 36.79 32.84 33.37 33.83 35.72 33.0 32.92 27.9 31.34 35.24 33.43 34.32 36.11 38.08 29.26 30.35 34.63 40.91 33.21 34.95 32.11 28.09 32.07 37.26 35.89 37.51 42.76 
