40.49 42.51 40.03 44.67 38.6 46.57 46.13 44.92 41.76 36.48 40.63 45.03 44.16 42.27 34.69 42.61 42.4 34.35 45.53 37.63 44.29 38.17 46.96 40.79 42.52 47.67 43.06 31.48 34.85 39.53 35.8 
12.96 13.59 13.01 13.92 12.64 15.85 11.56 15.08 10.65 14.29 12.15 13.19 13.08 13.51 13.26 13.27 11.93 16.19 13.83 13.43 12.47 12.3 13.61 10.3 12.97 14.35 11.95 13.21 
47.45 48.05 58.19 52.18 35.51 50.48 41.89 56.85 44.75 41.8 50.86 41.46 51.22 46.47 47.11 54.04 42.8 52.33 51.58 41.84 56.45 46.85 54.99 53.04 47.14 50.35 55.94 53.42 49.13 49.03 46.21 
119.47 125.73 117.47 101.42 115.54 95.94 123.17 118.23 106.37 117.14 123.42 105.75 106.26 122.26 112.72 110.13 91.62 98.63 93.0 110.66 97.65 104.38 109.36 135.45 118.66 114.4 110.89 111.06 115.47 117.01 
304.4 253.4 268.43 288.0 270.43 259.13 294.33 285.07 202.58 261.4 273.77 311.82 235.54 304.55 251.84 253.11 261.09 267.28 239.09 287.02 258.97 307.77 298.3 233.72 260.46 292.64 285.3 295.93 263.09 247.01 272.48 
145.36 168.46 131.8 158.68 213.33 177.13 178.81 162.83 194.29 131.79 156.44 173.19 150.22 160.4 184.64 165.66 151.25 190.1 178.76 123.99 158.17 161.04 162.55 151.06 194.81 158.47 140.73 152.17 145.26 190.9 
147.08 136.12 153.26 138.84 154.76 141.79 138.93 138.99 122.62 147.83 167.41 118.89 121.36 120.52 147.83 122.46 135.58 132.91 151.81 115.03 135.79 150.69 122.52 127.03 147.79 116.49 156.05 160.9 135.46 137.5 151.16 
401.06 345.27 316.22 488.57 445.08 522.36 409.53 385.8 387.46 469.64 388.37 453.82 504.13 364.73 348.14 312.11 391.42 449.11 316.88 365.34 435.07 431.09 451.49 455.92 363.32 355.48 447.2 440.44 472.0 368.26 461.44 
268.85 280.96 270.42 254.35 281.58 247.01 286.56 289.41 232.09 293.16 253.53 300.5 273.33 238.08 280.11 293.18 263.89 252.81 274.96 305.87 295.68 290.89 198.99 292.54 248.42 254.31 268.3 269.79 293.0 272.47 
90.29 85.41 77.93 79.45 73.51 86.93 84.95 78.0 81.55 78.13 97.38 80.45 81.87 85.19 80.91 82.22 83.75 87.38 74.72 98.54 68.85 80.35 86.68 71.33 79.06 76.4 92.54 72.58 76.91 83.93 80.5 
63.76 72.12 63.13 60.54 57.87 65.39 59.2 55.92 73.39 59.5 62.99 68.86 73.14 52.67 58.64 64.25 73.78 57.69 62.74 58.76 48.46 57.55 56.76 53.88 66.09 71.1 73.73 66.51 59.76 64.0 
165.47 178.73 170.19 173.71 178.28 158.84 166.63 150.41 151.84 155.29 187.27 152.26 169.04 153.09 160.47 176.64 152.88 170.45 153.68 156.56 154.67 175.5 144.12 155.76 157.24 145.6 155.74 169.94 176.22 145.25 138.82 
