237.52 226.66 202.34 205.03 231.2 220.08 182.71 191.8 203.43 180.33 249.01 219.23 212.35 226.2 212.04 230.12 227.76 221.23 206.87 232.11 219.37 206.11 244.53 220.76 198.8 211.42 193.19 214.28 190.9 181.29 181.84 
77.68 77.72 72.22 77.93 71.48 58.37 63.19 83.65 82.62 72.71 74.83 68.19 67.1 67.38 76.65 59.8 80.85 83.61 85.64 66.55 78.2 84.81 59.19 72.39 72.46 74.96 59.7 60.01 75.27 
184.54 174.35 169.57 158.85 185.19 176.98 174.1 189.6 161.84 138.91 159.73 163.69 186.47 151.85 169.19 183.75 162.2 150.86 155.19 174.79 172.91 180.86 180.41 181.88 142.82 172.45 165.59 169.84 155.06 162.13 173.24 
201.0 219.41 236.57 228.72 218.95 214.41 214.51 219.85 255.79 226.52 276.93 209.83 216.31 233.3 215.45 238.95 259.12 200.23 241.76 208.82 190.69 185.37 239.65 216.63 229.7 250.71 202.7 218.23 225.57 188.66 
88.55 84.21 100.81 103.88 78.15 95.76 74.42 100.25 94.97 97.1 111.27 70.47 106.29 91.4 98.45 72.73 86.43 103.52 85.42 94.0 97.25 90.31 88.64 78.05 83.65 73.58 85.78 90.04 85.73 93.05 83.99 
161.01 164.14 228.68 185.62 196.19 163.83 170.04 184.51 177.63 184.5 225.46 154.19 163.2 186.83 183.48 194.74 168.97 188.38 179.34 169.93 180.44 203.98 148.69 192.45 174.72 191.68 174.42 190.76 141.09 162.79 
216.83 205.16 212.82 194.69 175.25 226.59 195.9 184.59 236.5 187.69 200.63 201.91 243.53 172.28 240.46 213.6 204.52 211.26 193.21 230.36 193.31 227.24 210.76 201.77 190.5 218.7 247.34 172.04 199.79 190.89 174.3 
220.94 251.48 188.67 237.5 234.12 211.93 223.65 219.5 229.23 233.6 209.51 232.2 285.5 205.36 272.36 217.65 177.46 241.09 231.36 225.15 207.31 223.35 226.34 230.87 229.14 228.29 256.76 258.32 254.3 229.28 233.82 
752.5 615.81 594.82 537.49 729.66 612.27 635.87 571.47 717.8 715.85 704.44 578.72 634.08 559.66 812.94 653.26 605.83 580.37 657.77 505.89 532.52 640.66 570.0 642.47 683.82 667.03 743.05 763.0 582.37 633.47 
92.36 110.41 122.63 108.71 114.08 111.44 116.45 121.19 107.64 107.95 98.52 107.36 101.46 107.39 119.28 107.87 110.16 108.55 104.84 123.03 116.63 100.82 116.56 99.01 107.35 128.17 104.14 119.92 121.83 82.58 116.87 
99.04 92.75 101.65 90.66 94.55 92.29 98.97 108.39 85.17 83.29 89.03 115.36 103.16 88.04 103.12 107.78 85.65 99.08 96.83 111.52 99.36 102.56 105.3 105.82 97.37 94.7 77.64 88.88 105.68 107.12 
14.58 13.25 12.58 11.74 13.31 12.06 11.7 11.59 12.6 12.05 12.07 11.47 13.53 12.85 14.18 14.3 12.9 10.63 12.79 12.15 14.11 13.33 13.06 13.47 13.53 12.3 12.55 13.44 13.61 14.07 13.35 
