39.19 31.34 31.93 30.01 36.43 29.98 31.07 26.84 32.52 33.45 37.82 27.3 29.88 28.08 29.03 30.81 29.25 29.92 36.75 32.75 34.05 28.77 38.17 31.03 31.59 28.86 29.53 32.9 31.13 27.5 32.21 
50.83 57.56 53.16 66.66 65.99 51.09 53.96 57.07 48.47 52.69 46.79 51.46 46.59 51.19 43.78 59.33 52.02 55.1 58.23 57.93 65.35 52.98 59.4 53.94 54.96 52.8 56.76 63.87 
164.26 171.36 184.07 187.37 184.5 193.73 161.38 181.11 177.66 189.15 201.48 185.33 204.03 211.99 171.77 194.28 178.16 155.1 208.49 171.26 151.58 190.09 157.33 200.99 149.91 192.62 178.39 170.12 204.17 193.25 169.33 
206.77 210.19 210.69 210.34 184.19 181.78 211.19 232.56 169.35 216.4 210.8 150.33 185.64 191.05 205.84 204.5 156.16 224.57 203.25 204.32 181.61 182.06 188.41 205.24 200.55 151.48 189.39 181.31 227.8 213.9 
64.63 59.64 60.26 64.85 64.64 54.95 67.07 58.98 64.23 66.03 60.14 52.21 54.9 63.89 55.91 66.63 71.76 59.17 62.29 68.62 66.55 66.58 64.73 62.53 68.12 67.53 67.37 57.09 63.72 61.53 55.24 
478.67 415.95 536.94 546.82 518.7 446.07 426.94 448.99 449.55 548.67 477.82 410.04 476.69 496.52 461.72 436.6 449.99 494.39 442.47 451.1 469.42 499.1 453.81 459.79 505.19 509.54 516.21 411.28 476.64 533.1 
202.33 214.65 190.31 195.12 214.72 191.0 215.66 223.32 257.48 189.8 206.56 182.52 186.78 189.62 193.44 187.84 214.75 213.87 195.97 157.53 195.75 162.37 196.53 145.63 178.16 194.34 194.91 212.14 202.37 196.53 188.84 
144.42 144.27 143.6 150.56 135.08 173.08 128.78 151.43 136.86 169.98 154.91 117.76 134.63 163.44 144.87 181.91 139.49 164.98 121.43 145.48 135.99 164.02 154.27 160.31 163.11 111.04 159.73 124.46 141.83 146.89 152.28 
47.95 37.47 43.12 42.06 45.61 44.92 48.88 39.52 50.15 44.85 43.52 48.0 42.43 46.1 44.72 45.05 44.4 49.78 40.89 51.76 42.88 52.71 41.02 39.37 36.75 43.52 43.41 56.36 46.3 46.02 
12.98 13.96 14.21 13.34 14.34 12.41 11.8 13.32 14.05 13.58 14.45 14.67 13.95 13.57 11.94 12.86 14.57 12.18 17.23 14.12 12.59 15.4 12.13 14.73 14.3 16.18 16.29 16.26 17.36 16.19 13.36 
55.77 68.97 62.95 59.69 64.65 66.63 65.6 79.28 72.28 57.44 69.52 60.29 66.71 63.55 70.17 62.28 68.89 46.32 63.87 65.89 63.04 61.68 68.61 61.77 65.36 59.22 53.27 54.74 80.7 71.31 
7.21 7.62 7.02 7.15 6.73 7.51 7.26 8.93 7.61 7.11 8.62 6.76 7.74 6.86 7.15 8.19 7.91 6.49 7.3 7.19 7.78 5.65 8.28 6.46 8.65 7.49 7.35 9.32 9.06 7.23 7.11 
