115.57 120.74 95.64 92.95 98.16 127.92 145.0 107.93 113.26 121.8 129.15 104.3 107.38 99.32 118.89 108.58 126.66 110.52 112.53 113.91 107.8 109.88 108.05 120.45 127.04 111.49 114.0 123.81 118.09 117.35 124.73 
17.55 18.97 23.53 20.96 20.67 22.59 22.25 22.73 18.85 20.31 22.1 24.32 22.86 18.2 24.44 19.68 21.53 19.51 20.87 18.66 21.77 24.66 23.09 24.12 18.84 20.89 23.53 21.9 
103.52 95.88 92.79 74.52 96.89 88.11 97.69 99.06 92.28 104.22 93.71 65.78 94.41 92.34 104.55 103.37 94.45 83.8 90.44 104.29 90.87 86.16 92.77 78.01 100.69 105.7 101.17 92.89 99.86 94.17 104.26 
72.44 74.99 71.74 82.74 70.19 85.0 81.97 76.23 80.59 90.97 75.72 71.15 55.16 85.31 91.75 73.37 78.52 79.29 78.52 59.23 72.86 89.69 85.8 89.75 81.73 81.4 80.0 69.63 81.02 69.31 
190.36 172.58 172.44 181.53 183.97 185.89 181.75 167.0 200.09 175.04 178.87 159.99 182.84 202.75 182.61 170.0 183.53 191.88 153.3 187.0 181.18 188.91 194.25 134.92 192.72 191.88 232.91 179.8 195.69 200.22 214.2 
265.11 277.63 241.18 277.3 219.71 262.56 268.65 210.97 228.51 239.84 241.88 218.55 219.42 246.34 234.03 236.01 284.83 246.88 221.05 276.86 221.33 234.54 234.15 237.29 285.49 241.23 258.1 265.22 195.72 266.99 
119.14 97.22 123.74 108.65 100.6 118.94 106.46 93.35 113.2 109.43 109.71 105.1 120.92 100.84 125.26 121.49 107.04 104.44 102.39 87.91 107.58 132.48 110.0 112.09 91.53 111.82 111.66 105.44 94.47 107.89 114.21 
281.55 244.28 291.61 284.39 315.54 307.02 330.39 320.85 351.83 278.67 286.55 281.47 319.9 278.82 249.97 269.8 356.72 307.48 339.48 270.09 289.95 288.29 308.53 320.7 307.03 257.49 288.49 314.91 261.13 286.47 317.25 
56.47 71.52 70.04 57.65 59.08 67.72 64.55 60.44 72.16 64.68 69.03 62.22 66.87 54.43 62.99 68.42 57.58 69.37 65.78 60.75 71.32 63.34 74.52 62.49 78.55 64.61 62.87 59.5 65.6 55.61 
42.56 54.5 51.04 52.75 46.79 52.13 53.45 57.74 59.02 48.73 48.5 49.04 48.45 50.88 50.03 54.05 55.09 47.55 51.8 43.61 47.89 57.29 49.43 42.25 54.79 59.12 48.56 56.24 53.86 51.13 45.46 
133.04 108.91 140.44 99.19 145.2 108.84 96.08 101.2 130.48 105.72 116.14 129.59 134.09 151.76 114.86 119.75 113.11 103.51 123.12 101.13 124.41 134.56 130.47 121.93 116.55 114.66 114.24 142.92 120.01 120.87 
22.06 20.32 19.83 20.41 19.73 23.95 21.66 19.18 19.98 20.84 19.73 20.08 21.22 21.98 18.73 18.84 20.85 20.42 18.9 18.81 18.16 20.31 19.1 18.4 19.62 20.6 16.36 21.52 16.31 21.03 19.65 
