5.78 5.42 4.74 5.89 5.39 5.17 5.36 4.39 5.72 4.73 5.23 4.41 5.23 5.34 5.71 5.58 4.5 5.59 5.0 5.63 5.14 5.11 5.38 5.47 5.41 5.62 5.53 4.26 4.94 5.08 4.02 
78.09 91.78 80.59 95.7 98.91 82.21 67.6 89.92 92.67 87.18 80.21 63.48 89.22 93.6 78.21 87.63 92.06 99.55 79.11 84.96 79.77 89.33 111.53 102.89 100.64 92.42 100.9 75.62 
166.38 212.34 147.25 200.74 187.54 160.34 212.87 173.65 214.8 164.5 209.62 196.7 189.66 148.77 176.67 206.7 185.69 195.73 182.47 213.3 165.58 186.26 186.77 209.7 160.39 162.3 200.51 165.39 211.94 144.75 194.03 
206.87 213.53 212.65 197.87 201.42 184.92 165.71 204.35 212.06 210.24 212.23 214.09 232.12 190.96 203.27 203.82 181.15 188.08 216.33 263.06 190.54 206.17 153.65 208.06 203.56 228.58 199.33 220.14 189.62 231.01 
166.73 147.41 158.86 146.1 164.13 164.95 151.26 159.74 168.57 158.58 162.03 164.51 138.34 158.21 129.05 186.23 151.65 170.35 180.73 183.42 167.64 180.91 188.33 131.31 139.54 189.67 168.34 171.49 165.86 176.31 180.07 
263.34 259.98 275.01 249.96 211.05 229.52 202.27 202.39 263.69 273.43 243.39 303.11 217.11 227.3 248.36 317.32 237.81 227.3 307.79 274.28 285.87 277.11 269.09 273.68 220.39 247.36 281.32 256.09 225.29 268.75 
353.83 284.67 317.03 260.42 268.83 253.42 308.9 267.35 299.65 263.23 304.05 267.35 282.58 293.49 267.41 300.6 287.89 302.7 294.47 259.97 293.4 259.5 286.7 305.51 227.37 257.87 291.27 294.84 277.55 286.71 293.72 
70.52 90.63 80.29 72.16 91.95 65.06 68.54 86.24 76.3 87.45 83.96 71.58 69.87 78.36 85.99 58.22 102.42 67.34 83.5 81.36 79.88 63.91 68.05 85.57 90.63 64.47 65.78 63.05 70.07 65.84 74.36 
10.0 8.74 12.0 10.34 10.6 8.72 11.47 11.11 11.67 9.79 11.38 10.45 12.47 9.58 10.97 11.75 11.83 13.51 11.72 11.22 10.95 9.84 10.25 12.83 10.19 12.54 12.03 11.5 8.99 10.61 
23.48 25.02 23.04 25.77 28.07 28.36 29.69 25.79 29.46 32.51 31.18 33.16 30.54 28.16 31.49 26.49 27.92 26.15 24.46 27.98 32.66 28.71 29.95 27.91 30.01 31.07 30.71 32.31 26.6 26.78 31.72 
0.11 0.1 0.1 0.1 0.1 0.1 0.1 0.13 0.11 0.09 0.11 0.11 0.11 0.1 0.11 0.12 0.1 0.12 0.1 0.1 0.11 0.09 0.11 0.1 0.11 0.08 0.08 0.1 0.1 0.1 
35.54 40.76 37.34 40.31 37.68 31.28 38.59 38.03 37.64 41.03 35.6 36.0 38.82 39.54 38.05 32.59 36.41 41.3 37.56 41.63 39.01 38.17 39.87 43.07 25.95 35.24 33.32 36.58 39.28 36.82 34.16 
