26.31 32.6 26.95 32.73 23.84 29.06 25.7 30.83 28.23 28.38 28.41 29.05 25.68 26.27 27.79 25.45 28.46 30.08 30.6 28.29 26.6 27.73 28.27 32.08 32.55 27.17 27.84 33.53 26.57 27.75 26.28 
74.91 61.31 67.67 67.98 65.78 78.37 63.07 58.5 69.94 59.03 65.01 59.81 67.8 63.98 56.97 44.5 76.6 63.25 63.07 66.84 58.98 56.89 64.03 68.51 71.06 63.35 62.94 71.03 55.07 
253.14 245.76 310.13 271.56 203.26 279.73 260.3 305.18 266.92 240.96 269.11 249.46 257.92 246.37 247.98 237.51 218.45 268.36 299.88 265.76 263.9 300.82 241.2 247.01 244.02 254.75 289.8 276.15 208.13 258.35 279.02 
51.29 66.05 65.77 65.15 68.52 68.87 61.12 72.51 59.02 60.73 70.23 60.82 66.57 71.04 63.76 53.71 61.87 63.83 55.73 68.72 62.21 71.54 59.42 58.94 61.63 66.41 68.04 59.75 59.32 70.34 
233.76 252.74 263.04 217.58 224.97 309.13 303.16 235.75 256.31 274.83 207.5 287.11 260.7 277.86 291.38 305.54 276.99 296.67 272.31 218.47 242.32 287.68 311.16 256.79 290.73 304.48 226.51 263.08 268.06 218.0 322.75 
215.87 237.21 206.35 216.98 240.87 218.86 176.23 214.68 227.85 195.83 202.03 225.55 222.76 192.34 202.68 234.0 227.86 198.63 231.66 226.54 217.35 208.47 226.64 233.95 226.13 189.8 215.07 215.77 237.94 210.01 
81.06 76.23 84.37 84.66 82.81 80.41 69.16 77.92 87.26 72.1 73.71 101.96 69.37 101.41 91.91 65.14 96.16 77.04 92.2 77.15 78.82 86.7 88.9 76.88 74.14 97.57 82.47 89.15 76.16 76.67 71.82 
85.29 81.93 74.18 75.01 72.46 74.78 74.82 83.68 71.76 87.93 78.05 81.12 81.83 64.16 88.6 77.21 65.97 89.81 78.16 90.8 84.57 68.24 100.71 71.89 89.76 87.53 73.04 68.46 63.73 69.91 79.15 
110.27 119.62 115.01 134.71 104.46 122.41 103.72 98.31 112.65 118.36 110.73 127.94 126.3 117.43 108.49 111.89 119.21 121.46 114.41 115.33 106.66 121.71 117.68 122.55 125.81 117.82 101.42 132.2 106.9 119.51 
5.96 4.67 5.25 5.62 5.37 5.21 5.23 5.19 4.87 4.98 5.29 5.14 5.72 5.65 5.98 5.43 5.71 7.22 5.67 5.26 5.14 4.87 4.94 4.4 6.31 6.06 6.45 5.92 4.97 5.13 6.02 
0.56 0.46 0.55 0.5 0.51 0.51 0.62 0.49 0.43 0.55 0.52 0.47 0.4 0.39 0.5 0.45 0.57 0.44 0.45 0.46 0.49 0.38 0.54 0.44 0.49 0.47 0.5 0.5 0.45 0.45 
19.71 16.04 18.05 18.35 16.39 18.17 14.55 15.25 18.8 16.16 16.11 16.38 15.06 16.03 15.03 16.6 14.79 17.06 16.94 16.36 16.35 16.52 15.19 16.78 19.28 14.97 17.74 15.66 15.33 17.29 17.0 
