0.57 0.53 0.45 0.51 0.49 0.49 0.55 0.51 0.44 0.58 0.52 0.51 0.41 0.54 0.54 0.47 0.45 0.6 0.49 0.57 0.47 0.54 0.42 0.49 0.51 0.48 0.44 0.57 0.63 0.53 0.5 
63.8 62.64 77.26 59.03 64.5 66.52 63.91 70.81 67.62 69.54 55.84 66.92 61.48 71.42 58.11 66.61 63.25 59.84 62.98 69.82 56.63 69.84 64.78 60.3 60.23 75.3 68.86 67.18 
57.75 66.46 61.61 66.54 60.54 54.71 55.78 62.28 61.58 63.23 68.64 59.25 54.31 63.46 52.39 59.49 61.4 54.6 63.74 53.49 56.16 52.85 65.51 60.59 55.47 60.05 53.79 63.44 64.64 57.51 65.8 
44.19 43.75 36.8 50.07 38.73 45.42 42.54 43.9 41.44 39.48 36.1 38.06 45.02 40.86 40.73 46.77 48.66 48.32 38.4 47.29 43.58 48.85 42.84 41.93 38.58 39.87 39.88 34.74 46.47 42.37 
354.06 367.87 278.45 379.36 402.12 349.77 289.03 302.77 326.0 296.8 316.87 311.3 284.45 363.5 378.32 309.61 313.1 349.32 302.58 319.13 309.17 362.72 342.21 289.82 286.86 321.89 263.66 346.08 216.05 320.51 301.23 
191.42 188.13 182.82 242.89 232.15 208.92 190.06 229.01 212.03 206.9 168.8 190.67 186.8 215.91 192.94 215.58 197.08 210.69 210.28 187.4 164.89 169.54 231.21 206.99 225.27 215.13 210.53 200.21 239.26 219.04 
30.29 28.06 21.08 26.6 26.83 21.31 28.13 27.77 26.17 24.11 24.26 32.11 24.11 25.76 26.65 25.98 21.84 24.57 27.89 21.52 28.13 20.67 20.92 27.25 28.2 26.65 26.57 28.87 21.69 29.68 26.99 
491.78 521.45 470.35 494.24 490.97 418.35 576.5 532.29 527.58 487.44 461.54 552.77 565.6 477.57 459.06 551.92 576.02 486.64 574.19 487.58 425.34 463.07 526.07 444.44 553.33 506.97 424.52 513.26 495.14 435.94 471.25 
67.42 73.12 69.92 50.37 56.82 75.97 57.16 74.69 68.88 68.49 75.6 55.89 78.72 64.65 65.26 74.34 60.18 70.19 76.02 73.23 75.27 65.79 71.94 63.75 59.91 70.94 75.64 66.7 69.62 58.34 
53.44 50.02 43.78 57.1 57.82 55.39 61.2 50.91 46.47 53.28 59.81 58.72 54.0 45.77 54.19 50.18 60.53 60.17 61.4 61.78 41.43 54.4 53.35 58.51 63.66 56.0 58.87 58.58 53.74 57.97 45.44 
73.65 63.63 61.71 68.48 63.95 54.61 62.12 77.08 70.2 68.02 70.99 66.65 62.89 70.37 76.6 63.83 66.69 63.94 76.62 57.0 71.82 67.63 54.72 72.87 65.77 58.26 70.53 68.65 69.9 73.8 
58.22 68.66 58.97 57.5 71.29 53.43 70.14 75.85 74.74 62.65 69.1 71.35 65.65 61.69 64.37 54.73 65.05 61.87 59.96 54.75 57.52 62.13 63.43 56.25 68.03 67.42 55.77 64.56 67.25 63.64 69.61 
