28.17 36.26 30.43 30.75 27.53 31.5 31.88 29.74 33.59 34.39 30.8 29.3 31.76 33.39 30.44 30.31 33.48 38.31 29.73 31.45 36.22 29.67 31.43 30.81 30.37 34.62 30.0 34.3 30.46 31.25 37.54 
117.34 132.15 126.9 112.69 130.32 106.38 114.54 114.97 124.0 131.63 140.94 114.34 119.57 116.53 141.75 133.84 117.33 117.77 121.26 120.1 112.38 102.15 124.47 127.23 131.07 120.84 101.54 121.06 
150.38 119.21 122.88 127.53 131.59 119.23 115.2 128.58 133.12 116.81 130.03 133.39 120.39 141.11 131.66 97.23 96.45 130.31 120.9 124.46 143.07 150.97 118.09 114.87 117.34 123.64 139.53 128.29 121.85 120.03 125.17 
88.07 104.92 84.47 110.36 90.17 100.07 106.48 104.11 89.93 102.38 97.76 96.35 96.26 99.55 86.47 95.18 85.74 92.18 98.5 108.61 89.73 91.44 93.87 113.81 87.65 101.66 94.94 97.05 82.75 100.05 
316.8 306.12 226.91 294.59 219.43 227.24 283.02 260.02 285.51 246.59 263.34 321.6 303.74 279.2 298.91 272.57 293.41 290.68 337.16 284.05 274.81 270.44 245.66 326.47 283.33 278.13 243.34 261.46 325.31 311.53 306.93 
375.64 271.85 292.46 266.21 283.25 309.77 294.09 307.27 306.3 345.37 341.78 347.15 228.22 323.25 336.94 316.4 286.22 329.45 326.0 272.37 322.18 306.25 256.81 328.76 334.35 329.38 301.71 280.0 309.9 337.24 
80.37 110.58 91.91 90.27 82.05 94.54 97.51 104.68 106.62 89.87 110.9 93.3 101.51 74.44 90.08 97.28 107.66 111.1 96.63 100.48 104.76 83.46 89.29 92.64 98.9 90.63 88.98 92.35 80.42 75.42 111.45 
75.27 87.02 70.54 76.32 73.05 71.44 71.23 64.43 62.99 59.23 63.4 56.54 72.17 82.88 84.67 76.74 73.35 91.13 72.0 84.07 68.08 65.68 75.75 63.16 75.45 89.18 79.17 69.05 72.31 57.95 74.62 
5.09 6.11 3.43 5.88 5.34 4.86 4.49 4.4 5.7 5.4 5.87 6.15 5.01 4.92 5.59 4.57 6.2 4.72 5.57 6.33 5.13 6.54 4.8 4.43 5.01 5.2 5.29 5.89 4.56 5.03 
9.75 12.32 11.18 9.27 9.78 9.77 11.19 10.13 11.0 11.56 11.27 9.7 11.75 9.82 10.53 11.19 10.9 10.39 10.16 9.56 12.62 11.44 8.88 10.6 11.31 10.37 9.91 12.36 8.66 10.82 12.28 
102.16 109.28 108.15 107.65 105.6 88.4 99.68 96.86 97.83 100.0 104.38 96.18 110.3 84.75 99.1 120.79 105.08 97.71 118.69 105.29 99.23 111.46 98.07 89.11 98.26 104.32 103.92 115.73 90.78 92.74 
57.34 63.24 47.82 58.19 57.55 56.72 57.89 48.5 56.04 59.08 68.72 69.05 63.53 47.76 52.54 64.29 51.64 63.64 49.77 67.17 58.31 61.78 61.15 63.77 62.04 58.24 52.95 58.11 50.44 62.79 65.95 
