46.74 52.21 42.26 47.43 39.57 49.37 47.81 48.6 43.71 37.67 45.44 39.92 45.54 43.3 46.77 47.24 41.69 44.99 45.31 45.39 42.46 50.79 45.68 42.57 41.56 56.19 40.2 39.83 55.94 44.03 42.89 
55.78 51.49 63.31 67.79 61.18 69.09 59.55 57.3 63.75 59.68 63.5 57.62 59.72 56.48 57.72 60.48 62.67 64.68 64.5 57.61 53.15 54.18 55.12 56.99 55.23 60.83 65.44 60.61 
52.99 54.81 57.6 56.64 59.42 51.76 54.41 56.18 49.07 55.52 56.99 59.24 43.05 60.33 59.11 57.21 50.87 56.38 48.36 58.08 57.33 60.01 51.41 57.21 55.25 48.11 50.34 57.51 52.12 53.27 59.04 
76.78 83.66 72.3 93.01 86.87 57.63 90.66 72.94 78.67 67.37 75.84 72.14 76.19 76.6 79.86 69.54 73.3 68.69 75.91 74.84 62.55 64.38 76.78 61.21 82.11 59.25 63.93 83.14 78.33 86.31 
130.71 124.86 129.49 119.08 128.02 118.76 98.61 113.34 129.74 127.05 128.68 134.21 121.41 143.41 116.76 124.15 119.52 127.94 112.96 120.34 130.02 125.51 119.57 125.19 115.52 114.21 143.6 101.9 138.52 142.73 131.36 
197.66 183.85 209.66 147.68 181.91 187.32 174.73 164.66 178.35 163.0 183.22 174.6 209.67 176.04 175.59 194.08 200.61 225.31 175.19 154.4 143.65 187.71 186.07 187.95 192.85 206.64 182.91 151.99 165.42 201.13 
93.11 109.67 114.49 123.55 82.87 106.88 101.99 114.29 111.23 108.26 82.44 96.17 104.13 100.36 91.64 101.18 120.73 105.23 105.22 90.02 97.35 108.46 99.63 102.22 89.93 112.92 113.57 94.78 92.28 101.81 80.65 
110.23 116.19 119.44 119.32 113.55 109.04 119.3 104.31 102.68 117.18 113.68 107.97 104.23 127.56 130.37 103.65 112.58 116.95 109.03 110.96 108.64 109.53 130.94 103.71 99.1 102.82 99.07 113.12 130.61 111.12 122.81 
66.7 54.55 68.0 64.28 66.32 59.19 59.27 65.09 60.09 63.19 66.8 53.63 62.67 63.09 65.55 56.19 56.52 58.54 51.2 52.88 62.33 64.17 60.22 48.62 72.04 64.38 54.87 71.87 69.2 57.94 
192.72 296.22 310.82 276.53 342.09 329.36 258.99 301.7 341.39 323.62 259.8 241.73 339.42 351.97 344.64 350.37 326.73 265.41 225.86 305.5 280.14 251.64 320.1 298.44 298.57 237.89 318.29 328.31 312.75 312.06 295.1 
21.06 19.31 19.23 22.3 18.07 22.2 19.62 22.27 20.29 20.75 21.92 22.34 18.08 20.79 18.98 22.37 21.98 24.39 23.24 21.38 19.28 23.74 20.34 20.88 21.85 20.23 19.55 22.66 20.84 19.78 
50.67 48.92 48.23 58.72 38.36 49.42 37.08 52.96 51.09 49.97 49.78 63.2 57.89 47.51 44.27 46.87 47.65 44.93 56.19 50.73 49.51 48.11 48.88 52.74 52.1 43.27 42.64 47.3 50.11 55.69 57.89 
