24.63 20.47 22.19 17.27 18.46 21.3 18.73 21.82 19.21 21.65 18.85 21.81 21.56 19.51 18.94 16.59 20.67 19.14 17.35 20.02 20.69 15.13 21.39 21.69 20.59 19.77 18.58 18.34 20.92 24.42 20.7 
169.75 155.33 158.14 139.27 160.07 177.88 149.11 157.64 178.67 128.0 148.65 167.24 161.99 156.49 123.32 152.3 154.86 156.53 158.55 173.46 181.63 164.59 169.21 152.52 172.37 165.32 138.55 165.62 
53.69 47.78 38.11 47.28 47.53 44.63 45.91 51.31 46.06 50.53 46.87 44.82 45.92 53.62 45.95 47.05 58.09 58.56 43.07 44.65 45.18 43.53 43.16 53.67 49.98 47.4 51.9 49.64 41.9 49.4 47.12 
128.27 128.61 155.64 150.15 150.96 147.1 142.61 132.77 119.89 150.45 138.67 134.25 161.8 137.63 143.53 111.61 104.71 155.58 139.84 148.74 143.17 150.57 136.44 133.08 114.36 126.01 132.01 142.96 137.88 136.75 
62.78 73.78 70.44 58.2 60.58 55.83 73.3 70.16 63.32 72.72 53.76 58.63 60.63 62.5 57.72 64.45 60.64 63.03 61.09 67.18 57.37 48.85 58.46 62.6 70.67 55.41 67.63 53.41 63.95 63.74 57.52 
177.68 195.32 180.34 160.88 162.67 175.42 187.74 163.63 156.68 179.58 153.47 182.93 186.78 202.73 185.45 157.08 175.53 160.0 184.34 170.64 170.32 167.55 173.58 167.93 194.91 180.27 173.82 186.23 192.46 192.04 
213.84 188.68 222.03 160.96 172.95 178.9 190.75 191.82 184.73 208.37 209.9 215.55 204.64 240.77 243.3 191.95 195.03 241.86 199.82 223.28 224.6 213.26 213.08 227.73 204.18 212.03 174.39 189.6 179.47 212.24 208.82 
300.66 249.22 304.7 319.82 319.5 238.67 305.79 258.67 270.64 276.39 238.55 289.89 302.35 289.74 257.27 246.09 264.77 285.61 279.22 301.92 259.52 264.21 309.35 298.1 295.78 328.39 279.33 267.77 245.09 301.05 250.87 
133.67 147.03 161.5 134.63 131.77 115.2 138.57 146.35 150.19 146.9 148.21 155.47 163.64 142.05 140.08 114.65 105.44 144.55 131.6 133.98 137.89 119.75 127.89 144.41 124.09 130.09 156.65 112.99 143.01 119.4 
39.92 34.5 39.46 33.7 39.93 33.65 38.24 35.84 42.45 39.78 37.34 31.19 34.3 38.74 37.76 31.94 33.24 39.12 37.9 28.57 42.67 40.86 43.6 39.3 39.01 43.7 40.31 47.58 38.56 37.98 39.74 
38.14 32.81 39.16 35.36 32.88 38.94 32.9 34.74 34.35 39.21 31.76 41.6 36.01 34.92 33.63 30.18 38.77 32.72 34.87 32.69 30.28 38.83 37.07 36.12 36.68 36.21 39.28 34.11 40.75 38.24 
3.66 5.02 5.28 5.03 5.42 5.09 5.91 5.57 5.9 4.65 5.21 4.68 5.14 5.76 4.84 4.62 4.99 5.08 4.35 5.24 3.86 5.54 4.58 5.71 4.66 4.92 5.27 5.56 5.26 5.32 4.85 
