58.11 64.93 53.54 72.21 57.31 70.94 65.31 64.49 59.0 54.4 62.53 57.18 52.95 66.64 63.69 58.21 66.96 57.11 64.28 71.56 61.5 68.98 58.78 61.51 63.82 62.68 58.89 70.47 61.02 76.45 61.44 
78.96 85.64 94.58 79.72 81.76 70.29 81.78 89.79 76.15 79.57 75.93 91.14 75.13 81.45 87.17 74.75 78.55 90.09 79.4 80.51 70.91 67.24 76.16 92.97 69.72 69.66 79.08 82.12 
84.83 97.89 107.0 121.24 102.49 99.56 73.31 100.78 99.5 103.25 96.64 102.45 88.03 71.93 98.06 85.9 99.01 96.24 110.74 105.51 90.11 114.98 89.36 108.68 112.06 69.98 95.19 108.47 105.97 98.39 92.2 
100.21 92.76 122.7 113.68 113.68 100.83 103.64 111.04 105.3 111.6 109.55 108.04 109.11 89.27 112.32 112.5 111.25 125.31 97.03 105.84 110.76 118.24 107.36 101.07 110.56 109.96 102.2 98.5 103.92 101.93 
137.65 141.62 141.6 115.87 115.39 123.13 122.0 137.17 124.92 130.93 127.27 132.44 121.87 132.53 134.93 143.13 130.52 123.38 144.02 115.67 98.19 139.2 118.14 143.35 153.27 140.99 180.86 120.84 136.69 114.71 114.05 
610.63 404.14 491.88 586.68 531.83 505.03 609.4 528.57 455.08 509.02 627.45 567.97 493.04 457.66 480.74 451.24 608.75 571.37 540.12 502.18 516.19 655.97 562.44 477.58 454.66 537.55 609.53 550.21 542.76 449.59 
144.66 150.05 137.56 143.96 139.36 134.64 118.92 134.81 147.29 147.86 156.7 138.76 129.84 131.85 144.35 133.24 155.55 121.44 127.09 145.94 128.64 136.88 136.13 134.43 125.1 143.56 147.83 143.32 141.31 122.83 150.72 
122.07 123.35 140.7 113.37 119.31 122.45 121.97 143.9 124.79 118.24 130.82 143.19 132.58 118.86 137.86 118.65 143.33 152.51 147.25 119.97 168.21 139.32 125.16 127.95 149.48 113.36 118.83 120.34 120.26 133.36 131.21 
156.5 145.94 148.86 143.21 113.37 106.6 134.3 150.02 178.41 143.9 146.99 152.27 179.98 160.14 149.98 139.96 143.38 159.12 164.18 140.75 162.42 136.25 192.0 153.37 131.67 142.45 141.16 141.44 147.0 157.08 
49.96 45.71 46.8 49.31 44.3 49.69 47.65 46.46 44.02 51.27 55.0 53.07 48.98 49.0 46.36 47.46 50.94 42.51 46.11 44.3 48.73 46.1 51.72 50.93 42.86 42.03 45.56 49.97 44.36 43.64 44.99 
113.56 113.01 107.83 97.94 128.87 124.2 105.86 102.09 121.31 108.24 103.6 114.61 104.02 112.12 116.94 117.19 116.3 115.45 107.22 113.58 113.37 108.02 125.59 119.03 109.45 114.94 105.29 96.37 84.63 124.01 
71.21 89.88 72.85 93.49 90.89 64.42 91.84 72.44 80.11 82.26 90.41 86.64 87.03 84.27 87.61 83.75 81.07 91.53 76.68 92.61 85.73 75.53 92.61 85.12 75.1 84.54 82.07 81.31 66.87 83.91 77.59 
