78.28 89.21 71.41 72.87 77.24 87.5 88.86 81.61 91.32 75.59 73.07 79.14 75.1 78.2 107.86 88.11 77.02 84.7 69.43 87.09 80.61 76.48 79.85 79.46 76.78 87.91 70.53 92.43 78.39 90.05 69.0 
20.58 22.4 22.16 17.15 22.94 21.15 17.96 17.58 23.6 22.65 21.95 19.63 24.33 18.98 19.51 16.35 20.83 21.47 22.84 20.63 18.38 22.52 18.88 19.13 18.92 20.11 22.27 19.38 25.27 
52.77 51.37 56.84 42.72 45.98 47.19 39.24 42.32 55.63 46.31 47.37 53.16 51.55 45.74 45.43 44.07 46.91 43.13 50.42 45.23 54.73 53.05 51.13 47.17 45.14 53.6 44.62 45.42 43.94 38.05 49.88 
119.89 140.39 132.42 124.65 169.53 130.04 117.08 128.89 142.41 144.07 117.52 160.8 144.9 156.97 155.74 134.85 161.31 173.08 145.31 151.49 118.55 134.09 134.38 136.09 155.13 159.4 155.35 146.57 152.22 138.12 
186.65 213.43 241.03 135.58 194.75 192.75 177.31 200.38 169.66 168.62 182.04 168.71 254.33 190.83 176.79 160.91 187.99 211.03 196.19 237.09 170.92 184.21 184.12 201.14 200.85 231.03 190.49 164.9 221.8 199.74 169.49 
199.94 211.43 202.53 210.6 243.59 197.62 207.43 214.21 204.26 208.17 213.39 183.42 198.21 201.9 223.34 192.22 190.18 188.55 208.13 195.98 191.69 224.64 203.19 230.48 183.78 223.38 184.51 186.81 169.26 211.31 
183.21 174.32 184.49 133.36 173.05 171.89 153.61 175.93 164.09 170.07 152.05 172.36 180.96 167.1 162.17 178.21 130.5 140.5 128.35 163.35 141.88 164.81 155.83 178.35 152.51 181.81 152.77 152.48 196.18 143.8 159.5 
26.15 35.55 30.52 38.48 34.66 35.63 32.39 37.37 33.99 35.65 35.72 30.32 31.28 39.54 32.02 32.27 29.7 33.34 36.13 34.26 33.04 36.15 28.67 30.68 28.57 32.83 31.99 26.76 29.41 34.26 31.2 
318.54 272.31 312.46 303.53 307.65 334.41 270.65 325.81 320.89 299.92 296.26 267.5 318.75 290.29 286.02 250.75 305.54 307.06 238.77 283.5 294.95 295.93 328.72 282.57 290.43 309.1 289.7 293.74 262.18 304.52 
331.46 243.99 314.38 256.84 330.51 324.45 298.61 278.93 308.8 281.32 291.84 294.34 282.46 282.91 319.46 266.07 323.55 282.32 272.85 301.85 297.9 356.71 246.18 299.72 312.92 270.02 234.77 271.94 272.15 325.28 334.8 
66.33 74.52 68.26 78.25 72.27 69.04 86.62 60.39 69.96 72.35 78.13 77.25 73.43 75.48 63.83 59.51 67.5 69.1 76.03 73.42 68.46 66.58 66.7 67.57 72.91 88.47 58.1 60.5 60.55 72.1 
46.68 46.85 50.08 48.22 38.13 49.76 49.92 46.07 45.87 42.32 36.6 44.66 48.04 51.85 57.06 45.87 44.01 57.48 54.25 56.38 46.04 52.95 48.33 53.83 47.91 51.37 47.06 51.79 49.3 55.35 44.41 
