69.94 56.65 63.37 69.55 60.41 62.6 58.43 47.73 62.47 61.31 61.4 56.16 70.03 64.59 61.37 57.52 72.36 62.05 65.1 68.9 53.95 47.34 74.77 62.32 67.34 69.92 61.57 59.79 68.16 62.32 60.96 
19.96 23.11 16.97 20.69 20.46 16.26 21.59 19.84 18.59 19.99 20.63 23.67 22.65 19.87 20.8 21.98 21.85 23.56 22.35 23.06 20.84 21.62 18.46 19.76 22.23 23.68 25.22 22.1 
57.75 74.51 76.51 83.54 79.67 68.49 71.81 83.69 85.25 75.81 81.29 74.34 90.18 83.42 63.07 81.96 76.73 85.35 74.18 80.69 73.76 77.02 70.29 74.04 76.63 79.47 78.07 82.53 69.11 84.44 69.69 
102.82 93.13 86.83 88.77 88.94 73.0 89.78 93.11 75.47 99.06 92.74 80.36 104.48 89.71 98.29 102.84 95.67 93.11 100.9 85.59 89.82 85.52 91.85 91.23 84.09 89.39 102.04 76.01 113.44 86.9 
82.01 78.29 77.72 72.91 71.52 77.6 72.11 76.55 88.18 56.07 72.71 85.12 73.57 62.2 85.69 75.61 60.84 69.31 68.7 81.78 72.53 70.22 69.65 80.2 82.63 69.64 83.8 74.69 72.75 66.8 75.89 
214.4 166.56 168.48 151.84 150.76 140.54 170.51 144.81 151.91 151.91 172.93 161.11 124.08 180.42 160.11 163.76 197.25 169.99 164.51 192.42 144.84 170.09 138.16 146.88 158.17 161.38 155.43 181.32 164.15 180.79 
36.99 30.94 35.97 28.48 28.47 25.22 33.5 29.52 29.47 30.28 30.68 30.74 30.93 31.53 32.43 34.79 31.67 30.86 35.15 29.35 28.14 28.64 27.88 29.58 35.29 29.72 34.19 38.42 33.47 32.4 26.85 
291.83 295.54 320.21 286.52 260.69 326.76 350.52 315.42 335.33 350.38 297.27 311.06 364.76 317.05 313.43 336.94 310.05 301.21 308.03 308.66 363.83 369.47 309.21 336.51 334.53 297.5 315.11 269.35 240.91 374.28 337.62 
319.5 337.0 376.47 369.13 269.24 318.11 334.1 402.09 361.56 375.4 338.54 407.05 411.74 372.21 396.89 323.71 309.05 316.65 350.43 366.7 336.64 371.77 367.79 339.59 300.68 366.87 298.65 398.82 377.07 312.46 
117.79 87.66 84.83 102.23 92.98 75.8 109.09 100.28 85.8 100.35 100.21 99.19 95.31 105.64 94.03 89.39 103.96 103.04 95.2 101.07 97.41 91.47 79.1 115.72 105.33 106.15 86.51 85.28 109.39 93.81 123.41 
91.15 80.8 88.88 83.25 86.02 85.57 87.55 81.51 78.89 76.47 78.72 79.7 68.58 72.52 77.51 95.23 67.04 66.05 85.91 73.63 81.76 67.72 84.6 70.74 75.53 81.59 80.09 94.23 66.76 68.4 
20.06 23.24 19.92 19.55 18.23 18.94 20.72 22.17 23.38 23.49 17.87 21.05 18.9 21.25 22.72 19.75 23.34 20.45 19.92 19.02 20.5 18.57 19.26 19.57 17.64 18.19 22.04 17.82 20.14 23.62 18.39 
