90.63 105.97 80.09 93.4 93.13 95.51 77.77 93.93 95.79 110.63 92.37 97.69 99.09 101.72 90.03 86.55 100.28 96.09 97.57 75.62 84.21 88.57 84.38 95.95 94.12 98.4 98.29 103.75 103.19 105.71 93.28 
55.54 72.17 65.72 75.71 71.1 60.56 67.72 68.36 71.29 80.69 69.02 67.61 71.34 71.33 67.01 68.21 67.37 70.15 71.2 54.36 71.89 57.15 65.58 52.47 78.61 57.35 75.83 71.18 
78.07 74.48 82.19 75.97 91.74 76.47 81.68 70.66 69.84 66.54 81.84 53.86 71.24 71.0 80.89 89.12 73.45 63.88 85.91 83.55 83.05 82.55 82.73 76.31 72.6 80.25 75.23 69.42 69.81 81.27 79.3 
93.81 93.04 94.19 89.76 75.35 83.06 93.23 83.7 94.46 75.91 78.68 70.29 93.62 85.26 97.68 85.14 91.56 86.39 82.75 88.8 66.94 87.22 87.67 76.32 85.38 83.28 78.64 88.38 98.84 75.54 
178.83 215.53 169.0 200.26 161.27 187.46 163.54 162.34 173.43 140.28 155.42 167.3 145.64 154.77 152.04 181.99 153.35 151.52 145.24 160.45 176.88 136.7 172.8 186.49 144.27 173.44 166.61 167.21 153.48 187.58 162.57 
60.2 75.31 56.81 53.8 58.01 56.72 72.49 57.86 71.97 62.54 59.14 69.82 52.7 58.1 76.12 64.13 54.26 58.11 67.63 68.74 49.82 67.78 61.39 62.5 64.79 64.59 75.21 59.09 69.71 69.67 
109.83 130.51 116.13 110.05 94.63 105.05 100.65 109.46 129.6 101.79 102.25 115.77 119.36 99.78 113.83 100.73 117.79 114.97 108.8 93.78 116.66 99.68 95.34 100.3 109.43 125.03 133.71 105.06 116.99 123.69 117.94 
246.59 261.77 223.19 273.1 249.19 276.81 248.95 223.53 268.96 257.1 183.1 230.89 246.89 259.74 234.27 245.42 287.27 250.94 250.83 262.65 224.95 222.75 244.95 207.97 270.98 271.28 243.75 279.34 271.9 215.21 278.89 
185.11 224.68 213.41 179.52 210.12 173.65 203.74 193.92 172.17 169.94 206.98 180.68 175.68 186.54 166.0 199.53 162.56 231.07 197.99 174.64 187.87 164.88 233.09 180.77 253.48 227.39 203.57 186.44 195.63 219.93 
31.25 34.51 35.63 38.41 38.52 34.03 35.26 40.02 36.21 36.27 38.96 38.82 39.6 31.87 30.99 35.29 40.9 32.62 35.8 37.88 39.2 37.31 31.65 34.36 42.68 37.3 41.39 33.05 38.06 35.8 42.6 
91.72 87.8 113.74 84.51 103.15 98.99 94.22 101.31 115.2 98.24 96.73 98.52 81.0 94.96 104.98 107.1 88.29 107.59 107.01 90.74 95.37 92.54 94.77 110.46 98.45 100.63 95.4 87.05 82.48 88.61 
173.8 162.74 153.28 132.93 151.35 179.52 172.53 185.14 152.34 178.07 143.3 165.27 153.41 140.75 177.29 178.84 153.02 156.54 141.83 140.13 164.7 163.84 119.29 139.99 137.72 174.8 179.78 162.99 156.59 166.52 178.06 
