62.77 63.72 59.92 58.32 62.1 70.41 60.0 54.07 68.89 52.91 57.4 57.84 53.42 69.37 63.49 47.03 58.45 64.9 63.7 58.83 59.4 62.61 54.41 57.4 66.54 58.93 73.65 64.31 65.6 70.66 55.93 
207.86 170.48 133.21 170.42 167.27 132.89 155.11 193.06 153.06 134.39 142.21 169.86 136.01 172.08 163.83 146.41 121.0 146.57 145.83 165.98 146.93 160.38 175.9 146.8 125.38 157.5 138.82 170.0 
42.59 44.22 43.82 43.87 35.34 49.47 53.31 47.73 38.37 50.79 52.51 43.06 43.65 53.92 47.79 44.11 46.39 44.53 33.66 50.14 44.13 44.93 40.89 47.68 52.74 48.7 41.69 43.39 48.46 42.47 52.15 
62.65 57.98 62.3 68.05 55.0 66.77 55.52 56.15 43.13 69.84 67.78 69.39 65.16 57.05 62.63 68.72 71.45 71.32 70.5 63.1 66.91 76.86 65.02 59.69 60.75 63.86 54.92 77.14 63.24 66.25 
54.58 54.83 55.8 47.05 55.91 53.47 49.36 48.15 57.29 52.29 53.4 52.26 55.79 57.45 54.8 53.21 54.72 58.06 51.1 64.61 55.27 38.25 60.8 58.77 69.05 50.27 53.08 57.5 60.29 50.88 61.24 
137.71 119.15 133.11 134.18 120.18 142.97 134.0 140.56 144.51 147.26 119.34 120.34 124.8 127.47 129.58 126.78 128.28 144.94 124.3 133.9 151.25 132.45 134.53 121.03 107.19 115.79 121.36 128.28 129.62 129.32 
136.07 147.14 133.94 154.61 136.69 150.36 143.45 121.82 148.71 136.2 125.75 121.47 133.89 129.41 104.29 141.51 141.27 134.79 160.47 141.12 141.37 126.34 120.48 127.42 138.67 142.55 140.83 144.82 123.47 161.66 138.37 
373.86 378.13 303.97 320.72 375.33 294.23 339.1 361.69 338.47 347.48 280.75 325.99 324.98 311.39 266.94 332.13 343.77 314.29 290.45 304.35 287.03 324.74 326.33 338.14 304.49 388.14 279.62 312.89 373.33 389.72 312.35 
194.45 215.04 179.31 203.66 198.06 217.91 211.01 188.2 187.91 209.93 180.27 254.43 242.06 229.29 240.58 190.29 154.27 180.33 185.64 198.13 194.28 192.07 193.09 179.16 208.27 179.83 160.59 222.23 239.31 223.76 
106.42 119.58 96.32 115.32 91.85 114.86 93.72 89.3 123.38 133.01 108.49 110.91 105.98 94.52 99.45 102.48 107.17 89.03 106.53 100.03 121.42 108.17 103.54 122.55 132.81 112.75 100.91 108.8 115.66 104.41 110.57 
47.7 46.09 47.43 39.4 46.18 44.46 44.34 40.24 48.54 38.3 44.67 49.31 40.85 42.45 45.13 49.9 41.77 44.23 47.14 47.01 49.01 44.46 42.69 41.68 43.08 41.59 42.88 43.93 45.24 41.72 
71.67 72.33 70.45 73.5 83.39 85.31 79.4 85.5 64.47 76.18 79.66 72.05 86.44 64.97 80.64 83.37 67.55 63.09 86.16 90.32 68.16 84.81 79.81 81.05 84.04 69.22 70.73 84.84 81.68 64.16 64.6 
