133.21 143.12 147.74 153.81 164.02 145.03 127.0 126.96 146.02 163.22 130.94 151.0 134.49 129.29 158.8 114.34 154.64 149.29 146.72 120.72 149.61 156.78 136.05 143.43 146.4 130.68 156.93 154.98 123.67 138.86 140.54 
63.55 61.73 60.56 53.18 65.8 66.38 65.34 58.18 57.77 62.85 69.82 62.58 58.52 57.95 60.81 61.26 57.26 58.35 70.28 65.88 61.14 62.11 69.44 73.88 58.93 62.46 66.84 52.2 62.35 
97.83 113.21 115.92 82.48 79.3 115.11 88.64 80.96 94.16 86.8 93.96 95.8 109.7 78.46 74.02 89.58 89.51 83.63 112.89 95.86 83.54 100.32 82.81 106.38 100.59 104.19 97.26 97.32 90.18 92.73 100.4 
53.42 54.89 58.45 49.0 48.46 51.26 44.49 50.7 54.29 41.7 44.62 52.54 51.03 47.47 51.5 40.45 44.24 49.5 48.26 53.72 51.32 54.39 45.72 49.9 50.57 48.72 51.53 46.79 42.98 49.9 
51.04 50.56 61.49 49.14 61.85 53.23 56.61 54.98 46.15 46.57 42.2 49.47 66.61 61.58 48.91 59.38 55.5 45.56 54.52 57.44 53.89 57.96 47.37 59.48 52.72 45.34 49.95 48.79 45.51 48.72 48.88 
401.87 296.94 433.26 381.15 413.27 359.98 465.34 403.36 406.35 420.55 433.66 386.92 379.66 415.13 334.46 463.91 376.22 434.66 456.77 429.39 407.87 431.53 404.19 346.09 448.97 459.76 450.3 377.17 512.75 384.46 
285.09 339.9 361.5 381.05 394.55 293.46 370.25 297.64 279.23 408.36 319.55 361.2 342.07 313.61 335.05 366.52 287.13 326.64 295.14 304.47 382.58 309.78 346.51 320.81 384.94 313.44 342.19 381.1 393.51 355.91 361.03 
215.29 191.67 199.66 209.63 183.58 199.95 179.97 196.21 231.82 188.79 184.27 184.4 177.89 192.91 147.9 178.47 192.85 176.82 213.94 206.09 187.81 189.5 227.03 162.0 216.58 208.29 167.98 211.1 179.05 196.52 192.62 
176.28 179.02 171.83 230.9 196.44 175.28 192.16 160.53 178.84 166.27 189.99 213.12 172.47 181.33 179.31 161.89 191.03 168.33 199.98 193.14 157.61 148.56 172.97 195.11 186.18 205.52 196.85 158.63 180.61 187.99 
42.6 44.01 52.16 43.6 35.15 42.41 42.29 43.23 43.48 43.56 41.12 40.0 48.19 41.63 44.56 42.79 42.93 40.23 38.61 48.39 44.69 41.8 46.17 45.94 37.62 39.01 40.0 50.43 48.66 38.64 39.76 
75.95 80.54 94.47 88.02 79.59 81.56 89.35 71.96 70.3 84.46 71.93 88.42 84.08 79.61 81.47 80.68 81.74 78.93 68.72 86.46 84.25 86.14 70.4 91.0 76.63 82.69 81.22 92.84 79.12 88.84 
12.27 13.33 11.64 10.64 12.72 12.54 11.52 12.72 12.29 12.97 12.33 12.24 12.09 11.77 11.49 12.81 9.31 12.28 11.3 12.85 11.46 12.07 10.04 10.47 12.59 13.31 10.36 11.03 12.74 10.92 11.87 
