27.36 22.22 24.38 25.22 25.22 27.38 21.44 27.15 22.99 24.64 28.78 23.96 22.39 21.6 27.31 24.75 23.48 22.8 24.15 22.83 22.79 26.58 23.23 26.71 24.68 21.68 22.89 18.62 26.73 23.52 23.44 
54.99 59.7 54.64 71.88 57.12 63.6 52.85 61.47 51.33 56.77 59.63 57.97 59.5 66.9 60.93 63.8 66.48 59.03 60.29 66.63 59.03 52.0 52.36 69.01 59.38 60.81 53.13 50.91 
85.89 85.15 80.04 82.17 81.95 74.95 92.11 76.15 84.71 69.35 74.49 84.12 61.76 82.73 77.55 87.06 81.47 67.59 74.4 71.4 66.55 73.51 83.98 71.41 66.07 73.98 81.67 72.66 61.37 83.45 90.64 
40.91 40.93 43.36 42.31 45.24 44.99 42.28 44.47 40.42 46.36 40.61 45.78 37.23 43.37 41.78 50.85 42.49 43.54 41.63 37.85 38.33 44.55 46.82 49.66 47.18 49.85 46.09 42.93 37.48 48.21 
170.72 160.89 143.68 162.27 188.56 162.41 144.87 160.19 117.24 143.06 153.8 126.76 155.99 138.77 176.03 180.07 149.09 148.19 154.92 153.63 147.64 182.88 130.26 159.6 153.57 142.8 140.34 158.41 146.38 143.55 172.89 
74.29 85.64 70.91 90.58 75.72 81.68 81.24 75.38 83.41 68.13 83.82 80.73 95.2 71.63 68.61 72.2 85.6 82.0 84.14 82.68 82.38 86.75 79.83 80.59 81.85 80.82 93.27 71.64 79.68 75.1 
371.41 300.38 317.98 314.48 313.48 297.97 301.59 306.99 314.62 333.56 297.96 319.76 359.52 318.32 291.75 296.94 401.65 308.88 322.16 278.21 321.82 322.24 329.85 328.19 309.91 323.19 367.02 317.4 289.7 250.71 377.28 
340.97 328.77 354.92 374.82 311.87 339.81 303.16 326.87 323.15 372.12 312.98 403.97 346.67 308.73 354.64 402.75 314.4 392.8 296.94 306.06 333.52 261.12 380.44 279.34 292.87 316.71 326.07 325.59 334.8 378.1 337.67 
151.01 193.63 177.02 175.26 176.04 174.31 161.93 173.49 163.19 150.26 130.38 155.1 195.62 174.93 172.84 165.07 157.4 182.96 193.95 152.7 169.36 164.77 175.4 181.27 177.02 168.83 157.97 156.97 180.08 134.52 
68.44 64.88 59.34 65.18 66.7 59.82 72.27 58.99 62.83 69.72 76.61 65.59 72.16 61.39 65.82 66.47 55.98 58.82 56.68 49.52 72.46 62.26 62.95 63.21 70.39 68.83 65.68 78.46 79.5 68.53 65.32 
84.53 64.29 71.54 70.95 65.89 59.2 73.35 69.06 73.71 70.27 74.97 77.86 70.37 71.87 78.75 90.02 65.73 77.13 60.71 72.92 73.46 76.42 71.14 72.5 73.2 75.12 69.71 65.14 87.51 73.78 
2.76 3.22 3.12 3.0 2.25 2.6 3.42 3.05 3.12 3.2 3.2 3.34 3.12 2.81 2.98 2.74 2.84 2.9 3.12 3.04 2.59 3.34 2.7 3.23 2.75 2.85 2.53 3.21 2.61 3.27 2.79 
