77.0 68.09 70.46 77.64 76.44 67.97 78.78 69.63 61.18 64.57 75.27 68.45 75.25 73.31 78.83 66.68 88.15 87.29 65.07 82.68 67.45 79.72 68.94 65.7 71.51 75.64 80.07 70.73 75.62 72.94 68.68 
47.45 33.47 39.8 44.17 45.54 43.18 44.21 48.27 46.86 39.54 39.76 36.74 44.14 40.62 41.88 38.29 40.17 37.06 38.47 32.76 40.98 40.15 39.35 32.93 38.08 37.16 41.64 39.65 
127.11 101.78 142.53 136.14 117.07 109.86 135.48 121.05 102.03 127.08 134.82 91.34 140.3 113.48 133.95 117.37 119.95 148.53 117.82 123.03 103.91 108.92 142.1 122.91 125.84 128.83 135.24 107.52 136.99 135.26 136.78 
175.85 151.15 148.11 152.62 180.6 162.89 138.01 155.29 125.56 141.48 152.24 148.84 157.58 136.7 137.78 173.97 139.76 154.66 189.5 159.51 132.38 141.71 140.39 138.59 176.63 170.77 163.18 149.26 135.63 183.7 
41.22 46.84 44.0 36.47 38.32 44.07 43.89 43.58 38.27 42.86 40.63 42.49 46.11 36.6 42.93 43.19 42.55 41.9 37.06 47.9 36.26 40.82 44.7 45.95 48.27 38.05 39.63 39.19 40.42 34.65 41.96 
107.92 118.36 119.97 113.06 99.13 107.14 98.78 110.74 108.31 93.58 112.41 123.19 125.28 110.99 110.7 100.44 114.94 106.93 90.97 102.23 112.04 111.56 110.77 117.43 110.83 100.28 116.61 106.77 116.21 115.65 
134.01 123.32 127.59 122.12 133.34 130.56 109.31 113.13 125.34 138.52 125.48 112.26 120.21 128.44 131.31 107.25 126.94 112.38 146.01 122.62 123.37 144.73 129.2 129.62 131.73 125.33 106.44 133.34 132.15 143.25 112.22 
43.52 49.76 45.06 42.26 39.79 49.04 44.14 54.1 58.31 55.96 39.91 56.45 49.59 45.55 42.58 48.12 61.35 42.28 46.08 51.82 46.68 36.5 50.4 54.32 45.97 49.25 49.94 43.27 48.31 44.14 46.01 
165.33 151.41 162.6 153.36 149.59 168.32 153.12 165.29 164.88 170.41 124.44 134.14 131.73 167.34 143.73 163.67 157.47 147.15 133.06 176.84 156.64 172.46 159.18 163.35 159.47 173.34 142.12 165.9 179.03 176.95 
25.92 28.99 28.57 24.56 24.29 18.98 24.86 18.71 25.21 25.15 24.18 22.52 26.19 23.81 24.78 26.4 26.04 27.49 25.71 24.74 28.61 22.83 21.33 25.5 25.07 20.27 27.52 33.52 22.91 27.43 29.19 
95.57 129.92 109.43 114.9 106.22 115.82 120.46 124.71 95.75 108.32 103.25 107.79 130.6 131.38 112.92 113.75 121.47 142.38 124.37 110.14 117.94 126.0 122.76 124.56 135.57 113.18 105.15 111.67 133.28 116.37 
31.19 39.79 31.35 37.62 35.7 28.15 31.24 29.97 22.24 31.37 34.77 28.27 32.83 30.31 32.72 33.51 35.62 30.83 31.86 31.34 30.22 31.83 26.41 30.82 33.38 27.05 31.43 33.92 30.15 28.75 30.31 
