0101 -3.1
0101 2.6
0102 0.4
0102 -0.7
0103 -4.5
0103 -2.3
0104 -5.9
0104 -1.1
0105 -2.1
0105 1.0
0106 -1.1
0106 1.0
0107 0.4
0107 2.6
0108 -2.5
0108 2.0
0109 -0.7
0109 1.6
0110 -2.5
0110 1.2
0111 -1.3
0111 4.8
0112 -0.9
0112 6.6
0113 5.2
0113 5.8
0114 3.0
0114 3.4
0115 0.2
0115 3.4
0116 2.6
0116 2.6
0117 -0.5
0117 -0.7
0118 -5.9
0118 1.2
0119 -2.9
0119 5.8
0120 5.6
0120 8.0
0121 4.8
0121 2.4
0122 2.0
0122 3.2
0123 1.6
0123 3.8
0124 2.2
0124 4.6
0125 -2.5
0125 3.6
0126 -1.1
0126 6.0
0127 1.2
0127 4.4
0128 -0.9
0128 8.6
0129 5.0
0129 9.0
0130 5.0
0130 12.8
0131 9.6
0131 11.8
0201 10.6
0201 8.6
0202 5.2
0202 6.2
0203 5.8
0203 9.4
0204 7.0
0204 5.8
0205 4.4
0205 4.4
0206 3.2
0206 3.8
0207 2.8
0207 -3.1
0208 -4.5
0208 -3.3
0209 -4.7
0209 -0.1
0210 -3.5
0210 4.0
0211 1.0
0211 5.0
0212 2.0
0212 3.8
0213 -0.1
0213 5.8
0214 4.2
0214 6.0
0215 4.8
0215 5.0
0216 0.6
0216 7.6
0217 6.8
0217 8.2
0218 6.0
0218 0.6
0219 -0.5
0219 0.4
0220 -1.1
0220 4.2
0221 2.8
0221 7.6
0222 2.6
0222 9.0
0223 2.8
0223 9.2
0224 4.2
0224 11.8
0225 9.6
0225 15.4
0226 11.4
0226 10.8
0227 8.0
0227 10.0
0228 8.0
0228 16.8
0301 6.0
0301 4.2
0302 0.2
0302 4.4
0303 -0.9
0303 10.0
0304 4.8
0304 13.4
0305 7.6
0305 15.2
0306 8.0
0306 19.6
0307 13.6
0307 19.0
0308 17.2
0308 23.2
0309 15.8
0309 24.2
0310 7.8
0310 7.8
0311 5.0
0311 9.2
0312 7.8
0312 16.4
0313 7.8
0313 6.2
0314 1.4
0314 7.2
0315 3.6
0315 11.6
0316 8.8
0316 11.6
0317 11.6
0317 11.4
0318 9.2
0318 17.0
0319 12.2
0321 2.8
0321 10.8
0322 10.2
0322 12.8
0323 8.4
0323 11.0
0324 10.4
0324 6.4
0325 2.8
0325 8.4
0326 6.0
0326 8.2
0327 7.4
0327 14.0
0328 8.8
0328 18.0
0329 9.0
0329 11.6
0330 6.8
0330 15.8
0331 7.8
0331 14.2
0401 9.4
0401 19.0
0402 9.4
0402 13.6
0403 8.4
0403 16.8
0404 11.0
0404 18.2
0405 15.4
0405 12.6
0406 8.8
0406 11.2
0407 5.4
0407 13.4
0408 10.0
0408 19.4
0409 10.8
0409 14.6
0410 7.8
0410 16.6
0411 8.6
0411 17.2
0412 11.8
0412 21.0
0413 14.8
0413 22.4
0414 18.4
0414 17.2
0415 14.6
0415 27.0
0416 19.6
0416 24.2
0417 12.2
0417 21.8
0418 15.2
0418 12.6
0419 9.6
0419 14.2
0420 8.0
0420 8.8
0421 7.2
0421 11.6
0422 9.6
0422 10.8
0423 11.6
0423 14.4
0424 11.8
0424 18.4
0425 12.2
0425 20.6
0426 14.8
0426 22.2
0427 17.2
0427 25.2
0428 19.6
0428 26.0
0429 21.2
0429 19.2
0430 14.2
0430 20.4
0501 16.6
0501 20.2
0502 15.2
0502 20.6
0503 15.4
0503 22.4
0504 16.8
0504 21.4
0505 16.6
0505 22.6
0506 17.0
0506 18.4
0507 18.0
0507 20.2
0508 17.8
0508 19.0
0509 18.6
0509 18.8
0510 18.0
0510 21.0
0511 18.8
0511 24.0
0512 20.2
0512 25.8
0513 20.4
0513 27.4
0514 20.8
0514 28.8
0515 22.6
0515 23.0
0516 17.6
0516 18.4
0517 17.8
0517 19.4
0518 20.0
0518 19.8
0519 19.4
0519 24.2
0520 22.4
0520 26.4
0521 21.4
0521 10.8
0522 10.2
0522 28.0
0523 23.2
0523 25.6
0524 23.4
0524 28.4
0525 24.0
0525 27.6
0526 22.6
0526 22.4
0527 22.6
0527 19.8
0528 21.4
0528 27.0
0529 23.4
0529 21.0
0530 15.2
0530 16.6
0531 17.0
0531 21.2
0601 20.2
0601 20.6
0602 18.8
0602 22.6
0603 20.0
0603 25.0
0604 21.0
0604 24.2
0605 22.8
0605 27.2
0606 24.0
0606 26.6
0607 20.6
0607 21.2
0608 19.4
0608 19.4
0609 19.8
0609 20.4
0610 21.2
0610 26.0
0611 19.4
0611 20.0
0612 18.6
0612 23.2
0613 19.8
0613 23.4
0614 21.4
0614 24.4
0615 22.6
0615 26.4
0616 25.0
0616 32.2
0617 28.8
0617 32.6
0618 29.6
0618 33.4
0619 26.6
0619 25.8
0620 23.8
0620 28.0
0621 23.4
0621 28.6
0622 25.0
0622 29.0
0623 24.4
0623 23.8
0624 22.8
0624 24.8
0625 24.4
0625 21.0
0626 21.6
0626 24.4
0627 23.0
0627 24.8
0628 22.4
0628 24.2
0629 22.8
0629 26.6
0630 24.6
0630 28.6
0701 26.2
0701 32.0
0702 31.0
0702 32.4
0703 29.6
0703 32.4
0704 31.2
0704 32.8
0705 30.4
0705 23.6
0706 22.6
0706 25.8
0707 24.2
0707 27.0
0708 28.2
0708 31.4
0709 29.6
0709 32.8
0710 29.4
0710 33.0
0711 31.4
0711 34.2
0712 29.6
0712 32.6
0713 28.6
0713 31.4
0714 29.0
0714 30.0
0715 28.0
0715 27.0
0716 28.0
0716 29.0
0717 28.2
0717 32.6
0718 28.8
0718 29.6
0719 28.2
0719 33.4
0720 29.8
0720 26.2
0721 26.0
0721 25.6
0722 26.0
0722 28.8
0723 29.0
0723 33.2
0724 30.6
0724 34.2
0725 29.6
0725 34.0
0726 30.4
0726 32.6
0727 30.6
0727 33.6
0728 30.4
0728 33.2
0729 31.2
0729 34.0
0730 31.0
0730 34.2
0731 30.2
0731 28.2
0801 28.6
0801 31.4
0802 29.2
0802 30.8
0803 30.0
0803 31.8
0804 29.6
0804 31.6
0805 30.0
0805 33.4
0806 30.6
0806 35.6
0807 32.0
0807 35.2
0808 31.4
0808 36.0
0809 31.8
0809 36.0
0810 33.2
0810 33.4
0811 30.8
0811 34.2
0812 30.0
0812 32.6
0813 29.0
0813 32.8
0814 30.4
0814 33.0
0815 30.6
0815 32.8
0816 29.4
0816 31.8
0817 29.0
0817 34.2
0818 28.6
0818 32.8
0819 28.6
0819 27.8
0820 28.0
0820 28.8
0821 28.4
0821 29.8
0822 29.4
0822 28.6
0823 27.8
0823 32.0
0824 28.8
0824 26.2
0825 27.2
0825 25.2
0826 24.0
0826 26.8
0827 25.6
0827 27.6
0828 26.4
0828 31.8
0829 29.8
0829 31.0
0830 27.0
0830 27.4
0831 21.8
0831 23.8
0901 21.8
0901 24.4
0902 22.0
0902 26.0
0903 23.8
0903 25.6
0904 21.6
0904 24.8
0905 18.0
0905 17.6
0906 17.8
0906 19.0
0907 19.8
0907 23.0
0908 22.2
0908 25.2
0909 23.0
0909 27.4
0910 25.2
0910 26.0
0911 24.4
0911 23.2
0912 24.0
0912 27.2
0913 24.0
0913 27.2
0914 23.8
0914 27.2
0915 23.8
0915 26.8
0916 22.4
0916 25.8
0917 22.2
0917 25.8
0918 22.0
0918 25.4
0919 22.8
0919 26.2
0920 23.4
0920 26.6
0921 23.8
0921 26.0
0922 24.8
0922 27.4
0923 25.8
0923 27.8
0924 23.8
0924 17.4
0925 16.4
0925 18.8
0926 17.2
0926 20.4
0927 19.0
0927 20.8
0928 17.6
0928 18.6
0929 15.4
0929 19.8
0930 18.8
0930 22.0
1001 17.6
1001 22.0
1002 19.6
1002 19.2
1003 15.6
1003 18.8
1004 17.2
1004 20.6
1005 18.0
1005 21.6
1006 19.6
1006 21.0
1007 21.8
1007 22.4
1008 20.2
1008 20.6
1009 16.2
1009 20.6
1010 18.8
1010 24.2
1011 19.2
1011 23.2
1012 17.8
1012 20.6
1013 17.6
1013 20.4
1014 18.6
1014 22.4
1015 15.2
1015 13.2
1016 10.2
1016 15.0
1017 13.6
1017 17.2
1018 16.2
1018 19.4
1019 17.4
1019 18.0
1020 15.4
1020 18.0
1021 13.2
1021 15.8
1022 13.2
1022 16.0
1023 12.8
1023 16.2
1024 15.0
1024 15.6
1025 9.6
1025 13.6
1026 10.0
1026 12.4
1027 9.6
1027 15.0
1028 12.0
1028 17.6
1029 14.2
1029 18.4
1030 17.4
1030 16.8
1031 15.6
1031 15.8
1101 15.8
1101 17.2
1102 15.6
1102 17.2
1103 15.8
1103 14.2
1104 10.6
1104 13.8
1105 11.4
1105 15.0
1106 12.0
1106 15.6
1107 10.0
1107 17.2
1108 13.4
1108 19.4
1109 17.2
1109 20.2
1110 13.6
1110 13.4
1111 11.4
1111 11.2
1112 10.4
1112 12.0
1113 9.8
1113 14.2
1114 13.0
1114 11.8
1115 7.2
1115 11.4
1116 6.8
1116 15.0
1117 6.8
1117 9.2
1118 5.6
1118 7.6
1119 2.6
1119 8.4
1120 4.8
1120 12.2
1121 10.0
1121 12.0
1122 10.0
1122 13.6
1123 11.8
1123 16.0
1124 13.6
1124 9.0
1125 5.8
1125 10.0
1126 3.4
1126 11.6
1127 9.4
1127 6.2
1128 -0.9
1128 5.4
1129 0.4
1129 5.4
1130 0.4
1130 10.2
1201 3.0
1201 6.2
1202 0.6
1202 9.0
1203 5.0
1203 12.8
1204 6.6
1204 9.6
1205 4.4
1205 12.0
1206 7.4
1206 9.0
1207 3.2
1207 7.4
1209 7.6
1209 6.0
1210 -1.1
1210 2.8
1211 2.8
1211 3.4
1212 -0.7
1212 7.8
1213 1.6
1213 7.0
1214 3.0
1214 8.0
1215 7.0
1215 9.0
1216 6.2
1216 4.8
1217 5.2
1217 5.6
1218 4.0
1219 1.6
1219 2.2
1220 -0.9
1220 0.6
1221 -3.3
1221 -0.5
1222 -3.9
1222 1.2
1223 -1.5
1223 2.8
1224 -1.3
1224 2.4
1225 0.4
1225 4.2
1226 3.2
1226 1.0
1227 -5.1
1227 -1.3
1228 -5.1
1228 2.0
1229 -4.1
1229 3.0
1230 -3.7
1230 6.6
1231 2.2
1231 9.0
0101 7.6
0102 0.6
0102 11.8
0103 7.6
0103 10.4
0104 4.8
0104 6.0
0105 -0.7
0105 7.6
0106 2.4
0106 9.4
0107 7.4
0107 8.0
0108 5.6
0108 3.2
0109 -1.1
0109 2.8
0110 -0.9
0111 3.8
0111 4.6
0112 4.2
0112 5.8
0113 1.4
0113 2.2
0114 -0.3
0114 2.8
0115 -0.9
0115 2.8
0116 1.4
0116 6.4
0117 1.8
0117 8.2
0118 2.0
0118 2.4
0119 -1.5
0119 6.8
0120 3.2
0120 5.0
0121 -1.5
0121 1.6
0122 -5.1
0122 3.0
0123 -2.3
0123 6.2
0124 0.8
0124 11.8
0125 9.0
0125 8.4
0126 3.4
0126 6.0
0127 1.2
0127 8.0
0128 4.4
0128 8.0
0129 5.4
0129 7.8
0130 6.2
0130 11.4
0131 8.4
0131 13.4
0201 10.4
0201 12.0
0202 9.8
0202 12.8
0203 9.2
0203 3.4
0204 -0.3
0204 3.6
0205 0.4
0205 3.8
0206 3.2
0206 4.4
0207 1.0
0207 0.4
0208 -0.3
0208 0.8
0209 -0.5
0209 -1.7
0210 -4.9
0210 -2.3
0211 -5.3
0211 0.0
0212 -3.7
0212 3.4
0213 -0.1
0213 3.6
0214 -1.1
0214 3.4
0215 -0.3
0215 5.8
0216 4.4
0216 6.4
0217 5.6
0217 4.8
0218 0.2
0218 0.2
0219 0.2
0219 3.6
0220 -1.7
0220 4.6
0221 1.2
0221 6.2
0222 3.2
0222 8.8
0223 4.2
0223 9.6
0224 6.4
0224 9.4
0225 8.4
0225 10.6
0226 9.0
0226 10.6
0227 9.4
0227 10.6
0228 6.8
0228 6.6
0301 3.8
0301 4.8
0302 3.0
0302 7.8
0303 3.4
0303 10.8
0304 7.6
0304 -68.5
0305 4.0
0305 8.0
0306 4.8
0306 5.4
0307 2.4
0307 -63.3
0308 6.2
0309 1.4
0309 11.0
0310 4.2
0310 11.0
0311 6.0
0311 14.4
0312 11.2
0312 8.4
0313 5.4
0313 8.6
0314 3.4
0314 14.6
0315 6.6
0315 16.8
0316 8.8
0316 18.0
0317 16.2
0317 21.0
0318 13.0
0318 17.4
0320 8.4
0320 10.8
0321 5.0
0321 12.8
0322 6.4
0322 14.2
0323 9.4
0323 16.6
0324 12.2
0324 17.8
0325 13.8
0325 19.0
0326 14.6
0326 18.6
0327 11.6
0327 18.8
0328 14.4
0328 20.2
0329 17.4
0329 16.4
0330 11.8
0330 16.6
0331 12.0
0331 15.8
0401 9.0
0401 16.4
0402 12.6
0402 17.2
0403 14.4
0403 17.0
0404 9.6
0404 17.6
0405 13.0
0406 8.8
0406 14.6
0407 12.4
0407 19.2
0408 15.8
0408 18.4
0409 15.4
0409 20.8
0410 16.2
0410 22.4
0411 16.6
0411 15.6
0412 14.4
0412 14.2
0413 13.2
0413 15.6
0414 12.6
0414 17.6
0415 13.6
0415 18.6
0416 13.6
0416 17.0
0417 14.6
0417 17.8
0418 15.6
0418 15.0
0419 13.6
0419 14.2
0420 13.6
0420 16.0
0421 13.2
0421 13.2
0422 12.8
0422 17.6
0423 13.8
0423 18.0
0424 14.6
0424 19.8
0425 18.6
0425 17.2
0426 16.8
0426 17.8
0427 16.0
0427 15.4
0428 15.2
0428 18.6
0429 15.2
0429 18.8
0430 16.2
0430 21.6
0501 17.2
0501 25.2
0502 21.0
0502 21.6
0503 16.6
0503 18.4
0504 15.4
0504 16.4
0505 14.4
0505 18.6
0506 14.0
0506 19.2
0507 16.0
0507 25.2
0508 21.0
0508 22.4
0509 16.6
0509 20.8
0510 17.6
0510 19.4
0511 19.8
0511 19.0
0512 16.8
0512 23.8
0513 20.6
0513 21.4
0514 20.6
0514 24.4
0515 20.0
0515 22.8
0516 18.8
0516 25.0
0517 19.2
0517 21.2
0518 18.6
0518 20.0
0519 17.0
0519 20.0
0520 19.4
0520 26.4
0521 21.6
0521 26.0
0522 22.6
0522 23.8
0523 22.0
0523 25.8
0524 23.0
0524 24.2
0525 23.4
0525 25.6
0526 25.2
0526 28.4
0527 23.0
0527 28.4
0528 24.8
0528 31.2
0529 25.2
0529 32.2
0530 25.6
0530 30.2
0531 25.2
0531 25.6
0601 23.2
0601 24.2
0602 20.6
0602 20.8
0603 20.4
0603 23.2
0604 21.8
0604 25.2
0605 21.8
0605 26.8
0606 22.8
0606 27.8
0607 23.2
0607 28.0
0608 23.6
0608 27.6
0609 22.2
0609 26.6
0610 22.6
0610 28.2
0611 22.2
0611 28.0
0612 24.0
0612 27.0
0613 24.0
0613 30.0
0614 26.0
0614 31.0
0615 24.4
0615 24.4
0616 22.8
0616 20.8
0617 20.6
0617 23.4
0618 21.4
0618 24.4
0619 21.8
0619 27.0
0620 23.2
0620 24.6
0621 22.8
0621 24.0
0622 22.2
0622 26.0
0623 22.4
0623 26.2
0624 22.8
0624 28.6
0625 23.2
0625 20.0
0626 20.6
0626 21.6
0627 21.6
0627 24.8
0628 23.0
0628 27.0
0629 23.6
0629 27.6
0630 25.2
0630 25.6
0701 22.6
0701 22.0
0702 22.0
0702 25.2
0703 23.2
0703 27.8
0704 24.0
0704 21.4
0705 20.2
0705 22.0
0706 22.2
0706 26.4
0707 23.0
0707 27.0
0708 24.0
0708 27.6
0709 24.4
0709 28.8
0710 26.6
0710 31.2
0711 28.2
0711 32.4
0712 28.0
0712 23.4
0713 23.0
0713 25.8
0714 23.8
0714 28.6
0715 26.0
0715 25.6
0716 24.0
0716 25.4
0717 24.2
0717 29.2
0718 27.6
0718 29.6
0719 28.0
0719 31.6
0720 28.6
0720 33.2
0721 28.8
0721 33.6
0722 29.2
0722 33.0
0723 28.0
0723 32.6
0724 28.0
0724 26.8
0725 25.4
0725 26.4
0726 24.8
0726 27.6
0727 25.2
0727 23.4
0728 23.8
0728 28.4
0729 25.6
0729 31.2
0730 28.2
0730 31.8
0731 26.8
0731 25.6
0801 27.4
0801 25.6
0802 25.8
0802 29.2
0803 27.4
0803 32.0
0804 28.8
0804 32.6
0805 29.6
0805 33.2
0806 29.2
0806 28.0
0807 27.8
0807 24.0
0808 22.2
0808 24.2
0809 24.0
0809 24.0
0810 25.6
0811 24.2
0811 25.4
0812 24.2
0812 25.4
0813 21.6
0813 21.6
0814 21.8
0814 23.2
0815 22.2
0815 26.4
0816 23.4
0816 25.0
0817 19.6
0817 22.0
0818 22.0
0818 23.2
0819 22.2
0819 24.4
0820 22.6
0820 25.2
0821 21.8
0821 26.8
0822 24.0
0822 29.2
0823 26.6
0823 27.2
0824 25.4
0824 24.6
0825 23.6
0825 26.6
0826 24.2
0826 26.2
0827 20.8
0827 20.6
0828 21.0
0828 23.2
0829 22.2
0829 24.2
0830 22.4
0830 26.0
0831 22.6
0831 24.0
0901 22.8
0901 23.8
0902 22.8
0902 23.8
0903 22.6
0903 23.0
0904 20.8
0904 24.4
0905 22.2
0905 25.8
0906 23.8
0906 26.8
0907 23.2
0907 27.2
0908 24.2
0908 25.4
0909 24.0
0909 26.0
0910 23.8
0910 24.0
0911 21.8
0911 23.4
0912 20.8
0912 18.2
0913 20.4
0913 22.4
0914 22.0
0914 24.2
0915 22.4
0915 24.2
0916 21.6
0916 23.8
0917 22.0
0917 23.6
0918 18.4
0918 18.8
0919 17.0
0919 20.6
0920 18.0
0920 21.8
0921 20.8
0921 23.6
0922 23.2
0923 21.2
0923 22.6
0924 21.8
0924 23.4
0925 21.4
0925 24.0
0926 21.4
0926 23.6
0927 22.4
0927 26.0
0928 23.2
0928 25.8
0929 22.4
0929 21.2
0930 19.0
0930 18.0
1001 16.4
1001 20.6
1002 19.6
1002 21.4
1003 17.6
1003 21.2
1004 15.4
1004 20.0
1005 16.8
1005 20.8
1006 16.8
1006 17.4
1007 16.0
1007 17.8
1008 16.4
1008 19.6
1009 17.4
1009 19.2
1010 18.4
1010 21.2
1011 17.6
1011 21.4
1012 18.6
1012 21.2
1013 14.4
1013 17.2
1014 11.8
1014 15.0
1015 10.4
1015 17.8
1016 14.8
1016 19.0
1017 16.8
1017 20.4
1018 16.4
1018 19.6
1019 17.8
1019 22.2
1020 19.2
1020 23.8
1021 19.8
1021 16.0
1022 13.2
1022 16.4
1023 12.8
1023 18.2
1024 14.4
1024 18.8
1025 15.2
1025 19.2
1026 15.6
1026 21.6
1027 17.6
1027 16.2
1028 12.6
1028 17.6
1029 14.8
1029 17.2
1030 16.2
1030 17.6
1031 16.8
1031 17.4
1101 16.8
1101 17.0
1102 13.6
1102 13.8
1103 6.6
1103 10.0
1104 8.6
1104 13.4
1105 9.8
1105 13.0
1106 11.4
1106 14.6
1107 11.8
1107 14.4
1108 10.0
1108 10.8
1109 10.8
1109 12.6
1110 11.6
1110 14.0
1111 11.4
1111 13.8
1112 10.8
1112 11.8
1113 6.2
1113 9.2
1114 6.0
1114 11.2
1115 9.6
1115 13.2
1116 9.2
1116 12.4
1117 7.2
1117 9.0
1118 3.2
1118 9.8
1119 7.2
1119 10.6
1120 4.6
1120 13.0
1121 10.6
1121 15.0
1122 13.2
1122 17.0
1123 15.2
1123 17.4
1124 13.4
1124 10.8
1125 10.0
1125 11.0
1126 10.4
1126 10.8
1127 10.4
1127 13.4
1128 11.0
1128 10.8
1129 10.8
1129 13.8
1130 11.6
1130 10.6
1201 5.4
1201 2.4
1202 -1.5
1202 2.6
1203 3.8
1203 2.6
1204 0.2
1204 4.2
1205 -2.7
1205 2.4
1206 -1.3
1206 5.0
1207 5.0
1207 7.6
1208 1.6
1208 6.0
1209 5.4
1209 7.4
1210 7.0
1210 5.2
1211 4.0
1211 4.6
1212 0.8
1212 5.0
1213 -2.5
1213 3.6
1214 -1.5
1214 5.0
1215 0.4
1215 8.2
1216 2.0
1216 2.2
1217 -2.3
1217 1.2
1218 -2.7
1218 5.4
1219 4.0
1219 6.0
1220 1.4
1220 3.4
1221 2.0
1221 3.0
1222 -4.1
1222 3.2
1223 0.6
1223 7.2
1224 2.0
1224 6.2
1225 0.6
1225 5.2
1226 1.0
1226 5.0
1227 3.4
1227 6.4
1228 1.4
1228 8.6
1229 1.0
1229 10.2
1230 1.4
1230 9.4
1231 7.6
1231 3.4
0101 0.6
0102 -4.9
0102 5.0
0103 2.8
0103 8.2
0104 1.8
0104 11.6
0105 7.8
0105 11.8
0106 6.8
0106 2.0
0107 1.2
0107 3.6
0108 -1.5
0108 4.2
0109 -0.5
0109 7.0
0110 0.0
0110 7.6
0111 1.0
0111 9.8
0112 2.4
0112 6.0
0113 4.2
0113 5.6
0114 4.8
0114 6.4
0115 5.8
0115 6.2
0116 5.4
0116 6.0
0117 0.2
0117 3.0
0118 0.6
0118 8.2
0119 0.4
0119 7.8
0120 4.2
0120 8.8
0121 3.0
0121 6.6
0122 0.8
0122 3.0
0123 -0.5
0123 7.4
0124 4.4
0124 11.2
0125 8.4
0125 7.0
0126 5.6
0126 7.4
0127 4.2
0127 0.8
0128 -0.7
0128 0.8
0129 0.4
0129 0.2
0130 -0.7
0130 1.8
0131 0.0
0131 2.2
0201 0.8
0202 -0.3
0202 4.0
0203 3.8
0203 5.0
0204 0.6
0204 5.8
0205 -0.7
0205 5.0
0206 -1.5
0206 4.8
0207 -0.1
0207 9.6
0208 -0.9
0208 1.2
0209 -3.9
0209 2.4
0210 -3.1
0210 7.0
0211 0.6
0211 12.2
0212 3.0
0212 8.6
0213 3.8
0213 9.6
0214 4.4
0214 14.0
0215 10.6
0215 14.4
0216 11.0
0216 12.2
0217 5.2
0217 10.6
0218 5.6
0218 7.8
0219 1.2
0219 8.4
0220 5.6
0220 7.6
0221 6.4
0221 6.6
0222 4.0
0222 7.4
0223 3.8
0223 7.6
0224 6.0
0224 8.2
0225 7.2
0225 9.4
0226 8.4
0226 9.0
0227 5.6
0227 3.0
0228 2.2
0228 3.6
0301 2.0
0301 7.4
0302 2.6
0302 9.6
0303 8.4
0303 7.8
0304 1.6
0304 4.2
0305 2.2
0305 2.8
0306 2.8
0306 6.0
0307 4.8
0307 8.2
0308 4.6
0308 8.2
0309 7.6
0309 6.0
0310 0.0
0310 5.0
0311 1.4
0311 9.0
0312 3.4
0312 14.0
0313 6.4
0313 14.2
0314 8.6
0314 9.0
0315 10.0
0315 11.8
0316 10.8
0316 13.6
0317 12.4
0317 13.4
0318 11.6
0318 10.4
0319 8.8
0319 12.6
0320 9.2
0320 11.0
0321 9.2
0321 17.0
0322 10.0
0322 16.4
0323 8.8
0323 11.8
0324 7.0
0324 11.8
0325 7.8
0325 12.6
0326 7.8
0326 13.4
0327 10.8
0327 12.4
0328 8.8
0328 18.6
0329 12.2
0329 19.2
0330 15.6
0330 18.6
0331 17.4
0331 25.8
0401 21.0
0401 17.0
0402 17.6
0402 13.2
0403 9.6
0403 12.6
0404 10.2
0404 12.2
0405 11.4
0405 10.0
0406 9.4
0406 8.2
0407 6.8
0407 3.2
0408 3.6
0408 9.8
0409 6.4
0409 12.4
0410 7.2
0410 14.6
0411 10.2
0411 15.6
0412 12.0
0412 12.6
0413 8.8
0413 9.0
0414 8.2
0414 16.0
0415 13.0
0415 19.6
0416 17.2
0416 17.4
0417 15.0
0417 19.0
0418 16.0
0418 23.6
0419 18.0
0419 13.4
0420 11.4
0420 14.8
0421 10.4
0421 17.4
0422 12.8
0422 21.2
0423 17.0
0423 22.0
0424 17.6
0424 22.4
0425 15.8
0425 23.0
0426 18.0
0426 22.4
0427 18.0
0427 25.6
0428 21.2
0428 27.8
0429 17.4
0429 18.4
0430 17.0
0430 22.6
0501 17.8
0501 23.6
0502 18.6
0502 18.0
0503 16.6
0503 22.2
0504 19.6
0504 18.2
0505 15.8
0505 20.8
0506 18.0
0506 20.2
0507 17.0
0507 24.8
0508 20.2
0508 19.6
0509 17.6
0509 20.0
0510 17.6
0510 21.0
0511 19.2
0511 14.6
0512 15.8
0512 22.4
0513 18.0
0513 27.2
0514 24.8
0514 27.0
0515 22.4
0515 18.0
0516 16.6
0516 21.6
0517 18.0
0517 22.8
0518 19.8
0518 23.6
0519 21.8
0519 26.2
0520 21.8
0520 22.2
0521 18.2
0521 21.6
0522 18.2
0522 23.2
0523 20.0
0523 22.4
0524 21.0
0524 24.0
0525 20.6
0525 25.6
0526 20.6
0526 24.2
0527 18.6
0527 20.8
0528 20.0
0528 24.8
0529 21.4
0529 20.6
0530 21.0
0530 23.4
0531 20.4
0531 25.6
0601 21.6
0601 28.2
0602 23.6
0602 20.8
0603 20.6
0603 21.6
0604 19.6
0604 21.4
0605 18.6
0605 26.6
0606 22.6
0606 27.4
0607 22.4
0607 23.6
0608 21.6
0608 25.0
0609 22.4
0609 24.8
0610 22.2
0610 26.4
0611 25.4
0611 29.0
0612 25.4
0612 30.4
0613 25.8
0613 29.2
0614 26.6
0614 30.6
0615 24.6
0615 23.8
0616 19.6
0616 20.2
0617 20.2
0617 20.0
0618 20.6
0618 24.6
0619 22.0
0619 25.6
0620 22.8
0620 26.2
0621 21.8
0621 22.6
0622 21.0
0623 22.8
0623 25.4
0624 22.6
0624 25.8
0625 25.8
0625 26.2
0626 22.0
0626 23.2
0627 21.8
0627 21.0
0628 20.6
0628 22.4
0629 22.2
0629 27.0
0630 25.6
0630 21.4
0701 22.0
0701 26.8
0702 23.2
0702 28.4
0703 24.2
0703 27.2
0704 23.2
0704 22.8
0705 20.6
0705 23.2
0706 19.0
0706 17.6
0707 19.4
0707 23.8
0708 21.2
0708 21.6
0709 21.2
0709 24.6
0710 24.8
0710 28.8
0711 25.4
0711 25.8
0712 24.4
0712 28.8
0713 25.0
0713 30.6
0714 26.4
0714 30.8
0715 26.4
0715 29.8
0716 25.4
0716 27.2
0717 23.2
0717 24.2
0718 24.0
0718 26.2
0719 24.4
0719 22.2
0720 24.0
0720 27.2
0721 25.4
0721 28.0
0722 25.4
0722 28.8
0723 26.4
0723 25.0
0724 25.0
0724 26.6
0725 25.8
0725 28.2
0726 25.8
0726 29.4
0727 28.2
0727 32.4
0728 29.4
0728 33.4
0729 29.4
0729 33.0
0730 28.2
0730 32.2
0731 29.2
0731 32.6
0801 27.8
0801 32.8
0802 29.8
0802 33.8
0803 30.6
0803 34.0
0804 30.0
0804 33.8
0805 30.2
0805 33.2
0806 29.0
0806 28.4
0807 28.0
0807 27.6
0808 27.8
0808 27.8
0809 26.6
0809 26.0
0810 25.6
0810 25.6
0811 24.2
0811 26.0
0812 24.4
0812 28.0
0813 24.8
0813 25.8
0814 25.0
0814 27.4
0815 25.2
0815 29.0
0816 25.4
0816 28.0
0817 24.6
0817 27.8
0818 24.0
0818 27.4
0819 25.2
0819 28.2
0820 23.4
0820 24.2
0821 24.0
0821 25.6
0822 24.8
0823 22.8
0823 25.8
0824 23.8
0824 24.2
0825 23.2
0825 27.2
0826 24.2
0826 25.8
0827 23.4
0827 24.0
0828 22.8
0828 27.0
0829 24.4
0829 27.6
0830 24.6
0830 26.8
0831 24.0
0831 25.4
0901 23.8
0901 26.6
0902 23.2
0902 25.4
0903 22.6
0903 26.2
0904 23.6
0904 28.2
0905 25.2
0905 25.2
0906 22.4
0906 24.8
0907 22.8
0907 24.8
0908 23.4
0908 24.8
0909 22.2
0909 24.2
0910 22.2
0910 24.8
0911 22.0
0911 24.0
0912 20.8
0912 22.2
0913 18.4
0913 21.0
0914 19.6
0914 22.8
0915 18.6
0915 20.8
0916 19.6
0916 23.0
0917 19.6
0917 22.4
0918 20.8
0918 24.2
0919 22.0
0919 24.4
0920 20.8
0920 22.4
0921 20.4
0921 23.6
0922 20.6
0922 24.0
0923 21.2
0923 23.8
0924 20.2
0924 24.2
0925 21.6
0925 23.6
0926 20.8
0926 24.4
0927 19.6
0927 23.6
0928 20.8
0928 25.2
0929 22.2
0929 20.4
0930 22.8
0930 26.0
1001 20.6
1001 20.0
1002 14.6
1002 18.6
1003 16.4
1003 20.2
1004 20.2
1004 20.6
1005 18.4
1005 19.8
1006 19.4
1006 20.4
1007 19.6
1007 19.4
1008 17.6
1008 18.6
1009 16.2
1009 18.6
1010 13.0
1010 17.2
1011 10.8
1011 17.0
1012 11.8
1012 16.2
1013 12.2
1013 17.8
1014 14.6
1014 18.2
1015 13.6
1015 20.0
1016 15.0
1016 20.2
1017 17.0
1017 19.2
1018 16.4
1018 20.0
1019 16.6
1019 20.4
1020 17.8
1020 19.6
1021 18.0
1021 21.0
1022 17.0
1022 21.2
1023 18.4
1023 20.2
1024 17.0
1024 22.2
1025 18.6
1025 20.0
1026 17.2
1026 18.0
1027 13.6
1027 14.0
1028 10.6
1028 15.0
1029 13.2
1029 16.0
1030 14.4
1030 14.6
1031 11.8
1031 13.8
1101 10.8
1101 13.2
1102 7.0
1102 13.0
1103 9.4
1103 14.4
1104 13.6
1104 16.4
1105 16.0
1105 19.0
1106 18.4
1106 24.2
1107 12.6
1107 9.4
1108 9.2
1108 9.8
1109 9.6
1109 10.8
1110 7.6
1110 12.2
1111 11.8
1111 13.4
1112 13.0
1112 13.4
1113 12.6
1113 13.4
1114 10.8
1114 14.6
1115 12.6
1115 16.6
1116 14.4
1116 15.0
1117 12.2
1117 13.8
1118 12.8
1118 11.4
1119 10.6
1119 11.0
1120 11.4
1120 14.0
1121 14.0
1121 14.4
1122 15.0
1122 16.4
1123 11.2
1123 12.2
1124 9.0
1124 2.6
1125 1.6
1125 2.8
1126 -1.3
1126 0.2
1127 -4.1
1127 3.6
1128 2.0
1128 10.0
1129 7.8
1129 10.8
1130 4.4
1130 13.0
1201 11.6
1201 14.2
1202 10.6
1202 10.0
1203 4.8
1203 6.4
1204 -0.1
1204 6.8
1205 5.0
1205 4.8
1206 3.8
1206 6.0
1207 2.6
1207 8.0
1208 5.2
1208 10.0
1209 8.8
1209 10.0
1210 9.6
1210 11.6
1211 7.8
1211 5.6
1212 1.4
1212 6.0
1213 5.8
1213 7.4
1214 5.2
1214 8.2
1215 6.0
1215 7.2
1216 1.4
1216 3.6
1217 -1.9
1217 0.2
1218 -4.1
1218 2.6
1219 2.0
1219 7.4
1220 5.2
1220 5.0
1221 -0.3
1221 7.0
1222 6.6
1222 9.4
1223 7.2
1223 8.4
1224 8.0
1224 8.0
1225 6.2
1225 7.0
1226 1.0
1226 7.8
1227 6.4
1227 4.8
1228 2.2
1228 4.4
1229 1.4
1229 4.6
1230 -0.3
1230 8.4
1231 -0.1
1231 4.0
