0101 15.8
0101 16.0
0102 16.4
0102 19.4
0103 19.8
0103 18.0
0104 17.2
0104 15.0
0105 15.8
0105 13.6
0106 15.0
0106 14.0
0107 14.4
0107 16.2
0108 14.8
0108 18.2
0109 15.2
0109 13.6
0110 15.0
0110 15.4
0111 16.2
0111 15.2
0112 14.4
0112 15.0
0113 12.4
0113 15.8
0114 12.4
0114 18.0
0115 16.8
0115 18.4
0116 18.6
0116 20.8
0117 17.8
0117 19.0
0118 17.0
0118 17.2
0119 16.8
0119 18.6
0120 16.4
0120 20.2
0121 19.8
0121 19.8
0122 19.8
0122 20.0
0123 19.0
0123 20.4
0124 17.6
0124 21.4
0125 19.2
0125 19.8
0126 19.4
0126 21.6
0127 18.8
0127 17.8
0128 19.2
0128 20.2
0129 19.2
0129 21.4
0130 20.2
0130 22.0
0131 18.6
0131 21.0
0201 19.0
0201 21.8
0202 18.4
0202 21.0
0203 21.0
0203 21.2
0204 21.4
0204 20.8
0205 21.4
0205 23.0
0206 21.2
0206 24.4
0207 20.8
0207 24.0
0208 21.8
0208 21.0
0209 16.8
0209 16.4
0210 17.0
0210 18.8
0211 19.2
0211 21.8
0212 18.8
0212 20.6
0213 17.6
0213 19.0
0214 17.4
0214 21.2
0215 21.0
0215 20.0
0216 18.8
0216 22.4
0217 19.0
0217 23.0
0218 21.0
0218 25.2
0219 21.0
0219 22.8
0220 20.2
0220 18.4
0221 19.4
0221 20.0
0222 19.4
0222 18.6
0223 16.2
0223 18.6
0224 19.0
0224 18.6
0225 20.2
0225 22.2
0226 21.4
0226 22.2
0227 22.2
0227 24.6
0228 22.2
0228 25.2
0301 23.0
0301 26.4
0302 23.8
0302 20.0
0303 15.8
0303 15.0
0304 15.8
0304 17.0
0305 18.0
0305 18.6
0306 17.0
0306 20.4
0307 20.2
0307 21.8
0308 17.2
0308 22.4
0309 17.0
0309 22.8
0310 19.0
0310 25.4
0311 20.4
0311 24.2
0312 20.4
0312 24.4
0313 22.0
0313 23.6
0314 22.2
0314 22.6
0315 22.0
0315 23.0
0316 22.0
0316 24.0
0317 21.2
0317 25.2
0318 22.0
0318 28.4
0319 24.6
0319 28.4
0320 24.4
0320 27.0
0321 24.0
0321 26.2
0322 24.0
0322 26.4
0323 23.8
0323 27.6
0324 22.6
0324 25.4
0325 24.6
0325 27.4
0326 25.6
0326 28.4
0327 22.8
0327 22.2
0328 24.2
0328 26.8
0329 22.6
0329 24.2
0330 23.6
0330 24.0
0331 21.2
0331 23.8
0401 23.4
0401 24.2
0402 24.2
0402 24.0
0403 23.4
0403 25.8
0404 25.0
0404 29.8
0405 26.6
0405 29.8
0406 26.0
0406 21.0
0407 19.0
0407 19.6
0408 21.6
0408 21.6
0409 22.0
0409 22.2
0410 21.4
0410 20.2
0411 21.0
0411 19.2
0412 18.2
0412 17.8
0413 19.6
0413 20.0
0414 20.4
0414 22.2
0415 21.4
0415 24.2
0416 22.8
0416 26.6
0417 23.6
0417 26.0
0418 25.0
0418 28.2
0419 25.8
0419 25.8
0420 26.4
0420 29.6
0421 25.8
0421 28.0
0422 26.0
0422 28.0
0423 25.2
0423 28.6
0424 26.0
0424 27.6
0425 26.0
0425 29.8
0426 22.6
0426 24.6
0427 24.8
0427 26.2
0428 25.0
0428 26.6
0429 25.4
0429 25.2
0430 25.0
0430 23.8
0501 23.8
0501 24.0
0502 23.6
0502 22.6
0503 23.8
0503 22.0
0504 23.8
0504 23.4
0505 24.0
0505 25.4
0506 24.8
0506 25.8
0507 25.2
0507 25.0
0508 25.0
0508 26.8
0509 25.0
0509 28.0
0510 26.4
0510 26.8
0511 26.0
0511 26.0
0512 24.4
0512 27.6
0513 25.8
0513 29.8
0514 26.6
0514 32.2
0515 27.8
0515 29.8
0516 28.0
0516 28.4
0517 27.8
0517 32.0
0518 28.0
0518 29.0
0519 28.0
0519 31.2
0520 28.4
0520 25.8
0521 26.8
0521 26.6
0522 27.2
0522 26.0
0523 25.8
0523 28.6
0524 26.0
0524 27.8
0525 26.8
0525 24.2
0526 26.8
0526 26.8
0527 27.2
0527 30.4
0528 27.8
0528 32.0
0529 27.8
0529 25.6
0530 26.8
0530 27.2
0531 26.0
0531 29.2
0601 27.0
0601 31.2
0602 27.2
0602 26.2
0603 26.0
0603 24.8
0604 26.0
0604 28.6
0605 27.8
0605 25.6
0606 27.4
0606 28.6
0607 27.2
0607 31.0
0608 27.2
0608 30.6
0609 27.8
0609 31.8
0610 29.2
0610 27.0
0611 24.6
0611 24.2
0612 25.2
0612 26.0
0613 25.0
0613 27.4
0614 26.6
0614 27.0
0615 25.4
0615 26.2
0616 25.8
0616 26.0
0617 26.4
0617 26.0
0618 26.0
0618 29.8
0619 27.2
0619 30.8
0620 28.0
0620 29.6
0621 26.8
0621 29.0
0622 27.6
0622 27.0
0623 25.8
0623 29.4
0624 27.8
0624 30.8
0625 26.8
0625 30.2
0626 27.2
0626 30.6
0627 26.8
0627 31.0
0628 28.0
0628 26.8
0629 27.8
0629 26.6
0630 27.8
0630 30.8
0701 26.0
0701 28.2
0702 24.6
0702 29.2
0703 26.4
0703 30.0
0704 26.8
0704 30.4
0705 26.4
0705 30.6
0706 26.8
0706 28.4
0707 26.2
0707 27.6
0708 26.6
0708 30.2
0709 26.6
0709 24.8
0710 26.0
0710 25.2
0711 25.8
0711 25.8
0712 25.4
0712 30.0
0713 26.4
0713 30.8
0714 27.0
0714 25.8
0715 26.2
0715 24.6
0716 26.2
0716 26.4
0717 25.6
0717 28.2
0718 25.8
0718 28.8
0719 26.2
0719 29.0
0720 26.6
0720 29.6
0721 27.6
0721 28.6
0722 25.6
0722 28.6
0723 27.0
0723 25.6
0724 25.0
0724 24.8
0725 24.6
0725 24.8
0726 25.2
0726 27.2
0727 26.4
0727 25.6
0728 24.4
0728 25.0
0729 25.8
0729 29.2
0730 26.2
0730 28.6
0731 26.0
0731 29.2
0801 26.8
0801 28.4
0802 26.0
0802 26.6
0803 26.6
0803 29.0
0804 26.6
0804 29.8
0805 26.6
0805 29.8
0806 26.4
0806 29.0
0807 26.0
0807 26.2
0808 25.6
0808 26.6
0809 26.2
0809 25.4
0810 24.8
0810 29.4
0811 26.2
0811 29.2
0812 27.6
0812 29.4
0813 26.8
0813 24.4
0814 25.8
0814 26.4
0815 23.8
0815 27.8
0816 26.2
0816 28.6
0817 26.0
0817 28.8
0818 25.8
0818 26.8
0819 27.6
0819 26.0
0820 26.2
0820 25.2
0821 25.0
0821 29.0
0822 26.0
0822 29.0
0823 25.6
0823 26.6
0824 26.0
0824 28.8
0825 25.4
0825 29.8
0826 27.0
0826 29.2
0827 26.6
0827 29.0
0828 25.2
0828 30.4
0829 25.8
0829 29.6
0830 26.6
0830 29.4
0831 25.8
0831 25.0
0901 25.6
0901 26.4
0902 25.0
0902 27.8
0903 26.4
0903 29.4
0904 26.6
0904 25.6
0905 25.8
0905 23.8
0906 25.0
0906 27.8
0907 27.0
0907 26.4
0908 27.0
0908 25.4
0909 25.4
0909 28.2
0910 26.2
0910 26.8
0911 26.2
0911 26.8
0912 25.2
0912 27.0
0913 26.2
0913 27.8
0914 25.4
0914 27.2
0915 26.0
0915 28.2
0916 26.8
0916 27.8
0917 26.8
0917 27.6
0918 25.8
0918 25.2
0919 25.6
0919 25.2
0920 25.4
0920 27.4
0921 25.2
0921 27.2
0922 26.4
0922 28.0
0923 26.8
0923 27.8
0924 26.8
0924 27.8
0925 26.4
0925 25.0
0926 26.6
0926 27.6
0927 25.6
0927 26.6
0928 25.6
0928 27.6
0929 25.6
0929 25.6
0930 25.4
0930 26.4
1001 25.2
1001 26.4
1002 26.4
1002 26.8
1003 23.8
1003 26.6
1004 25.0
1004 26.2
1005 23.0
1005 26.2
1006 22.2
1006 26.2
1007 23.6
1007 26.2
1008 23.4
1008 26.8
1009 24.4
1009 26.0
1010 25.8
1010 24.8
1011 25.0
1011 27.2
1012 23.8
1012 27.0
1013 25.4
1013 27.0
1014 26.8
1014 26.2
1015 25.8
1015 26.4
1016 23.0
1016 25.8
1017 24.0
1017 25.2
1018 24.2
1018 25.6
1019 24.4
1019 25.2
1020 23.0
1020 25.0
1021 23.8
1021 25.2
1022 24.4
1022 25.0
1023 23.2
1023 25.2
1024 22.4
1024 24.2
1025 23.0
1025 23.6
1026 21.6
1026 23.2
1027 21.6
1027 23.8
1028 23.8
1028 23.4
1029 21.6
1029 24.6
1030 23.2
1030 25.4
1031 21.6
1031 25.0
1101 21.8
1101 24.6
1102 21.8
1102 25.2
1103 22.4
1103 24.8
1104 23.2
1104 24.0
1105 22.4
1105 23.4
1106 23.4
1106 24.2
1107 24.2
1107 24.6
1108 24.4
1108 25.2
1109 24.0
1109 25.2
1110 25.4
1110 25.6
1111 25.6
1111 26.0
1112 24.8
1112 23.6
1113 19.8
1113 21.8
1114 21.0
1114 22.0
1115 20.0
1115 22.2
1116 22.4
1116 22.4
1117 22.0
1117 22.2
1118 22.2
1118 22.8
1119 21.2
1119 22.2
1120 20.2
1120 22.6
1121 21.8
1121 22.6
1122 22.2
1122 23.0
1123 23.8
1123 23.8
1124 23.0
1124 23.6
1125 20.6
1125 20.2
1126 20.6
1126 23.4
1127 23.0
1127 21.2
1128 17.0
1128 15.8
1129 18.2
1129 17.4
1130 16.0
1130 18.4
1201 18.4
1201 18.6
1202 17.2
1202 19.2
1203 18.8
1203 20.4
1204 20.0
1204 20.4
1205 18.0
1205 20.0
1206 18.0
1206 19.2
1207 17.8
1207 19.0
1209 19.6
1209 20.4
1210 18.0
1210 20.0
1211 20.2
1211 19.6
1212 20.4
1212 18.6
1213 18.6
1213 18.6
1214 19.8
1214 20.0
1215 18.0
1215 17.6
1216 12.2
1216 11.4
1217 9.8
1217 12.4
1218 9.4
1218 13.2
1219 12.6
1219 13.0
1220 13.6
1220 15.0
1221 15.2
1221 14.6
1222 15.0
1222 15.4
1223 16.4
1223 15.8
1224 16.2
1224 16.4
1225 14.8
1225 15.2
1226 15.2
1226 15.8
1227 14.4
1227 14.4
1228 13.4
1228 14.6
1229 13.0
1229 14.4
1230 15.2
1230 14.8
1231 12.0
1231 15.4
0101 16.6
0102 15.6
0102 18.6
0103 16.4
0103 20.4
0104 15.0
0104 18.0
0105 15.2
0105 20.0
0106 18.4
0106 21.2
0107 18.6
0107 22.2
0108 18.8
0108 19.6
0109 16.4
0109 16.0
0110 17.2
0111 19.0
0111 20.0
0112 18.0
0112 18.2
0113 15.0
0113 15.4
0114 11.2
0114 13.8
0115 14.0
0115 15.8
0116 15.8
0116 16.8
0117 16.4
0117 16.6
0118 15.6
0118 16.0
0119 15.2
0119 16.6
0120 16.0
0120 16.6
0121 14.4
0121 15.4
0122 14.0
0122 14.0
0123 11.6
0123 16.4
0124 14.0
0124 18.4
0125 16.8
0125 18.6
0126 18.6
0126 20.2
0127 18.2
0127 20.0
0128 19.0
0128 19.2
0129 16.8
0129 19.6
0130 15.0
0130 20.0
0131 16.0
0131 19.6
0201 16.2
0201 20.0
0202 14.8
0202 20.2
0203 17.6
0203 21.4
0204 18.8
0204 21.4
0205 18.8
0205 22.0
0206 20.0
0206 24.2
0207 21.4
0207 23.4
0208 22.0
0208 23.8
0209 19.8
0209 15.2
0210 12.8
0210 10.8
0211 10.2
0211 10.2
0212 13.0
0212 12.0
0213 9.0
0213 9.8
0214 9.6
0214 12.8
0215 13.2
0215 15.8
0216 16.6
0216 23.4
0217 17.2
0217 22.8
0218 19.6
0218 14.6
0219 8.8
0219 9.8
0220 11.8
0220 15.0
0221 15.2
0221 19.0
0222 18.4
0222 20.0
0223 18.0
0223 20.8
0224 17.0
0224 22.4
0225 18.6
0225 24.0
0226 20.0
0226 20.2
0227 19.6
0227 22.4
0228 19.8
0228 23.4
0301 19.2
0301 22.6
0302 19.8
0302 24.2
0303 21.0
0303 23.8
0304 21.0
0304 23.8
0305 20.2
0305 21.8
0306 21.2
0306 25.0
0307 22.2
0307 -74.1
0308 24.8
0309 19.8
0309 17.4
0310 18.8
0310 20.2
0311 21.0
0311 22.8
0312 21.4
0312 23.0
0313 21.2
0313 20.0
0314 18.6
0314 16.0
0315 17.0
0315 19.0
0316 20.6
0316 23.4
0317 21.2
0317 24.0
0318 21.0
0318 24.0
0320 22.2
0320 24.6
0321 17.8
0321 17.6
0322 18.0
0322 18.2
0323 19.6
0323 21.2
0324 20.2
0324 20.6
0325 20.6
0325 24.8
0326 20.4
0326 22.0
0327 21.2
0327 25.2
0328 23.4
0328 28.0
0329 23.8
0329 26.0
0330 25.0
0330 26.0
0331 25.6
0331 27.8
0401 23.4
0401 22.6
0402 22.8
0402 22.4
0403 23.4
0403 21.4
0404 21.8
0404 22.6
0405 23.8
0406 23.0
0406 22.6
0407 21.6
0407 22.0
0408 22.4
0408 22.0
0409 23.4
0409 21.8
0410 23.8
0410 26.4
0411 24.2
0411 26.0
0412 23.6
0412 26.4
0413 24.0
0413 26.8
0414 25.0
0414 26.8
0415 24.8
0415 25.2
0416 23.8
0416 26.6
0417 23.8
0417 27.0
0418 23.6
0418 27.2
0419 24.2
0419 27.8
0420 25.4
0420 28.0
0421 25.6
0421 27.8
0422 25.6
0422 28.0
0423 26.0
0423 27.8
0424 26.4
0424 28.8
0425 26.2
0425 28.6
0426 26.0
0426 29.0
0427 26.0
0427 25.0
0428 24.6
0428 26.4
0429 24.4
0429 26.2
0430 25.0
0430 23.8
0501 23.6
0501 24.6
0502 23.8
0502 25.6
0503 25.0
0503 25.6
0504 24.6
0504 28.0
0505 24.4
0505 23.4
0506 23.2
0506 23.6
0507 24.6
0507 27.0
0508 24.0
0508 28.2
0509 25.8
0509 30.8
0510 27.2
0510 28.4
0511 27.4
0511 31.2
0512 27.0
0512 29.0
0513 27.2
0513 26.4
0514 27.0
0514 31.8
0515 27.6
0515 27.2
0516 27.6
0516 25.8
0517 27.8
0517 28.2
0518 27.6
0518 31.4
0519 27.6
0519 32.0
0520 27.2
0520 28.8
0521 27.8
0521 27.8
0522 28.0
0522 30.8
0523 28.2
0523 31.8
0524 28.6
0524 26.8
0525 27.2
0525 30.6
0526 26.8
0526 29.8
0527 27.2
0527 29.2
0528 26.8
0528 30.2
0529 27.2
0529 26.0
0530 27.2
0530 31.8
0531 28.0
0531 27.8
0601 27.4
0601 31.0
0602 27.8
0602 31.6
0603 28.2
0603 32.2
0604 27.8
0604 32.0
0605 28.2
0605 29.8
0606 28.4
0606 26.0
0607 27.6
0607 28.4
0608 27.2
0608 27.2
0609 27.0
0609 29.6
0610 28.4
0610 27.4
0611 27.6
0611 26.0
0612 26.8
0612 27.8
0613 26.2
0613 29.4
0614 26.6
0614 29.0
0615 27.2
0615 28.8
0616 27.8
0616 30.8
0617 27.0
0617 26.4
0618 27.6
0618 27.8
0619 28.4
0619 29.8
0620 28.2
0620 33.4
0621 29.2
0621 32.2
0622 28.6
0622 28.0
0623 25.8
0623 25.8
0624 25.8
0624 27.4
0625 27.4
0625 28.8
0626 27.2
0626 30.4
0627 27.8
0627 31.6
0628 28.8
0628 30.8
0629 28.0
0629 29.0
0630 26.0
0630 30.4
0701 27.4
0701 28.4
0702 27.4
0702 29.8
0703 27.4
0703 31.0
0704 27.8
0704 30.8
0705 28.4
0705 30.6
0706 27.8
0706 30.4
0707 27.8
0707 26.4
0708 27.0
0708 30.8
0709 26.6
0709 30.2
0710 26.4
0710 25.8
0711 26.2
0711 26.8
0712 26.4
0712 25.6
0713 27.2
0713 31.0
0714 27.2
0714 31.2
0715 27.6
0715 30.2
0716 26.6
0716 26.6
0717 25.4
0717 28.0
0718 26.8
0719 28.4
0720 26.6
0720 27.0
0721 25.6
0721 28.8
0722 26.4
0722 31.2
0723 26.2
0723 29.8
0724 26.4
0724 29.8
0725 28.2
0725 30.2
0726 27.0
0726 27.6
0727 26.4
0727 27.2
0728 26.0
0728 25.4
0729 26.4
0729 27.8
0730 27.8
0730 29.8
0731 27.2
0731 30.0
0801 27.0
0801 29.8
0802 27.6
0802 29.8
0803 26.8
0803 29.6
0804 28.0
0804 28.2
0805 26.4
0805 24.6
0806 26.0
0806 26.2
0807 26.6
0807 25.8
0808 26.2
0808 28.6
0809 26.6
0809 30.6
0810 27.4
0810 32.2
0811 27.6
0811 29.4
0812 27.4
0812 29.4
0813 27.8
0813 24.6
0814 26.2
0814 26.0
0815 26.0
0815 29.2
0816 26.2
0816 30.2
0817 26.4
0817 31.0
0818 27.0
0818 29.0
0819 27.2
0819 30.2
0820 25.8
0820 27.8
0821 25.8
0821 24.6
0822 25.0
0822 25.4
0823 27.2
0823 30.2
0824 26.0
0824 30.2
0825 26.2
0825 29.0
0826 27.6
0826 27.0
0827 26.2
0827 25.8
0828 25.2
0828 26.0
0829 26.0
0829 28.2
0830 26.6
0830 27.6
0831 26.2
0831 27.0
0901 26.0
0901 28.0
0902 26.0
0902 29.2
0903 26.6
0903 28.2
0904 25.0
0904 28.8
0905 25.4
0905 29.8
0906 26.0
0906 28.2
0907 26.4
0907 24.2
0908 24.4
0908 26.2
0909 25.2
0909 30.4
0910 26.0
0910 28.6
0911 26.0
0911 29.4
0912 25.8
0912 28.6
0913 27.0
0913 27.8
0914 26.0
0914 29.2
0915 27.0
0915 26.8
0916 24.2
0916 24.8
0917 26.8
0917 26.2
0918 26.0
0918 29.2
0919 26.0
0919 28.0
0920 26.0
0920 28.2
0921 25.8
0921 27.2
0922 27.0
0923 23.2
0923 27.6
0924 24.4
0924 28.2
0925 24.4
0925 27.6
0926 24.6
0926 28.4
0927 25.4
0927 28.6
0928 25.0
0928 28.8
0929 25.8
0929 28.6
0930 26.0
0930 29.4
1001 25.2
1001 28.6
1002 25.4
1002 28.8
1003 25.4
1003 28.6
1004 25.0
1004 28.0
1005 27.2
1005 26.8
1006 25.0
1006 27.0
1007 26.6
1007 26.4
1008 24.0
1008 26.4
1009 22.0
1009 26.4
1010 21.8
1010 26.8
1011 22.4
1011 27.0
1012 23.8
1012 26.8
1013 24.6
1013 25.6
1014 25.2
1014 25.8
1015 23.8
1015 25.8
1016 24.0
1016 25.8
1017 25.0
1017 25.4
1018 23.8
1018 26.0
1019 24.4
1019 25.4
1020 24.2
1020 24.6
1021 24.0
1021 27.0
1022 24.4
1022 26.2
1023 25.4
1023 24.8
1024 25.0
1024 25.0
1025 23.2
1025 24.6
1026 23.4
1026 23.2
1027 24.2
1027 26.0
1028 25.0
1028 25.4
1029 25.0
1029 25.6
1030 24.0
1030 26.2
1031 25.0
1031 26.2
1101 24.0
1101 26.0
1102 23.0
1102 25.4
1103 21.4
1103 22.2
1104 23.2
1104 24.0
1105 23.4
1105 25.8
1106 23.2
1106 25.4
1107 23.6
1107 25.8
1108 23.0
1108 22.4
1109 23.4
1109 24.8
1110 23.8
1110 25.0
1111 24.0
1111 25.4
1112 22.4
1112 22.2
1113 20.2
1113 22.2
1114 21.8
1114 22.6
1115 22.2
1115 24.2
1116 22.8
1116 23.0
1117 22.2
1117 21.8
1118 20.2
1118 21.6
1119 22.0
1119 22.2
1120 21.4
1120 22.6
1121 20.4
1121 21.8
1122 22.4
1122 24.0
1123 23.6
1123 23.8
1124 23.8
1124 24.4
1125 22.6
1125 24.6
1126 22.6
1126 24.4
1127 23.2
1127 25.0
1128 23.6
1128 25.4
1129 23.8
1129 25.4
1130 24.4
1130 25.6
1201 24.2
1201 19.6
1202 19.4
1202 20.0
1203 22.0
1203 24.0
1204 18.2
1204 16.4
1205 16.4
1205 17.0
1206 17.8
1206 20.4
1207 21.0
1207 16.6
1208 17.2
1208 18.0
1209 19.0
1209 20.6
1210 20.4
1210 20.4
1211 17.2
1211 18.8
1212 15.0
1212 15.2
1213 15.0
1213 16.6
1214 17.4
1214 19.0
1215 18.0
1215 20.4
1216 17.0
1216 16.8
1217 13.2
1217 15.2
1218 15.6
1218 15.4
1219 12.8
1219 13.6
1220 15.4
1220 16.2
1221 17.0
1221 17.2
1222 15.2
1222 16.0
1223 16.8
1223 16.8
1224 16.6
1224 17.0
1225 18.2
1225 19.0
1226 18.6
1226 19.6
1227 20.0
1227 17.0
1228 14.4
1228 15.0
1229 12.6
1229 14.4
1230 14.0
1230 16.4
1231 15.2
1231 16.4
