0101 15.8
0101 16.0
0102 16.4
0102 19.4
0103 19.8
0103 18.0
0104 17.2
0104 15.0
0105 15.8
0105 13.6
0106 15.0
0106 14.0
0107 14.4
0107 16.2
0108 14.8
0108 18.2
0109 15.2
0109 13.6
0110 15.0
0110 15.4
0111 16.2
0111 15.2
0112 14.4
0112 15.0
0113 12.4
0113 15.8
0114 12.4
0114 18.0
0115 16.8
0115 18.4
0116 18.6
0116 20.8
0117 17.8
0117 19.0
0118 17.0
0118 17.2
0119 16.8
0119 18.6
0120 16.4
0120 20.2
0121 19.8
0121 19.8
0122 19.8
0122 20.0
0123 19.0
0123 20.4
0124 17.6
0124 21.4
0125 19.2
0125 19.8
0126 19.4
0126 21.6
0127 18.8
0127 17.8
0128 19.2
0128 20.2
0129 19.2
0129 21.4
0130 20.2
0130 22.0
0131 18.6
0131 21.0
0201 19.0
0201 21.8
0202 18.4
0202 21.0
0203 21.0
0203 21.2
0204 21.4
0204 20.8
0205 21.4
0205 23.0
0206 21.2
0206 24.4
0207 20.8
0207 24.0
0208 21.8
0208 21.0
0209 16.8
0209 16.4
0210 17.0
0210 18.8
0211 19.2
0211 21.8
0212 18.8
0212 20.6
0213 17.6
0213 19.0
0214 17.4
0214 21.2
0215 21.0
0215 20.0
0216 18.8
0216 22.4
0217 19.0
0217 23.0
0218 21.0
0218 25.2
0219 21.0
0219 22.8
0220 20.2
0220 18.4
0221 19.4
0221 20.0
0222 19.4
0222 18.6
0223 16.2
0223 18.6
0224 19.0
0224 18.6
0225 20.2
0225 22.2
0226 21.4
0226 22.2
0227 22.2
0227 24.6
0228 22.2
0228 25.2
0301 23.0
0301 26.4
0302 23.8
0302 20.0
0303 15.8
0303 15.0
0304 15.8
0304 17.0
0305 18.0
0305 18.6
0306 17.0
0306 20.4
0307 20.2
0307 21.8
0308 17.2
0308 22.4
0309 17.0
0309 22.8
0310 19.0
0310 25.4
0311 20.4
0311 24.2
0312 20.4
0312 24.4
0313 22.0
0313 23.6
0314 22.2
0314 22.6
0315 22.0
0315 23.0
0316 22.0
0316 24.0
0317 21.2
0317 25.2
0318 22.0
0318 28.4
0319 24.6
0319 28.4
0320 24.4
0320 27.0
0321 24.0
0321 26.2
0322 24.0
0322 26.4
0323 23.8
0323 27.6
0324 22.6
0324 25.4
0325 24.6
0325 27.4
0326 25.6
0326 28.4
0327 22.8
0327 22.2
0328 24.2
0328 26.8
0329 22.6
0329 24.2
0330 23.6
0330 24.0
0331 21.2
0331 23.8
0401 23.4
0401 24.2
0402 24.2
0402 24.0
0403 23.4
0403 25.8
0404 25.0
0404 29.8
0405 26.6
0405 29.8
0406 26.0
0406 21.0
0407 19.0
0407 19.6
0408 21.6
0408 21.6
0409 22.0
0409 22.2
0410 21.4
0410 20.2
0411 21.0
0411 19.2
0412 18.2
0412 17.8
0413 19.6
0413 20.0
0414 20.4
0414 22.2
0415 21.4
0415 24.2
0416 22.8
0416 26.6
0417 23.6
0417 26.0
0418 25.0
0418 28.2
0419 25.8
0419 25.8
0420 26.4
0420 29.6
0421 25.8
0421 28.0
0422 26.0
0422 28.0
0423 25.2
0423 28.6
0424 26.0
0424 27.6
0425 26.0
0425 29.8
0426 22.6
0426 24.6
0427 24.8
0427 26.2
0428 25.0
0428 26.6
0429 25.4
0429 25.2
0430 25.0
0430 23.8
0501 23.8
0501 24.0
0502 23.6
0502 22.6
0503 23.8
0503 22.0
0504 23.8
0504 23.4
0505 24.0
0505 25.4
0506 24.8
0506 25.8
0507 25.2
0507 25.0
0508 25.0
0508 26.8
0509 25.0
0509 28.0
0510 26.4
0510 26.8
0511 26.0
0511 26.0
0512 24.4
0512 27.6
0513 25.8
0513 29.8
0514 26.6
0514 32.2
0515 27.8
0515 29.8
0516 28.0
0516 28.4
0517 27.8
0517 32.0
0518 28.0
0518 29.0
0519 28.0
0519 31.2
0520 28.4
0520 25.8
0521 26.8
0521 26.6
0522 27.2
0522 26.0
0523 25.8
0523 28.6
0524 26.0
0524 27.8
0525 26.8
0525 24.2
0526 26.8
0526 26.8
0527 27.2
0527 30.4
0528 27.8
0528 32.0
0529 27.8
0529 25.6
0530 26.8
0530 27.2
0531 26.0
0531 29.2
0601 27.0
0601 31.2
0602 27.2
0602 26.2
0603 26.0
0603 24.8
0604 26.0
0604 28.6
0605 27.8
0605 25.6
0606 27.4
0606 28.6
0607 27.2
0607 31.0
0608 27.2
0608 30.6
0609 27.8
0609 31.8
0610 29.2
0610 27.0
0611 24.6
0611 24.2
0612 25.2
0612 26.0
0613 25.0
0613 27.4
0614 26.6
0614 27.0
0615 25.4
0615 26.2
0616 25.8
0616 26.0
0617 26.4
0617 26.0
0618 26.0
0618 29.8
0619 27.2
0619 30.8
0620 28.0
0620 29.6
0621 26.8
0621 29.0
0622 27.6
0622 27.0
0623 25.8
0623 29.4
0624 27.8
0624 30.8
0625 26.8
0625 30.2
0626 27.2
0626 30.6
0627 26.8
0627 31.0
0628 28.0
0628 26.8
0629 27.8
0629 26.6
0630 27.8
0630 30.8
0701 26.0
0701 28.2
0702 24.6
0702 29.2
0703 26.4
0703 30.0
0704 26.8
0704 30.4
0705 26.4
0705 30.6
0706 26.8
0706 28.4
0707 26.2
0707 27.6
0708 26.6
0708 30.2
0709 26.6
0709 24.8
0710 26.0
0710 25.2
0711 25.8
0711 25.8
0712 25.4
0712 30.0
0713 26.4
0713 30.8
0714 27.0
0714 25.8
0715 26.2
0715 24.6
0716 26.2
0716 26.4
0717 25.6
0717 28.2
0718 25.8
0718 28.8
0719 26.2
0719 29.0
0720 26.6
0720 29.6
0721 27.6
0721 28.6
0722 25.6
0722 28.6
0723 27.0
0723 25.6
0724 25.0
0724 24.8
0725 24.6
0725 24.8
0726 25.2
0726 27.2
0727 26.4
0727 25.6
0728 24.4
0728 25.0
0729 25.8
0729 29.2
0730 26.2
0730 28.6
0731 26.0
0731 29.2
0801 26.8
0801 28.4
0802 26.0
0802 26.6
0803 26.6
0803 29.0
0804 26.6
0804 29.8
0805 26.6
0805 29.8
0806 26.4
0806 29.0
0807 26.0
0807 26.2
0808 25.6
0808 26.6
0809 26.2
0809 25.4
0810 24.8
0810 29.4
0811 26.2
0811 29.2
0812 27.6
0812 29.4
0813 26.8
0813 24.4
0814 25.8
0814 26.4
0815 23.8
0815 27.8
0816 26.2
0816 28.6
0817 26.0
0817 28.8
0818 25.8
0818 26.8
0819 27.6
0819 26.0
0820 26.2
0820 25.2
0821 25.0
0821 29.0
0822 26.0
0822 29.0
0823 25.6
0823 26.6
0824 26.0
0824 28.8
0825 25.4
0825 29.8
0826 27.0
0826 29.2
0827 26.6
0827 29.0
0828 25.2
0828 30.4
0829 25.8
0829 29.6
0830 26.6
0830 29.4
0831 25.8
0831 25.0
0901 25.6
0901 26.4
0902 25.0
0902 27.8
0903 26.4
0903 29.4
0904 26.6
0904 25.6
0905 25.8
0905 23.8
0906 25.0
0906 27.8
0907 27.0
0907 26.4
0908 27.0
0908 25.4
0909 25.4
0909 28.2
0910 26.2
0910 26.8
0911 26.2
0911 26.8
0912 25.2
0912 27.0
0913 26.2
0913 27.8
0914 25.4
0914 27.2
0915 26.0
0915 28.2
0916 26.8
0916 27.8
0917 26.8
0917 27.6
0918 25.8
0918 25.2
0919 25.6
0919 25.2
0920 25.4
0920 27.4
0921 25.2
0921 27.2
0922 26.4
0922 28.0
0923 26.8
0923 27.8
0924 26.8
0924 27.8
0925 26.4
0925 25.0
0926 26.6
0926 27.6
0927 25.6
0927 26.6
0928 25.6
0928 27.6
0929 25.6
0929 25.6
0930 25.4
0930 26.4
1001 25.2
1001 26.4
1002 26.4
1002 26.8
1003 23.8
1003 26.6
1004 25.0
1004 26.2
1005 23.0
1005 26.2
1006 22.2
1006 26.2
1007 23.6
1007 26.2
1008 23.4
1008 26.8
1009 24.4
1009 26.0
1010 25.8
1010 24.8
1011 25.0
1011 27.2
1012 23.8
1012 27.0
1013 25.4
1013 27.0
1014 26.8
1014 26.2
1015 25.8
1015 26.4
1016 23.0
1016 25.8
1017 24.0
1017 25.2
1018 24.2
1018 25.6
1019 24.4
1019 25.2
1020 23.0
1020 25.0
1021 23.8
1021 25.2
1022 24.4
1022 25.0
1023 23.2
1023 25.2
1024 22.4
1024 24.2
1025 23.0
1025 23.6
1026 21.6
1026 23.2
1027 21.6
1027 23.8
1028 23.8
1028 23.4
1029 21.6
1029 24.6
1030 23.2
1030 25.4
1031 21.6
1031 25.0
1101 21.8
1101 24.6
1102 21.8
1102 25.2
1103 22.4
1103 24.8
1104 23.2
1104 24.0
1105 22.4
1105 23.4
1106 23.4
1106 24.2
1107 24.2
1107 24.6
1108 24.4
1108 25.2
1109 24.0
1109 25.2
1110 25.4
1110 25.6
1111 25.6
1111 26.0
1112 24.8
1112 23.6
1113 19.8
1113 21.8
1114 21.0
1114 22.0
1115 20.0
1115 22.2
1116 22.4
1116 22.4
1117 22.0
1117 22.2
1118 22.2
1118 22.8
1119 21.2
1119 22.2
1120 20.2
1120 22.6
1121 21.8
1121 22.6
1122 22.2
1122 23.0
1123 23.8
1123 23.8
1124 23.0
1124 23.6
1125 20.6
1125 20.2
1126 20.6
1126 23.4
1127 23.0
1127 21.2
1128 17.0
1128 15.8
1129 18.2
1129 17.4
1130 16.0
1130 18.4
1201 18.4
1201 18.6
1202 17.2
1202 19.2
1203 18.8
1203 20.4
1204 20.0
1204 20.4
1205 18.0
1205 20.0
1206 18.0
1206 19.2
1207 17.8
1207 19.0
1209 19.6
1209 20.4
1210 18.0
1210 20.0
1211 20.2
1211 19.6
1212 20.4
1212 18.6
1213 18.6
1213 18.6
1214 19.8
1214 20.0
1215 18.0
1215 17.6
1216 12.2
1216 11.4
1217 9.8
1217 12.4
1218 9.4
1218 13.2
1219 12.6
1219 13.0
1220 13.6
1220 15.0
1221 15.2
1221 14.6
1222 15.0
1222 15.4
1223 16.4
1223 15.8
1224 16.2
1224 16.4
1225 14.8
1225 15.2
1226 15.2
1226 15.8
1227 14.4
1227 14.4
1228 13.4
1228 14.6
1229 13.0
1229 14.4
1230 15.2
1230 14.8
1231 12.0
1231 15.4
0101 16.6
0102 15.6
0102 18.6
0103 16.4
0103 20.4
0104 15.0
0104 18.0
0105 15.2
0105 20.0
0106 18.4
0106 21.2
0107 18.6
0107 22.2
0108 18.8
0108 19.6
0109 16.4
0109 16.0
0110 17.2
0111 19.0
0111 20.0
0112 18.0
0112 18.2
0113 15.0
0113 15.4
0114 11.2
0114 13.8
0115 14.0
0115 15.8
0116 15.8
0116 16.8
0117 16.4
0117 16.6
0118 15.6
0118 16.0
0119 15.2
0119 16.6
0120 16.0
0120 16.6
0121 14.4
0121 15.4
0122 14.0
0122 14.0
0123 11.6
0123 16.4
0124 14.0
0124 18.4
0125 16.8
0125 18.6
0126 18.6
0126 20.2
0127 18.2
0127 20.0
0128 19.0
0128 19.2
0129 16.8
0129 19.6
0130 15.0
0130 20.0
0131 16.0
0131 19.6
0201 16.2
0201 20.0
0202 14.8
0202 20.2
0203 17.6
0203 21.4
0204 18.8
0204 21.4
0205 18.8
0205 22.0
0206 20.0
0206 24.2
0207 21.4
0207 23.4
0208 22.0
0208 23.8
0209 19.8
0209 15.2
0210 12.8
0210 10.8
0211 10.2
0211 10.2
0212 13.0
0212 12.0
0213 9.0
0213 9.8
0214 9.6
0214 12.8
0215 13.2
0215 15.8
0216 16.6
0216 23.4
0217 17.2
0217 22.8
0218 19.6
0218 14.6
0219 8.8
0219 9.8
0220 11.8
0220 15.0
0221 15.2
0221 19.0
0222 18.4
0222 20.0
0223 18.0
0223 20.8
0224 17.0
0224 22.4
0225 18.6
0225 24.0
0226 20.0
0226 20.2
0227 19.6
0227 22.4
0228 19.8
0228 23.4
0301 19.2
0301 22.6
0302 19.8
0302 24.2
0303 21.0
0303 23.8
0304 21.0
0304 23.8
0305 20.2
0305 21.8
0306 21.2
0306 25.0
0307 22.2
0307 -74.1
0308 24.8
0309 19.8
0309 17.4
0310 18.8
0310 20.2
0311 21.0
0311 22.8
0312 21.4
0312 23.0
0313 21.2
0313 20.0
0314 18.6
0314 16.0
0315 17.0
0315 19.0
0316 20.6
0316 23.4
0317 21.2
0317 24.0
0318 21.0
0318 24.0
0320 22.2
0320 24.6
0321 17.8
0321 17.6
0322 18.0
0322 18.2
0323 19.6
0323 21.2
0324 20.2
0324 20.6
0325 20.6
0325 24.8
0326 20.4
0326 22.0
0327 21.2
0327 25.2
0328 23.4
0328 28.0
0329 23.8
0329 26.0
0330 25.0
0330 26.0
0331 25.6
0331 27.8
0401 23.4
0401 22.6
0402 22.8
0402 22.4
0403 23.4
0403 21.4
0404 21.8
0404 22.6
0405 23.8
0406 23.0
0406 22.6
0407 21.6
0407 22.0
0408 22.4
0408 22.0
0409 23.4
0409 21.8
0410 23.8
0410 26.4
0411 24.2
0411 26.0
0412 23.6
0412 26.4
0413 24.0
0413 26.8
0414 25.0
0414 26.8
0415 24.8
0415 25.2
0416 23.8
0416 26.6
0417 23.8
0417 27.0
0418 23.6
0418 27.2
0419 24.2
0419 27.8
0420 25.4
0420 28.0
0421 25.6
0421 27.8
0422 25.6
0422 28.0
0423 26.0
0423 27.8
0424 26.4
0424 28.8
0425 26.2
0425 28.6
0426 26.0
0426 29.0
0427 26.0
0427 25.0
0428 24.6
0428 26.4
0429 24.4
0429 26.2
0430 25.0
0430 23.8
0501 23.6
0501 24.6
0502 23.8
0502 25.6
0503 25.0
0503 25.6
0504 24.6
0504 28.0
0505 24.4
0505 23.4
0506 23.2
0506 23.6
0507 24.6
0507 27.0
0508 24.0
0508 28.2
0509 25.8
0509 30.8
0510 27.2
0510 28.4
0511 27.4
0511 31.2
0512 27.0
0512 29.0
0513 27.2
0513 26.4
0514 27.0
0514 31.8
0515 27.6
0515 27.2
0516 27.6
0516 25.8
0517 27.8
0517 28.2
0518 27.6
0518 31.4
0519 27.6
0519 32.0
0520 27.2
0520 28.8
0521 27.8
0521 27.8
0522 28.0
0522 30.8
0523 28.2
0523 31.8
0524 28.6
0524 26.8
0525 27.2
0525 30.6
0526 26.8
0526 29.8
0527 27.2
0527 29.2
0528 26.8
0528 30.2
0529 27.2
0529 26.0
0530 27.2
0530 31.8
0531 28.0
0531 27.8
0601 27.4
0601 31.0
0602 27.8
0602 31.6
0603 28.2
0603 32.2
0604 27.8
0604 32.0
0605 28.2
0605 29.8
0606 28.4
0606 26.0
0607 27.6
0607 28.4
0608 27.2
0608 27.2
0609 27.0
0609 29.6
0610 28.4
0610 27.4
0611 27.6
0611 26.0
0612 26.8
0612 27.8
0613 26.2
0613 29.4
0614 26.6
0614 29.0
0615 27.2
0615 28.8
0616 27.8
0616 30.8
0617 27.0
0617 26.4
0618 27.6
0618 27.8
0619 28.4
0619 29.8
0620 28.2
0620 33.4
0621 29.2
0621 32.2
0622 28.6
0622 28.0
0623 25.8
0623 25.8
0624 25.8
0624 27.4
0625 27.4
0625 28.8
0626 27.2
0626 30.4
0627 27.8
0627 31.6
0628 28.8
0628 30.8
0629 28.0
0629 29.0
0630 26.0
0630 30.4
0701 27.4
0701 28.4
0702 27.4
0702 29.8
0703 27.4
0703 31.0
0704 27.8
0704 30.8
0705 28.4
0705 30.6
0706 27.8
0706 30.4
0707 27.8
0707 26.4
0708 27.0
0708 30.8
0709 26.6
0709 30.2
0710 26.4
0710 25.8
0711 26.2
0711 26.8
0712 26.4
0712 25.6
0713 27.2
0713 31.0
0714 27.2
0714 31.2
0715 27.6
0715 30.2
0716 26.6
0716 26.6
0717 25.4
0717 28.0
0718 26.8
0719 28.4
0720 26.6
0720 27.0
0721 25.6
0721 28.8
0722 26.4
0722 31.2
0723 26.2
0723 29.8
0724 26.4
0724 29.8
0725 28.2
0725 30.2
0726 27.0
0726 27.6
0727 26.4
0727 27.2
0728 26.0
0728 25.4
0729 26.4
0729 27.8
0730 27.8
0730 29.8
0731 27.2
0731 30.0
0801 27.0
0801 29.8
0802 27.6
0802 29.8
0803 26.8
0803 29.6
0804 28.0
0804 28.2
0805 26.4
0805 24.6
0806 26.0
0806 26.2
0807 26.6
0807 25.8
0808 26.2
0808 28.6
0809 26.6
0809 30.6
0810 27.4
0810 32.2
0811 27.6
0811 29.4
0812 27.4
0812 29.4
0813 27.8
0813 24.6
0814 26.2
0814 26.0
0815 26.0
0815 29.2
0816 26.2
0816 30.2
0817 26.4
0817 31.0
0818 27.0
0818 29.0
0819 27.2
0819 30.2
0820 25.8
0820 27.8
0821 25.8
0821 24.6
0822 25.0
0822 25.4
0823 27.2
0823 30.2
0824 26.0
0824 30.2
0825 26.2
0825 29.0
0826 27.6
0826 27.0
0827 26.2
0827 25.8
0828 25.2
0828 26.0
0829 26.0
0829 28.2
0830 26.6
0830 27.6
0831 26.2
0831 27.0
0901 26.0
0901 28.0
0902 26.0
0902 29.2
0903 26.6
0903 28.2
0904 25.0
0904 28.8
0905 25.4
0905 29.8
0906 26.0
0906 28.2
0907 26.4
0907 24.2
0908 24.4
0908 26.2
0909 25.2
0909 30.4
0910 26.0
0910 28.6
0911 26.0
0911 29.4
0912 25.8
0912 28.6
0913 27.0
0913 27.8
0914 26.0
0914 29.2
0915 27.0
0915 26.8
0916 24.2
0916 24.8
0917 26.8
0917 26.2
0918 26.0
0918 29.2
0919 26.0
0919 28.0
0920 26.0
0920 28.2
0921 25.8
0921 27.2
0922 27.0
0923 23.2
0923 27.6
0924 24.4
0924 28.2
0925 24.4
0925 27.6
0926 24.6
0926 28.4
0927 25.4
0927 28.6
0928 25.0
0928 28.8
0929 25.8
0929 28.6
0930 26.0
0930 29.4
1001 25.2
1001 28.6
1002 25.4
1002 28.8
1003 25.4
1003 28.6
1004 25.0
1004 28.0
1005 27.2
1005 26.8
1006 25.0
1006 27.0
1007 26.6
1007 26.4
1008 24.0
1008 26.4
1009 22.0
1009 26.4
1010 21.8
1010 26.8
1011 22.4
1011 27.0
1012 23.8
1012 26.8
1013 24.6
1013 25.6
1014 25.2
1014 25.8
1015 23.8
1015 25.8
1016 24.0
1016 25.8
1017 25.0
1017 25.4
1018 23.8
1018 26.0
1019 24.4
1019 25.4
1020 24.2
1020 24.6
1021 24.0
1021 27.0
1022 24.4
1022 26.2
1023 25.4
1023 24.8
1024 25.0
1024 25.0
1025 23.2
1025 24.6
1026 23.4
1026 23.2
1027 24.2
1027 26.0
1028 25.0
1028 25.4
1029 25.0
1029 25.6
1030 24.0
1030 26.2
1031 25.0
1031 26.2
1101 24.0
1101 26.0
1102 23.0
1102 25.4
1103 21.4
1103 22.2
1104 23.2
1104 24.0
1105 23.4
1105 25.8
1106 23.2
1106 25.4
1107 23.6
1107 25.8
1108 23.0
1108 22.4
1109 23.4
1109 24.8
1110 23.8
1110 25.0
1111 24.0
1111 25.4
1112 22.4
1112 22.2
1113 20.2
1113 22.2
1114 21.8
1114 22.6
1115 22.2
1115 24.2
1116 22.8
1116 23.0
1117 22.2
1117 21.8
1118 20.2
1118 21.6
1119 22.0
1119 22.2
1120 21.4
1120 22.6
1121 20.4
1121 21.8
1122 22.4
1122 24.0
1123 23.6
1123 23.8
1124 23.8
1124 24.4
1125 22.6
1125 24.6
1126 22.6
1126 24.4
1127 23.2
1127 25.0
1128 23.6
1128 25.4
1129 23.8
1129 25.4
1130 24.4
1130 25.6
1201 24.2
1201 19.6
1202 19.4
1202 20.0
1203 22.0
1203 24.0
1204 18.2
1204 16.4
1205 16.4
1205 17.0
1206 17.8
1206 20.4
1207 21.0
1207 16.6
1208 17.2
1208 18.0
1209 19.0
1209 20.6
1210 20.4
1210 20.4
1211 17.2
1211 18.8
1212 15.0
1212 15.2
1213 15.0
1213 16.6
1214 17.4
1214 19.0
1215 18.0
1215 20.4
1216 17.0
1216 16.8
1217 13.2
1217 15.2
1218 15.6
1218 15.4
1219 12.8
1219 13.6
1220 15.4
1220 16.2
1221 17.0
1221 17.2
1222 15.2
1222 16.0
1223 16.8
1223 16.8
1224 16.6
1224 17.0
1225 18.2
1225 19.0
1226 18.6
1226 19.6
1227 20.0
1227 17.0
1228 14.4
1228 15.0
1229 12.6
1229 14.4
1230 14.0
1230 16.4
1231 15.2
1231 16.4
0101 17.4
0102 15.4
0102 17.0
0103 17.2
0103 18.0
0104 15.6
0104 20.6
0105 19.0
0105 22.8
0106 21.2
0106 23.4
0107 19.2
0107 18.6
0108 16.8
0108 17.0
0109 16.6
0109 16.6
0110 16.2
0110 17.6
0111 16.4
0111 15.0
0112 12.0
0112 13.8
0113 12.8
0113 14.4
0114 13.8
0114 14.4
0115 11.4
0115 15.2
0116 15.2
0116 17.6
0117 15.0
0117 16.4
0118 16.6
0118 16.6
0119 13.8
0119 16.2
0120 13.0
0120 17.6
0121 16.8
0121 17.8
0122 14.0
0122 18.4
0123 15.4
0123 20.0
0124 15.8
0124 21.4
0125 16.8
0125 19.0
0126 18.8
0126 19.0
0127 18.2
0127 20.8
0128 18.2
0128 21.8
0129 19.2
0129 22.0
0130 18.4
0130 19.0
0131 17.2
0131 17.6
0201 16.4
0202 16.8
0202 17.8
0203 17.8
0203 19.2
0204 18.0
0204 18.0
0205 15.8
0205 14.4
0206 13.0
0206 14.6
0207 16.0
0207 16.4
0208 15.4
0208 16.2
0209 15.8
0209 17.0
0210 17.0
0210 19.8
0211 17.8
0211 18.4
0212 15.6
0212 18.6
0213 17.2
0213 21.4
0214 17.4
0214 23.0
0215 19.4
0215 20.4
0216 19.8
0216 21.0
0217 19.0
0217 20.4
0218 20.0
0218 20.4
0219 20.6
0219 22.8
0220 20.8
0220 23.8
0221 21.4
0221 24.6
0222 22.2
0222 23.2
0223 22.4
0223 25.8
0224 21.8
0224 24.4
0225 22.2
0225 25.6
0226 22.4
0226 24.8
0227 22.0
0227 25.4
0228 22.8
0228 25.0
0301 22.6
0301 19.0
0302 20.4
0302 23.6
0303 21.2
0303 22.8
0304 20.4
0304 25.2
0305 22.2
0305 25.6
0306 22.2
0306 21.8
0307 22.8
0307 24.8
0308 20.8
0308 25.4
0309 22.4
0309 25.2
0310 22.8
0310 23.2
0311 21.2
0311 22.2
0312 17.6
0312 18.6
0313 21.0
0313 24.8
0314 23.0
0314 26.0
0315 22.8
0315 28.0
0316 22.6
0316 27.6
0317 23.2
0317 27.6
0318 23.0
0318 28.0
0319 23.0
0319 27.0
0320 22.6
0320 26.0
0321 23.0
0321 25.0
0322 21.6
0322 24.6
0323 23.0
0323 24.0
0324 22.6
0324 21.6
0325 21.0
0325 20.6
0326 21.0
0326 21.4
0327 20.8
0327 22.2
0328 21.4
0328 23.6
0329 21.8
0329 26.2
0330 22.4
0330 26.2
0331 24.2
0331 29.2
0401 23.8
0401 30.2
0402 25.2
0402 32.0
0403 25.8
0403 29.2
0404 25.8
0404 30.6
0405 25.2
0405 27.4
0406 24.0
0406 26.2
0407 23.8
0407 26.0
0408 21.8
0408 20.6
0409 20.6
0409 21.4
0410 20.4
0410 19.2
0411 19.0
0411 19.6
0412 19.6
0412 21.2
0413 17.8
0413 22.6
0414 18.6
0414 24.4
0415 19.6
0415 24.8
0416 19.2
0416 27.0
0417 20.8
0417 27.2
0418 24.8
0418 31.0
0419 25.4
0419 32.8
0420 26.2
0420 29.2
0421 23.2
0421 23.6
0422 23.6
0422 23.6
0423 23.0
0423 23.2
0424 23.2
0424 23.6
0425 23.0
0425 25.2
0426 23.4
0426 25.0
0427 23.4
0427 26.6
0428 23.8
0428 28.6
0429 24.4
0429 28.0
0430 24.6
0430 29.8
0501 26.0
0501 28.4
0502 25.6
0502 28.6
0503 26.0
0503 29.4
0504 26.4
0504 30.0
0505 26.4
0505 31.0
0506 26.6
0506 30.6
0507 26.8
0507 29.4
0508 26.8
0508 28.0
0509 26.8
0509 28.0
0510 26.6
0510 26.2
0511 26.2
0511 27.0
0512 26.6
0512 28.2
0513 25.8
0513 28.2
0514 26.4
0514 30.0
0515 27.4
0515 28.4
0516 27.6
0516 24.0
0517 26.6
0517 26.2
0518 27.0
0518 29.2
0519 27.6
0519 29.4
0520 28.2
0520 28.4
0521 27.6
0521 26.8
0522 27.4
0522 25.2
0523 28.2
0523 31.6
0524 28.8
0524 26.6
0525 26.4
0525 25.6
0526 28.2
0526 25.2
0527 27.6
0527 26.6
0528 27.4
0528 28.2
0529 28.2
0529 29.0
0530 28.8
0530 28.8
0531 28.0
0531 26.2
0601 28.0
0601 27.4
0602 28.0
0602 32.0
0603 28.4
0603 27.4
0604 27.2
0604 31.8
0605 26.8
0605 29.6
0606 27.0
0606 26.0
0607 27.6
0607 28.4
0608 27.0
0608 25.4
0609 27.6
0609 25.8
0610 27.6
0610 26.0
0611 28.0
0611 26.0
0612 27.0
0612 27.8
0613 27.0
0613 32.0
0614 27.2
0614 29.4
0615 26.6
0615 31.0
0616 27.4
0616 31.8
0617 27.6
0617 31.8
0618 27.0
0618 32.2
0619 27.4
0619 30.6
0620 28.8
0620 30.4
0621 27.4
0621 28.4
0622 26.8
0622 27.2
0623 26.8
0623 28.8
0624 27.4
0624 31.4
0625 27.4
0625 30.0
0626 27.4
0626 28.6
0627 27.6
0627 29.8
0628 28.2
0628 32.4
0629 28.0
0629 33.8
0630 28.8
0630 34.4
0701 29.0
0701 34.4
0702 29.0
0702 34.6
0703 29.4
0703 34.6
0704 29.0
0704 32.8
0705 28.6
0705 29.0
0706 26.6
0706 28.6
0707 26.0
0707 29.2
0708 25.6
0708 28.6
0709 26.2
0709 29.2
0710 27.2
0710 27.2
0711 25.0
0711 30.4
0712 26.6
0712 31.8
0713 28.0
0713 31.0
0714 28.0
0714 29.2
0715 26.6
0715 30.6
0716 27.8
0716 30.6
0717 27.8
0717 29.4
0718 26.8
0718 27.8
0719 25.2
0719 26.6
0720 24.8
0720 25.8
0721 25.6
0721 29.6
0722 26.8
0722 30.4
0723 26.2
0723 29.8
0724 27.0
0724 30.8
0725 26.6
0725 28.6
0726 26.0
0726 27.8
0727 25.6
0727 26.8
0728 24.6
0728 25.8
0729 24.8
0729 25.8
0730 24.8
0730 24.6
0731 23.8
0731 24.4
0801 23.4
0801 28.0
0802 25.4
0802 29.6
0803 26.4
0803 29.2
0804 26.2
0804 29.8
0805 26.0
0805 30.0
0806 26.0
0806 30.2
0807 25.8
0807 29.8
0808 26.4
0808 29.6
0809 26.0
0809 29.6
0810 27.2
0810 30.2
0811 26.8
0811 30.8
0812 25.8
0812 25.8
0813 25.6
0813 30.0
0814 27.4
0814 29.2
0815 27.6
0815 31.6
0816 28.0
0816 32.4
0817 28.0
0817 30.4
0818 27.6
0818 31.2
0819 27.6
0819 31.8
0820 28.0
0820 30.2
0821 27.2
0821 30.2
0822 27.4
0823 27.0
0823 30.0
0824 26.4
0824 30.8
0825 27.0
0825 31.6
0826 27.6
0826 26.8
0827 25.0
0827 24.8
0828 25.0
0828 26.8
0829 26.0
0829 25.8
0830 26.0
0830 27.8
0831 25.8
0831 26.4
0901 26.0
0901 25.0
0902 25.6
0902 25.6
0903 25.2
0903 26.4
0904 26.8
0904 26.6
0905 26.2
0905 31.2
0906 26.6
0906 31.0
0907 27.4
0907 30.8
0908 27.6
0908 30.0
0909 27.6
0909 28.8
0910 27.0
0910 28.4
0911 26.8
0911 28.8
0912 27.8
0912 28.6
0913 27.6
0913 28.0
0914 26.6
0914 25.6
0915 25.2
0915 25.2
0916 24.8
0916 27.0
0917 26.0
0917 26.6
0918 26.2
0918 24.6
0919 24.6
0919 28.0
0920 26.2
0920 28.8
0921 26.6
0921 24.0
0922 25.2
0922 29.0
0923 25.6
0923 29.2
0924 26.0
0924 31.4
0925 27.0
0925 30.4
0926 27.0
0926 31.0
0927 26.8
0927 29.4
0928 27.0
0928 29.0
0929 26.4
0929 28.4
0930 25.8
0930 30.0
1001 27.4
1001 28.4
1002 26.0
1002 27.2
1003 24.8
1003 29.2
1004 25.8
1004 24.6
1005 24.8
1005 27.8
1006 25.0
1006 25.2
1007 25.2
1007 26.8
1008 25.0
1008 28.2
1009 25.0
1009 25.0
1010 25.2
1010 26.0
1011 21.4
1011 19.6
1012 21.0
1012 23.4
1013 23.8
1013 24.6
1014 24.8
1014 25.6
1015 22.2
1015 25.8
1016 22.0
1016 25.8
1017 21.8
1017 25.2
1018 20.8
1018 25.2
1019 21.4
1019 25.8
1020 20.8
1020 25.6
1021 22.2
1021 26.2
1022 22.8
1022 26.8
1023 22.6
1023 26.8
1024 22.8
1024 26.8
1025 25.6
1025 27.0
1026 24.4
1026 27.6
1027 23.4
1027 27.8
1028 24.2
1028 27.4
1029 24.0
1029 27.2
1030 24.4
1030 27.0
1031 25.0
1031 26.2
1101 22.6
1101 23.4
1102 22.0
1102 23.0
1103 22.8
1103 25.0
1104 24.4
1104 25.6
1105 25.4
1105 26.0
1106 25.2
1106 26.8
1107 25.2
1107 26.0
1108 25.0
1108 27.2
1109 24.4
1109 26.4
1110 25.0
1110 26.6
1111 25.0
1111 26.6
1112 24.4
1112 27.2
1113 23.6
1113 27.2
1114 24.4
1114 26.0
1115 23.2
1115 26.6
1116 23.8
1116 26.8
1117 24.0
1117 27.2
1118 23.8
1118 26.8
1119 24.2
1119 26.8
1120 25.6
1120 26.0
1121 25.0
1121 25.2
1122 24.0
1122 25.0
1123 24.2
1123 25.2
1124 23.0
1124 25.4
1125 23.6
1125 24.4
1126 18.4
1126 20.6
1127 21.2
1127 22.0
1128 22.0
1128 24.2
1129 22.6
1129 24.6
1130 22.8
1130 24.2
1201 21.6
1201 25.0
1202 22.2
1202 25.6
1203 22.4
1203 22.8
1204 21.6
1204 22.0
1205 21.2
1205 20.2
1206 16.0
1206 17.8
1207 16.2
1207 18.6
1208 17.4
1208 19.2
1209 17.6
1209 18.6
1210 18.6
1210 19.8
1211 18.4
1211 22.0
1212 20.6
1212 24.6
1213 21.4
1213 25.2
1214 21.0
1214 21.4
1215 19.6
1215 19.0
1216 16.4
1216 15.2
1217 13.8
1217 15.6
1218 15.2
1218 18.0
1219 17.4
1219 19.8
1220 19.4
1220 20.0
1221 18.6
1221 20.4
1222 21.0
1222 23.8
1223 22.4
1223 25.6
1224 21.8
1224 24.6
1225 18.6
1225 16.8
1226 17.2
1226 18.0
1227 18.2
1227 18.4
1228 19.0
1228 19.2
1229 19.8
1229 20.2
1230 18.4
1230 18.8
1231 17.8
1231 17.6
0101 18.8
0102 18.2
0102 19.4
0103 19.4
0103 20.2
0104 21.0
0104 21.8
0105 21.2
0105 20.2
0106 19.2
0106 21.0
0107 19.8
0107 20.6
0108 19.8
0108 21.6
0109 20.2
0109 22.4
0110 20.8
0110 22.4
0111 20.2
0111 19.0
0112 18.0
0112 18.6
0113 18.8
0113 18.4
0114 18.8
0114 21.0
0115 20.2
0115 18.2
0116 18.6
0116 21.4
0117 19.6
0117 19.6
0118 17.4
0118 17.2
0119 17.2
0119 18.2
0120 19.8
0120 20.0
0121 19.8
0121 19.2
0122 18.6
0122 16.6
0123 9.6
0123 8.6
0124 7.0
0124 6.2
0125 7.6
0125 9.4
0126 11.0
0126 8.8
0127 11.6
0127 14.2
0128 13.4
0128 16.4
0129 16.8
0129 17.0
0130 17.4
0130 17.4
0131 20.4
0131 22.4
0201 15.2
0201 11.8
0202 9.8
0202 10.6
0203 11.6
0203 14.2
0204 15.8
0204 15.6
0205 13.4
0205 15.2
0206 12.8
0206 14.2
0207 12.4
0207 13.6
0208 9.8
0208 16.0
0209 13.4
0209 17.2
0210 15.4
0210 20.0
0211 17.6
0211 20.8
0212 20.8
0212 27.2
0213 21.6
0213 27.2
0214 20.4
0214 21.2
0215 15.0
0215 13.6
0216 13.0
0216 12.6
0217 13.0
0217 14.0
0218 14.6
0219 15.4
0219 15.2
0220 15.0
0220 16.6
0221 16.2
0221 20.0
0222 20.0
0222 21.0
0223 17.6
0223 16.2
0224 13.6
0224 12.4
0225 13.4
0225 13.6
0226 14.0
0227 12.8
0227 15.6
0228 13.6
0228 16.6
0229 13.4
0229 19.0
0301 14.6
0301 18.6
0302 17.4
0302 19.8
0303 17.4
0303 20.8
0304 18.6
0304 21.0
0305 19.6
0305 19.8
0306 19.8
0306 22.6
0307 19.6
0307 24.2
0308 21.6
0308 24.2
0309 20.8
0309 25.0
0310 19.6
0310 13.8
0311 13.2
0311 12.8
0312 14.8
0312 15.6
0313 17.4
0313 18.4
0314 16.2
0314 16.4
0315 16.4
0315 17.6
0316 18.4
0316 20.6
0317 18.4
0317 24.2
0318 19.8
0318 23.2
0319 19.4
0319 28.2
0320 21.0
0320 25.0
0321 23.6
0321 27.0
0322 24.0
0322 27.0
0323 21.4
0323 24.6
0324 19.2
0324 16.4
0325 16.2
0325 15.4
0326 13.0
0326 17.8
0327 16.4
0327 19.0
0328 17.6
0328 20.4
0329 18.2
0329 20.8
0330 19.8
0330 21.4
0331 21.4
0331 22.4
0401 22.0
0401 26.2
0402 23.6
0402 27.4
0403 23.0
0403 28.2
0404 23.4
0404 28.2
0405 25.2
0405 29.6
0406 24.6
0406 29.0
0407 23.6
0407 27.0
0408 24.0
0408 25.6
0409 24.4
0409 26.4
0410 23.0
0410 26.8
0411 22.6
0411 27.2
0412 25.6
0412 27.0
0413 22.4
0413 27.8
0414 26.4
0414 30.8
0415 26.6
0415 31.4
0416 26.2
0416 27.2
0417 26.0
0417 29.4
0418 23.0
0418 22.6
0419 23.8
0419 27.8
0420 25.4
0420 28.0
0421 24.8
0421 29.4
0422 25.0
0422 21.4
0423 23.4
0423 28.2
0424 24.0
0424 26.6
0425 24.0
0425 28.8
0426 26.4
0426 29.8
0427 26.6
0427 27.6
0428 24.2
0428 28.2
0429 25.4
0429 26.0
0430 25.4
0430 26.8
0501 24.4
0501 30.6
0502 26.4
0502 29.4
0503 25.0
0504 26.2
0504 27.6
0505 27.0
0505 31.8
0506 27.2
0506 31.2
0507 27.0
0507 30.4
0508 27.0
0508 31.8
0509 27.6
0509 33.0
0510 26.8
0510 25.2
0511 24.8
0511 28.0
0512 26.8
0512 29.0
0513 22.6
0513 25.2
0514 23.6
0514 29.4
0515 25.8
0515 27.6
0516 21.6
0516 24.4
0517 22.8
0517 26.8
0518 25.2
0518 29.8
0519 26.4
0519 27.4
0520 27.2
0520 30.2
0521 26.4
0521 28.0
0522 26.2
0522 28.0
0523 26.2
0523 28.8
0524 25.2
0524 27.2
0525 27.0
0525 30.2
0526 28.0
0526 29.2
0527 27.0
0527 27.0
0528 27.4
0528 26.0
0529 27.0
0529 26.0
0530 27.8
0530 28.0
0531 27.8
0531 27.2
0601 27.8
0601 31.0
0602 27.4
0602 32.2
0603 28.6
0603 32.2
0604 29.2
0604 26.8
0605 25.6
0606 26.6
0606 24.4
0607 25.4
0607 25.4
0608 26.4
0608 26.8
0609 26.4
0609 27.4
0610 27.0
0610 26.4
0611 27.2
0611 29.4
0612 28.4
0612 27.2
0613 27.8
0613 32.0
0614 29.0
0614 32.2
0615 28.4
0615 28.8
0616 28.8
0616 26.4
0617 26.2
0617 27.4
0618 27.6
0618 25.0
0619 27.0
0619 30.8
0620 27.4
0620 31.2
0621 28.0
0621 31.0
0622 27.6
0622 30.4
0623 27.2
0623 30.8
0624 27.6
0624 30.4
0625 28.4
0625 28.0
0626 27.8
0626 29.8
0627 27.8
0627 30.2
0628 27.8
0628 29.0
0629 28.0
0629 29.2
0630 27.4
0630 28.2
0701 27.4
0701 31.2
0702 27.8
0702 28.4
0703 27.2
0703 27.4
0704 27.0
0704 26.4
0705 26.6
0705 29.6
0706 28.0
0706 28.6
0707 26.8
0707 29.8
0708 26.6
0708 29.8
0709 27.2
0709 30.0
0710 28.2
0710 32.4
0711 27.8
0711 26.0
0712 26.8
0712 28.4
0713 27.0
0713 25.6
0714 26.8
0714 28.0
0715 27.4
0715 32.0
0716 28.4
0716 28.8
0717 27.4
0717 28.0
0718 27.8
0718 31.8
0719 28.2
0719 31.2
0720 27.8
0720 31.2
0721 27.4
0721 24.6
0722 27.2
0722 29.8
0723 26.2
0723 30.4
0724 26.8
0724 31.8
0725 27.4
0725 31.4
0726 27.2
0726 28.6
0727 25.4
0727 26.8
0728 26.4
0728 29.2
0729 26.4
0729 29.4
0730 25.8
0730 31.0
0731 27.6
0731 28.6
0801 25.8
0801 30.0
0802 24.2
0802 26.8
0803 26.8
0803 28.4
0805 -72.1
0805 27.6
0806 26.0
0806 30.6
0807 26.8
0807 30.8
0808 27.0
0808 31.0
0809 27.6
0809 31.2
0810 28.6
0810 31.8
0811 28.6
0811 27.6
0812 25.4
0812 27.6
0813 26.8
0813 28.6
0814 26.4
0814 27.6
0815 26.0
0815 26.8
0816 25.4
0816 26.8
0817 25.2
0817 25.4
0818 24.6
0818 24.8
0819 25.0
0819 28.2
0820 26.6
0820 29.6
0821 26.4
0821 28.2
0822 26.2
0822 28.2
0823 27.2
0823 29.2
0824 26.0
0824 30.2
0825 27.0
0825 30.0
0826 26.4
0826 30.6
0827 25.4
0827 30.0
0828 26.4
0828 26.0
0829 25.6
0829 27.6
0830 25.4
0830 28.8
0831 26.0
0831 28.6
0901 26.6
0901 30.6
0902 27.4
0902 27.4
0903 26.2
0903 28.2
0904 27.2
0904 29.0
0905 25.8
0905 29.0
0906 26.0
0906 26.0
0907 25.8
0907 28.0
0908 26.4
0908 26.4
0909 26.0
0909 30.4
0910 27.4
0910 31.0
0911 27.4
0911 24.4
0912 27.6
0912 28.8
0913 27.4
0913 29.0
0914 26.8
0914 29.0
0915 26.2
0915 28.6
0916 26.2
0916 29.8
0917 26.6
0917 30.0
0918 25.4
0918 29.0
0919 26.8
0919 28.4
0920 28.0
0920 28.0
0921 27.8
0921 26.6
0922 25.4
0922 25.2
0923 25.2
0923 25.8
0924 25.4
0924 25.8
0925 25.2
0925 27.8
0926 24.4
0926 28.8
0927 24.8
0927 27.8
0928 26.4
0928 28.8
0929 26.2
0929 28.0
0930 25.2
0930 25.8
1001 24.2
1001 26.4
1002 24.8
1002 27.2
1003 25.4
1003 26.8
1004 25.0
1004 27.2
1005 26.0
1005 27.8
1006 26.8
1006 26.4
1007 24.4
1007 28.0
1008 24.8
1008 28.2
1009 26.0
1009 27.2
1010 26.4
1010 26.4
1011 26.2
1011 26.4
1012 26.0
1013 25.0
1013 26.6
1014 25.4
1014 25.0
1015 26.0
1015 26.6
1016 26.2
1016 27.4
1017 25.8
1017 26.6
1018 23.8
1018 25.6
1019 25.2
1019 27.0
1020 24.2
1020 26.4
1021 25.0
1021 25.4
1022 23.8
1022 27.2
1023 25.0
1023 27.8
1024 26.0
1024 28.0
1025 26.2
1025 27.6
1026 25.2
1026 27.4
1027 25.0
1027 27.2
1028 25.0
1028 27.4
1029 26.4
1029 27.6
1030 24.8
1030 25.0
1031 24.4
1031 25.0
1101 25.4
1101 24.8
1102 24.0
1102 23.8
1103 -80.5
1104 23.4
1105 21.2
1105 25.4
1106 23.0
1106 25.6
1107 23.8
1107 26.4
1108 24.4
1108 26.0
1109 23.4
1109 22.2
1110 17.0
1110 17.2
1111 19.4
1111 21.8
1112 23.2
1112 26.0
1113 24.0
1113 26.6
1114 23.6
1114 26.2
1115 22.2
1115 25.0
1116 23.0
1116 25.6
1117 24.0
1117 25.2
1118 25.0
1118 25.8
1119 25.2
1119 26.0
1120 25.0
1120 26.2
1121 25.0
1121 26.2
1122 24.6
1122 26.0
1123 24.6
1123 22.6
1124 18.2
1124 18.4
1125 16.6
1125 16.4
1126 17.2
1126 15.0
1127 14.8
1127 17.2
1128 19.6
1128 20.6
1129 20.4
1129 20.6
1130 20.8
1130 20.2
1201 16.6
1201 20.0
1202 20.4
1202 21.6
1203 22.0
1204 20.6
1204 22.0
1205 19.6
1205 22.8
1206 22.2
1206 21.2
1207 20.8
1207 21.0
1208 19.8
1208 20.6
1209 18.4
1209 20.4
1210 19.2
1210 21.2
1211 22.0
1211 22.8
1212 21.4
1212 24.2
1213 22.8
1213 22.6
1214 21.4
1214 21.0
1215 19.2
1215 19.2
1216 17.0
1216 17.0
1217 17.8
1217 20.0
1218 19.6
1218 20.4
1219 20.8
1219 23.4
1220 22.2
1220 23.4
1221 22.2
1221 22.2
1222 21.6
1222 22.6
1223 21.0
1223 20.8
1224 19.8
1224 21.2
1225 22.0
1225 24.2
1226 22.0
1226 22.0
1227 16.0
1227 17.2
1228 15.6
1228 16.2
1229 17.2
1229 17.2
1230 17.4
1230 18.2
1231 19.0
1231 19.2
0101 20.6
0102 20.8
0103 18.2
0103 21.2
0104 20.2
0104 21.0
0105 20.4
0105 21.8
0106 21.0
0106 21.2
0107 22.0
0107 22.4
0108 21.6
0108 22.6
0109 21.0
0109 21.2
0110 21.0
0110 21.4
0111 20.8
0111 20.8
0112 20.6
0112 17.0
0113 14.2
0113 14.6
0114 15.8
0114 17.2
0115 17.0
0115 16.6
0116 16.4
0116 18.4
0117 20.0
0117 20.2
0118 19.8
0118 20.4
0119 20.2
0119 20.6
0120 18.2
0120 18.0
0121 17.4
0121 17.6
0122 16.8
0122 17.0
0123 16.6
0123 18.4
0124 19.0
0124 19.2
0125 18.4
0125 19.0
0126 17.0
0126 19.0
0127 17.2
0127 18.2
0128 13.4
0128 20.2
0129 18.6
0129 20.4
0130 19.6
0130 20.4
0131 19.0
0131 18.4
0201 18.0
0201 19.0
0202 19.0
0202 18.8
0203 19.0
0203 18.6
0204 19.4
0204 18.0
0205 17.0
0205 18.6
0206 14.4
0206 20.6
0207 20.8
0207 21.0
0208 20.0
0208 20.0
0209 14.0
0209 14.2
0210 14.8
0210 14.4
0211 14.6
0211 14.4
0212 16.0
0212 16.4
0213 15.6
0213 17.4
0214 17.2
0214 18.2
0215 18.4
0215 18.8
0216 17.0
0216 20.2
0217 17.2
0217 19.4
0218 18.2
0218 21.8
0219 17.8
0219 21.6
0220 19.4
0220 25.4
0221 21.2
0221 24.8
0222 23.6
0222 21.0
0223 23.8
0223 15.2
0224 14.8
0224 14.4
0225 13.2
0225 13.0
0226 12.4
0226 15.0
0227 15.8
0227 17.6
0228 17.6
0228 19.2
0301 18.4
0301 19.4
0302 17.0
0302 19.4
0303 18.8
0303 23.0
0304 19.0
0304 24.2
0305 20.6
0305 22.2
0306 21.2
0306 22.0
0307 21.2
0307 21.2
0308 18.8
0308 17.2
0309 18.8
0309 19.4
0310 21.2
0310 22.6
0311 20.2
0311 25.2
0312 22.6
0312 26.4
0313 23.2
0313 25.8
0314 22.0
0314 25.2
0315 23.2
0315 24.6
0316 22.6
0316 25.8
0317 23.0
0317 24.6
0318 23.8
0318 24.8
0319 24.0
0319 23.6
0320 23.2
0320 27.4
0321 23.6
0321 27.2
0322 23.4
0322 26.6
0323 23.8
0323 26.6
0324 23.8
0324 26.6
0325 23.6
0325 20.6
0326 17.4
0326 16.2
0327 18.2
0327 20.0
0328 21.6
0328 24.6
0329 22.2
0329 26.4
0330 23.4
0330 26.8
0331 22.8
0331 19.0
0401 17.8
0401 19.4
0402 19.8
0402 21.8
0403 20.6
0403 23.6
0404 20.2
0404 25.0
0405 21.6
0405 25.6
0406 22.8
0406 26.4
0407 24.4
0407 29.0
0408 24.6
0408 30.0
0409 24.4
0409 31.0
0410 24.8
0410 31.4
0411 25.4
0411 28.0
0412 23.4
0412 21.2
0413 20.0
0413 20.8
0414 22.4
0414 25.2
0415 23.6
0415 27.4
0416 24.2
0416 28.4
0417 24.0
0417 24.6
0418 22.0
0418 26.2
0419 24.2
0419 27.2
0420 26.8
0420 28.8
0421 26.2
0421 28.4
0422 20.8
0422 21.8
0423 22.6
0423 21.0
0424 23.2
0424 22.6
0425 24.0
0425 25.8
0426 24.6
0426 28.0
0427 24.8
0427 24.4
0428 22.6
0428 23.2
0429 21.8
0429 25.2
0430 23.4
0430 26.8
0501 24.6
0501 28.6
0502 25.6
0502 31.2
0503 26.2
0503 31.0
0504 27.0
0504 25.6
0505 25.6
0505 24.8
0506 25.2
0506 28.4
0507 25.6
0507 27.4
0508 25.6
0508 27.8
0509 26.4
0509 25.6
0510 25.8
0510 25.6
0511 25.6
0511 26.8
0512 26.4
0512 27.8
0513 25.6
0513 27.0
0514 26.2
0514 24.8
0515 25.4
0515 26.0
0516 25.2
0516 25.4
0517 25.8
0517 26.6
0518 26.2
0518 26.6
0519 26.8
0520 26.0
0520 26.0
0521 25.0
0521 28.2
0522 26.4
0522 29.2
0523 27.6
0523 30.0
0524 27.4
0524 28.4
0525 25.0
0525 25.8
0526 23.8
0526 25.4
0527 25.8
0527 26.4
0528 26.8
0528 27.0
0529 26.4
0529 27.8
0530 26.8
0530 28.6
0531 25.6
0531 30.8
0601 27.4
0601 34.0
0602 28.0
0602 33.6
0603 28.4
0603 34.2
0604 28.4
0604 33.0
0605 29.0
0605 28.0
0606 28.8
0606 31.6
0607 28.6
0607 28.8
0608 27.2
0608 28.6
0609 26.6
0609 27.8
0610 26.6
0610 30.2
0611 27.2
0611 28.2
0612 28.4
0612 31.2
0613 27.4
0613 30.4
0614 27.4
0614 25.2
0615 27.6
0615 25.8
0616 26.8
0616 31.2
0617 27.6
0617 28.6
0618 27.0
0618 28.8
0619 27.2
0619 28.4
0620 26.2
0620 25.8
0621 27.0
0621 27.0
0622 27.4
0622 31.4
0623 27.8
0623 30.6
0624 27.4
0624 30.0
0625 27.6
0625 30.6
0626 27.2
0626 31.2
0627 27.2
0627 31.2
0628 27.2
0628 29.6
0629 27.2
0629 30.2
0630 27.2
0630 25.0
0701 27.0
0701 27.0
0702 27.4
0702 30.6
0703 27.2
0703 30.6
0704 26.4
0704 25.4
0705 26.2
0705 25.6
0706 25.8
0706 24.8
0707 25.4
0707 27.4
0708 26.4
0708 29.4
0709 27.2
0709 25.6
0710 26.8
0710 25.6
0711 27.4
0711 30.0
0712 26.2
0712 27.4
0713 25.8
0713 27.8
0714 24.6
0714 26.2
0715 26.8
0715 27.6
0716 25.2
0716 26.8
0717 26.0
0717 29.0
0718 26.6
0718 25.0
0719 25.8
0719 24.2
0720 26.4
0720 29.4
0721 26.4
0721 29.0
0722 25.6
0722 26.2
0723 26.8
0723 29.4
0724 26.4
0724 28.8
0725 27.6
0725 29.2
0726 27.8
0726 29.0
0727 25.8
0727 29.6
0728 26.4
0728 26.8
0729 25.2
0729 29.6
0730 27.2
0730 30.8
0731 26.0
0731 31.6
0801 28.8
0801 30.6
0802 27.8
0802 27.6
0803 27.0
0803 25.4
0804 26.4
0804 24.8
0805 25.8
0805 25.6
0806 26.6
0806 24.4
0807 26.2
0807 28.6
0808 27.0
0808 32.4
0809 27.8
0809 32.4
0810 27.6
0810 29.0
0811 27.4
0811 27.2
0812 27.8
0812 31.8
0813 27.6
0813 29.4
0814 27.2
0814 31.6
0815 27.0
0815 29.4
0816 27.0
0816 28.8
0817 27.0
0817 30.2
0818 27.2
0818 28.6
0819 27.8
0819 27.8
0820 27.0
0820 29.6
0821 26.4
0821 30.2
0822 26.6
0822 29.2
0823 24.2
0824 26.2
0824 28.8
0825 27.2
0825 28.6
0826 27.0
0826 25.6
0827 26.8
0827 24.8
0828 25.2
0828 27.0
0829 26.4
0829 26.6
0830 26.0
0830 29.6
0831 25.2
0831 29.2
0901 26.2
0901 29.8
0902 25.2
0902 30.4
0903 28.0
0903 30.6
0904 27.6
0904 30.4
0905 28.0
0905 26.2
0906 26.2
0906 26.0
0907 26.0
0907 27.2
0908 26.0
0908 27.4
0909 26.2
0909 27.0
0910 26.2
0910 26.6
0911 25.6
0911 29.8
0912 25.4
0912 29.0
0913 27.6
0913 29.4
0914 28.2
0914 26.6
0915 27.2
0915 28.6
0916 27.2
0916 29.8
0917 25.8
0917 29.4
0918 26.0
0918 29.8
0919 27.0
0919 29.2
0920 26.8
0920 29.2
0921 25.8
0921 29.2
0922 27.0
0922 29.8
0923 25.6
0923 29.6
0924 27.6
0924 27.4
0925 26.0
0925 28.8
0926 26.6
0926 29.2
0927 25.2
0927 29.8
0928 28.2
0928 27.0
0929 25.6
0929 28.2
0930 25.6
0930 27.8
1001 25.6
1001 28.2
1002 26.8
1002 28.8
1004 26.8
1004 27.4
1005 26.0
1005 24.6
1006 25.2
1006 26.6
1007 26.4
1007 26.0
1008 25.4
1008 27.8
1009 27.8
1009 26.6
1010 27.0
1010 25.0
1011 25.6
1011 28.2
1012 26.4
1012 28.0
1013 25.0
1013 26.2
1014 23.6
1014 27.0
1015 22.4
1016 18.8
1016 24.6
1017 22.2
1017 24.2
1018 25.4
1018 25.4
1019 23.6
1019 25.2
1020 23.2
1020 24.8
1021 23.0
1021 23.4
1022 22.4
1022 23.4
1023 20.6
1023 23.6
1024 21.6
1024 25.2
1025 23.2
1025 25.6
1026 23.2
1026 24.6
1027 20.8
1027 25.2
1028 21.2
1028 25.2
1029 23.2
1029 24.2
1030 23.4
1030 23.2
1031 23.2
1031 23.2
1101 22.2
1101 23.4
1102 22.0
1102 23.0
1103 22.0
1104 20.2
1104 24.0
1105 23.0
1105 23.8
1106 21.8
1106 22.8
1107 21.6
1107 21.8
1108 21.8
1108 22.6
1109 23.2
1109 24.4
1110 23.6
1110 24.2
1111 22.6
1111 25.0
1112 23.4
1112 23.4
1113 23.4
1113 23.4
1114 24.2
1114 24.0
1115 24.2
1115 24.6
1116 23.2
1116 25.2
1117 23.2
1117 25.8
1118 23.6
1118 25.8
1119 22.4
1119 22.8
1120 21.8
1120 18.4
1121 19.0
1121 19.0
1122 16.6
1122 18.4
1123 16.6
1123 16.8
1124 14.4
1124 16.0
1125 14.0
1125 16.8
1126 16.2
1126 18.4
1127 18.8
1127 21.4
1128 21.2
1128 22.2
1129 22.2
1129 22.2
1130 22.6
1130 23.2
1201 21.6
1201 21.2
1202 20.2
1202 20.0
1203 20.2
1203 21.0
1204 20.4
1204 20.6
1205 19.2
1205 21.2
1206 19.8
1206 21.4
1207 21.0
1207 21.2
1208 19.6
1208 18.4
1209 17.2
1209 17.6
1210 16.6
1210 19.8
1211 18.4
1211 20.2
1212 19.6
1212 20.2
1213 20.2
1213 21.8
1214 21.8
1214 21.4
1215 21.2
1215 20.6
1216 16.0
1216 14.6
1217 11.2
1217 13.6
1218 12.8
1218 13.8
1219 11.8
1219 14.8
1220 12.8
1220 16.2
1221 16.4
1221 16.8
1222 16.4
1222 17.4
1223 19.6
1223 20.4
1224 18.0
1224 18.6
1225 16.8
1225 18.2
1226 18.6
1226 18.6
1227 19.2
1227 19.2
1228 18.6
1228 19.0
1229 19.4
1229 20.8
1230 18.6
1230 18.4
1231 16.6
1231 17.2
