1.21 1.42 1.19 1.33 1.28 1.2 1.31 1.29 1.27 1.3 1.22 1.28 1.16 1.37 1.29 1.2 1.27 1.29 1.13 1.27 1.2 1.05 1.16 1.32 0.98 1.17 1.09 1.14 1.21 1.12 1.44 
5.11 4.76 5.25 5.02 5.19 5.56 5.31 4.29 5.16 5.12 5.39 5.43 5.19 5.75 4.43 4.68 4.7 5.36 5.4 4.92 5.1 4.82 5.03 4.35 4.69 4.55 5.49 5.22 
7.63 8.61 8.4 7.75 7.55 7.26 8.3 7.6 8.69 8.2 7.3 6.96 9.53 7.75 8.63 7.13 8.35 8.86 7.58 7.27 8.09 8.66 6.62 7.44 7.42 7.65 7.64 9.06 6.27 7.57 8.7 
54.03 47.56 42.83 36.67 34.97 41.95 50.69 45.25 48.37 44.37 40.18 37.21 50.88 42.43 49.19 38.11 47.45 45.28 49.72 45.64 48.16 53.82 49.56 44.42 44.82 51.23 47.18 37.74 39.08 48.78 
90.2 100.14 112.32 89.49 95.7 113.98 105.93 60.47 91.87 98.63 101.59 111.52 99.15 107.37 109.91 97.36 112.11 95.89 100.7 82.1 93.28 99.02 98.77 117.62 108.56 105.95 114.5 102.04 98.46 104.54 96.63 
210.29 177.2 185.42 190.71 149.41 203.16 229.71 208.0 187.65 176.3 175.55 159.81 205.38 161.82 201.68 176.1 193.49 178.37 185.44 194.64 186.9 183.29 201.68 203.43 190.36 217.26 165.79 164.86 179.65 179.28 
619.65 510.8 455.2 608.88 556.54 564.77 509.29 508.1 514.61 593.74 483.05 504.4 484.77 618.16 520.42 545.68 546.06 610.68 603.96 501.92 436.56 532.49 459.6 454.26 655.25 532.1 413.33 564.45 380.86 459.87 488.09 
215.06 241.38 212.28 268.13 233.79 217.23 202.59 192.07 242.03 253.45 221.08 208.58 233.38 244.83 229.55 196.71 234.5 215.12 247.06 246.78 268.81 211.71 221.89 205.91 237.64 234.03 261.29 233.19 236.93 250.01 204.89 
206.04 209.3 207.17 190.56 181.17 201.82 199.62 204.77 207.83 227.42 184.0 213.25 213.65 189.69 194.37 203.63 186.98 209.64 163.52 181.54 187.22 216.64 216.94 227.44 227.67 236.95 205.48 189.2 213.65 194.54 
32.33 22.49 24.51 25.25 28.57 27.37 32.14 30.18 30.33 30.22 28.6 24.92 25.76 31.32 31.86 30.78 20.51 30.21 30.95 29.82 27.09 29.53 31.38 31.42 27.51 28.94 28.21 26.35 30.29 27.23 25.65 
26.72 24.58 20.86 23.17 20.9 22.52 21.66 24.23 21.05 24.54 25.51 24.28 24.31 24.3 27.46 27.57 24.31 20.98 21.44 22.22 22.81 21.84 24.13 19.58 24.1 21.01 23.45 22.41 24.46 20.6 
8.18 8.41 8.63 7.72 8.07 8.95 8.77 9.55 7.97 8.42 8.17 9.91 7.2 7.74 8.08 7.43 7.66 8.84 9.02 7.94 7.95 8.07 8.91 8.03 7.51 7.9 7.36 7.5 7.29 9.3 6.44 
