1.07 1.15 1.18 1.27 1.0 1.04 0.89 0.96 1.01 1.05 1.12 1.11 1.27 1.1 0.85 1.18 1.2 1.13 1.08 0.91 1.14 0.85 1.07 0.98 1.18 1.11 0.9 1.0 1.07 1.04 0.91 
9.03 8.12 8.5 8.08 8.99 8.33 8.3 8.9 9.76 8.93 9.16 8.52 8.46 9.75 8.23 8.22 8.64 9.3 8.64 8.17 9.43 10.13 10.07 9.26 7.76 8.89 9.12 8.15 
14.09 13.86 14.48 11.24 14.21 14.39 13.89 13.68 13.85 13.95 14.72 12.21 16.02 14.35 12.15 15.11 13.19 13.54 14.45 15.86 15.81 17.06 13.06 15.17 16.52 15.28 14.88 13.19 14.25 13.06 13.13 
43.61 42.53 36.97 46.73 44.27 39.36 47.79 39.83 41.72 40.37 49.07 47.86 41.64 40.72 41.14 39.58 38.41 42.81 44.86 36.77 43.29 46.52 44.74 43.52 44.94 39.5 46.28 44.8 50.54 42.38 
44.24 48.13 51.52 52.37 45.92 47.66 54.35 54.1 45.81 53.25 53.58 49.39 51.19 48.87 47.93 54.12 50.35 48.45 49.58 55.72 47.31 55.09 53.77 57.98 45.18 48.12 53.6 48.03 56.68 49.85 59.13 
139.77 131.83 141.43 102.21 135.51 147.99 150.91 126.28 129.43 145.65 140.3 144.7 155.93 138.87 161.59 127.24 139.45 118.66 115.85 133.07 127.86 134.71 141.26 115.62 134.39 150.45 141.14 127.41 142.08 116.16 
388.16 446.05 409.35 347.18 473.59 384.48 454.25 381.68 352.88 321.8 372.35 345.56 371.83 453.01 496.26 417.97 424.31 410.94 344.54 377.23 439.91 427.28 479.41 407.74 377.68 464.32 359.29 341.51 373.53 414.09 426.35 
181.07 161.93 215.18 183.32 162.71 194.73 171.04 203.73 179.5 174.33 197.12 171.1 165.21 193.43 185.72 157.84 172.24 155.3 226.85 165.0 163.29 182.48 192.75 183.38 165.34 184.67 155.62 161.69 183.29 187.03 207.34 
42.57 51.13 49.72 56.71 43.11 58.83 61.11 55.27 52.22 53.03 49.43 52.92 55.02 44.3 48.64 43.03 46.9 45.17 50.71 60.88 47.33 49.11 49.39 47.71 42.03 49.86 47.3 41.84 47.7 51.75 
76.47 56.97 83.3 74.94 77.12 83.12 67.36 71.57 80.76 65.89 76.16 66.51 63.32 63.06 76.34 75.75 76.38 76.47 76.58 51.97 74.13 74.35 74.6 77.45 65.07 67.67 87.74 78.39 63.07 67.48 69.81 
15.27 16.33 17.28 12.1 15.83 18.02 15.8 19.75 13.59 17.79 16.99 18.01 17.69 16.57 14.22 16.28 17.12 15.33 15.74 14.11 15.83 16.75 15.33 17.97 17.96 19.36 17.0 17.94 16.49 16.68 
5.12 5.06 6.65 5.91 4.85 5.21 6.79 5.61 5.73 5.9 6.69 5.65 5.05 4.82 5.6 7.52 5.08 6.38 5.36 5.49 5.66 5.58 5.45 4.43 6.45 5.8 5.31 5.35 5.67 6.04 6.91 
