3.61 2.98 3.55 3.22 3.0 3.63 3.43 2.69 2.79 3.34 3.68 2.98 3.37 3.09 2.67 3.25 3.19 4.0 3.31 3.04 2.44 3.63 3.06 2.94 2.76 3.01 3.01 3.39 3.27 3.16 3.14 
2.55 2.71 2.19 2.85 3.11 2.93 2.92 3.23 2.57 3.1 3.03 3.03 3.0 2.72 2.64 3.05 2.68 2.47 3.26 2.67 2.77 2.91 2.86 2.68 2.81 2.7 2.87 2.93 
8.43 6.21 8.48 8.27 7.91 8.77 8.63 8.97 7.32 6.46 8.78 7.89 7.35 7.88 9.01 8.57 7.51 8.89 8.01 7.6 8.08 7.49 7.66 8.7 7.11 7.97 8.73 7.55 7.87 7.76 6.86 
96.3 98.71 101.62 98.03 88.09 99.48 103.91 102.99 77.05 90.52 95.71 102.49 87.92 117.26 84.44 94.59 101.51 110.5 99.07 98.67 115.01 105.81 94.36 101.12 101.54 95.46 94.94 82.17 98.19 113.39 
49.74 41.55 42.45 42.24 46.44 38.61 40.68 44.51 45.85 40.46 41.24 49.24 51.57 42.64 42.78 47.53 46.57 40.15 41.49 47.3 52.57 34.34 44.47 45.31 51.55 40.52 40.34 48.24 45.95 44.31 39.24 
90.16 84.26 78.63 84.84 66.3 91.08 92.69 81.94 88.44 93.86 91.78 81.99 80.74 80.07 101.48 78.56 91.85 94.18 81.31 67.33 81.46 92.01 84.4 77.6 88.16 91.69 88.21 85.82 79.33 94.45 
84.74 103.56 69.95 83.31 89.1 87.79 84.75 96.27 87.02 87.06 94.07 111.1 94.82 90.63 83.87 96.41 102.17 82.63 101.03 76.08 101.47 99.57 103.43 95.3 89.35 105.48 90.5 104.88 93.05 95.73 100.39 
319.96 351.71 297.37 307.12 263.38 238.7 308.13 281.6 254.95 289.74 259.8 287.63 296.33 274.64 264.54 296.41 274.65 266.81 263.41 313.06 273.28 253.21 297.23 319.03 288.67 285.96 314.3 269.22 237.33 316.96 289.35 
222.61 201.15 248.95 230.9 157.23 183.46 213.86 191.42 222.86 204.39 211.82 178.76 236.8 163.34 190.06 159.6 201.82 204.18 207.66 210.19 229.7 225.49 222.31 160.73 196.05 165.37 208.88 173.17 197.71 191.52 
13.63 13.54 15.86 13.68 14.24 13.37 14.15 15.49 13.85 14.66 13.6 13.86 13.3 12.39 13.3 15.44 10.31 12.43 14.99 14.19 12.83 15.36 13.27 15.9 15.51 15.04 12.46 16.72 13.08 13.29 15.17 
10.66 8.98 8.58 9.66 10.71 9.73 10.69 10.09 9.04 10.35 11.34 9.87 9.07 9.52 8.73 9.13 8.27 7.56 9.96 9.47 8.62 9.73 10.26 11.14 9.88 9.93 10.52 9.82 9.9 9.2 
15.18 15.53 15.78 12.51 15.18 15.17 13.31 14.44 11.48 11.63 11.97 13.47 11.6 13.61 13.63 12.89 13.65 12.16 10.09 14.23 14.41 12.02 12.52 13.21 14.77 11.34 14.55 11.83 14.03 15.38 13.36 
