10.53 11.01 12.94 11.39 12.59 11.96 9.68 10.71 13.05 11.44 11.84 11.76 10.66 12.06 9.42 10.21 10.24 12.52 9.87 11.65 12.09 11.5 11.03 10.24 12.6 10.84 11.02 10.12 10.2 11.61 11.59 
24.82 27.47 24.35 26.86 27.13 23.77 24.64 26.97 23.77 23.14 28.32 27.7 26.01 21.83 27.03 20.63 25.64 29.6 26.15 25.73 23.27 23.04 27.11 22.76 20.89 22.91 26.35 27.67 26.39 
35.8 32.75 28.75 29.42 37.89 38.27 32.17 35.6 35.94 31.5 33.83 31.04 39.67 32.94 31.57 37.44 31.81 37.21 40.14 24.25 34.02 35.35 34.91 27.84 31.54 39.01 31.58 30.55 31.47 33.62 34.86 
53.31 63.44 65.9 60.83 56.9 53.95 70.25 52.28 68.21 61.02 49.65 67.96 53.77 63.16 58.53 53.92 56.12 53.86 60.86 49.14 69.99 50.33 59.74 70.6 46.34 58.8 60.43 55.76 63.89 56.77 
93.09 93.66 84.33 74.75 84.02 90.32 92.69 92.55 102.75 86.16 87.2 84.71 83.21 87.42 84.53 82.95 84.64 86.34 74.68 87.53 84.75 86.4 82.43 103.41 90.2 93.01 87.31 101.54 87.87 109.81 91.65 
85.26 94.52 80.82 59.31 71.1 74.35 82.08 73.49 94.7 74.33 84.96 81.7 76.61 86.19 85.75 72.65 72.75 66.91 83.52 86.63 79.92 73.24 87.78 84.41 82.79 83.62 93.0 71.77 66.76 86.14 
377.86 330.89 349.54 398.23 327.4 301.5 314.65 365.57 287.46 333.42 304.43 349.79 291.36 299.86 347.16 375.39 405.58 347.8 412.63 302.53 301.17 332.73 337.31 424.54 278.0 331.35 337.38 315.71 310.38 351.39 311.15 
184.13 186.83 188.79 167.76 190.09 188.16 175.36 191.73 185.02 188.28 171.84 160.39 159.88 156.92 153.0 185.05 174.4 187.14 171.18 150.53 161.45 171.18 169.96 167.24 183.59 166.14 171.35 186.02 159.4 156.82 143.33 
129.25 125.82 124.24 126.73 133.41 113.39 121.01 129.07 140.09 126.72 115.07 142.91 104.91 129.18 123.15 118.16 138.46 119.59 130.85 137.5 114.55 115.58 139.03 107.38 133.44 118.54 99.95 168.95 136.57 104.05 
12.47 11.44 13.8 12.51 14.38 11.01 15.81 12.45 11.35 12.7 14.27 13.44 12.99 12.34 13.37 14.36 14.23 11.53 16.27 10.07 10.72 17.15 13.83 13.86 13.52 14.57 11.6 12.22 12.87 13.92 13.41 
22.2 15.58 21.55 15.39 21.42 20.9 19.91 23.34 26.32 20.96 23.61 19.68 19.64 19.01 18.29 17.04 19.9 19.63 20.17 20.56 20.0 22.83 21.7 19.88 16.88 20.03 21.6 20.67 21.03 19.42 
1.33 1.39 1.26 1.48 1.28 1.44 1.37 1.39 1.44 1.47 1.34 1.2 1.07 1.29 1.16 1.26 1.37 1.38 1.23 1.14 1.27 1.16 1.0 1.19 1.13 1.12 1.24 1.18 1.28 1.36 1.29 
