4.43 4.02 4.27 3.5 4.63 4.69 4.49 4.4 5.39 4.88 3.74 4.95 3.52 3.65 4.3 4.16 4.56 4.08 4.88 4.16 4.49 3.95 4.02 3.86 4.18 4.33 4.54 4.39 3.86 4.11 4.75 
19.63 19.43 20.31 22.66 19.49 20.36 21.82 19.53 18.84 19.01 17.74 19.29 20.0 19.06 18.27 22.36 18.75 22.44 22.48 21.74 23.87 19.21 20.47 19.95 17.62 22.55 19.97 20.74 
35.07 36.0 34.7 33.57 34.42 27.87 33.22 33.75 32.01 28.48 37.84 38.49 34.87 29.34 29.51 36.39 23.28 36.06 31.97 35.96 33.8 41.62 37.39 40.51 38.2 25.61 30.91 38.83 30.94 31.71 34.47 
57.75 55.49 40.35 60.36 65.28 55.14 56.64 62.79 62.51 67.86 51.28 61.01 52.13 68.04 56.17 56.81 59.02 71.9 63.82 62.14 51.54 45.17 57.4 57.1 75.24 60.05 45.82 58.18 53.31 57.61 
36.93 34.33 34.63 36.71 34.12 34.7 37.2 40.23 36.78 42.19 36.63 41.62 32.32 34.2 34.79 40.22 33.93 38.52 33.06 34.62 38.52 41.47 33.43 46.18 37.14 35.92 36.93 39.28 37.74 41.82 33.73 
49.91 67.08 66.97 70.43 70.48 59.63 75.38 74.21 81.48 69.03 72.73 57.13 67.73 60.98 60.97 70.81 71.3 75.0 49.43 71.03 72.03 61.24 82.16 82.28 72.39 66.42 72.26 70.8 65.68 67.95 
384.48 463.8 320.17 362.17 348.29 343.92 379.13 431.9 352.92 371.56 378.72 387.65 437.89 373.08 423.43 364.04 387.55 415.46 451.06 324.25 383.27 332.48 414.06 399.73 432.0 429.61 354.72 364.69 380.92 395.07 426.56 
241.77 228.69 270.97 251.04 270.45 280.97 255.54 264.44 227.78 273.44 268.14 227.58 275.36 260.92 247.82 274.33 242.63 221.96 244.11 281.83 274.91 281.44 301.88 258.0 217.24 249.96 265.52 232.66 228.91 286.97 283.95 
37.02 32.65 39.26 39.33 37.57 36.46 40.27 41.7 35.55 37.36 40.04 39.02 38.96 37.82 38.74 35.15 42.14 43.23 39.74 47.2 36.01 39.1 41.41 33.55 38.3 33.27 40.76 33.58 41.19 34.77 
56.18 56.59 62.71 63.08 64.66 59.31 42.3 54.92 64.26 58.14 59.23 60.57 60.8 65.77 55.43 60.46 64.37 57.52 62.95 56.72 70.54 64.35 58.09 62.2 76.76 57.18 67.47 67.52 71.11 57.55 60.55 
8.49 8.77 9.52 9.85 12.37 8.95 10.35 10.41 10.32 10.15 8.45 10.66 9.75 9.46 10.43 10.23 8.8 10.9 10.64 9.88 11.29 9.87 10.9 8.98 10.13 9.61 8.01 9.4 10.96 11.51 
1.23 1.35 1.42 1.25 1.32 1.65 1.34 1.36 1.64 1.51 1.2 1.37 1.63 1.43 1.41 1.31 1.3 1.38 1.44 1.42 1.42 1.39 1.45 1.58 1.18 1.13 1.51 1.47 1.46 1.42 1.54 
