2.18 1.62 2.08 2.09 1.83 1.84 2.26 1.96 1.61 1.81 1.95 2.12 1.86 1.73 2.11 2.01 1.99 1.82 2.57 2.09 1.98 1.95 2.02 2.13 1.94 2.03 1.91 1.96 1.94 1.99 1.83 
11.53 10.63 9.5 11.58 11.92 9.86 13.53 10.78 11.23 11.15 11.39 10.03 8.77 13.03 11.23 11.25 11.6 11.73 10.25 11.06 11.1 9.78 8.64 12.92 10.32 9.76 9.57 11.8 
35.67 31.85 36.12 30.46 36.26 29.96 36.0 34.89 32.78 33.71 33.09 37.11 32.91 32.16 37.86 29.88 32.08 31.84 30.77 35.08 34.37 36.21 37.77 31.53 31.51 36.96 31.11 28.68 28.3 35.57 36.81 
55.61 43.8 56.09 51.84 45.74 45.1 41.46 55.6 43.67 50.96 50.28 54.06 44.12 50.28 46.34 49.26 44.7 47.51 43.77 45.93 47.5 45.57 48.57 46.25 46.83 53.52 42.63 42.06 47.53 43.1 
127.34 130.24 106.71 132.42 131.96 133.13 146.69 135.88 131.74 126.4 133.86 128.55 122.83 118.46 125.62 131.42 120.89 142.86 94.67 131.47 122.05 131.1 121.45 108.6 116.39 151.18 130.54 126.61 116.92 125.87 138.23 
212.98 213.66 261.37 286.98 243.08 232.07 293.99 272.21 224.11 241.82 279.9 286.81 272.46 280.38 228.99 236.54 264.29 290.52 263.51 256.77 279.27 251.08 247.71 231.54 237.47 263.87 296.23 257.87 294.28 271.18 
365.3 354.7 399.87 397.12 354.94 352.94 355.8 419.51 414.43 340.8 394.96 378.31 314.94 356.41 398.69 362.92 405.51 341.93 422.94 348.43 395.83 425.13 361.66 415.09 399.31 376.3 370.2 358.87 402.1 284.18 374.91 
179.15 157.61 162.96 130.38 138.25 164.47 165.32 139.44 163.38 188.39 144.34 162.98 159.58 161.47 168.53 167.13 157.8 148.85 170.46 178.16 174.79 184.0 167.46 175.72 182.32 168.6 166.28 194.84 190.4 163.9 187.67 
145.69 158.76 143.26 143.59 148.42 141.9 175.95 132.22 184.65 163.42 195.8 140.08 173.11 194.37 155.99 145.86 185.92 139.13 162.03 142.66 175.82 187.91 178.32 175.54 192.27 140.0 162.05 129.99 145.42 172.77 
24.47 30.41 25.49 25.74 27.44 25.84 28.45 29.2 28.72 27.63 24.4 26.05 22.43 25.55 27.92 25.58 27.48 25.67 27.79 26.88 19.65 28.45 29.46 25.83 25.28 27.65 24.46 24.39 25.51 25.31 28.87 
14.31 13.66 14.82 14.97 13.69 15.46 15.35 17.19 15.54 13.61 12.36 14.86 16.25 10.64 15.56 10.22 15.61 12.62 14.18 15.33 10.58 15.15 12.14 12.13 11.36 13.33 11.96 11.92 13.07 15.37 
11.01 9.96 10.85 9.07 9.15 11.51 10.3 10.33 9.77 9.82 9.98 10.58 14.72 10.17 8.64 12.04 10.88 10.49 11.16 10.46 9.38 11.71 11.26 11.22 9.87 9.86 9.74 10.64 10.99 13.6 10.32 
