7.4 6.3 6.57 6.29 4.5 6.49 6.13 6.35 6.55 7.46 5.99 5.05 6.26 6.41 7.99 6.54 6.34 6.62 6.02 5.99 6.81 6.1 5.61 5.32 6.88 6.94 5.34 6.14 6.26 6.81 7.07 
11.44 9.12 11.9 10.74 10.92 10.76 11.12 11.42 10.69 10.97 11.92 10.69 12.58 10.5 10.87 9.93 11.1 12.48 10.23 11.97 11.27 10.72 13.32 10.31 10.4 11.38 11.31 10.86 
32.8 33.52 36.32 40.16 37.57 39.06 33.9 31.62 32.4 35.86 37.65 32.56 33.55 31.88 38.68 31.07 38.18 36.57 39.92 33.47 33.31 31.79 28.26 36.65 34.75 35.57 27.86 36.46 32.59 37.17 34.39 
47.3 41.17 41.71 40.41 46.54 44.49 44.45 50.66 51.12 54.93 51.3 43.45 41.59 49.26 41.25 43.43 39.22 51.19 45.23 41.57 46.17 44.14 49.44 45.84 48.09 50.66 48.27 44.86 45.13 49.16 
128.51 123.06 115.17 110.68 124.21 119.04 134.44 108.34 129.85 109.78 116.79 118.36 106.15 123.45 117.61 148.26 96.32 101.82 126.07 131.7 119.12 115.74 117.27 133.62 116.49 129.56 112.78 128.97 114.05 118.93 133.47 
50.77 46.6 46.68 50.4 53.01 42.27 46.72 58.59 45.54 45.43 49.54 36.29 50.13 53.99 45.21 56.18 40.79 55.33 53.89 41.48 43.47 39.39 47.61 50.84 46.58 47.9 51.41 51.04 52.23 47.19 
349.88 219.3 306.75 259.56 264.89 303.7 296.72 232.55 254.67 276.5 322.47 284.85 300.92 263.01 242.35 332.59 290.12 284.34 238.94 265.43 298.95 287.5 281.9 299.96 230.27 265.16 308.87 290.1 288.76 298.96 260.17 
223.79 248.26 232.12 246.55 218.9 211.29 208.3 255.74 237.51 214.94 197.96 241.26 179.77 258.17 230.02 218.58 246.52 206.12 238.85 223.29 246.91 192.15 213.93 220.49 192.73 230.27 256.33 219.01 186.06 178.48 197.86 
231.15 264.75 233.49 239.85 248.81 265.83 264.06 215.58 219.33 242.04 240.87 286.19 234.98 273.87 263.67 253.51 249.12 234.9 302.09 283.45 255.52 252.36 269.83 208.72 266.7 247.01 270.32 239.18 219.61 237.42 
66.3 72.05 89.72 76.51 82.56 74.61 64.22 86.92 73.75 79.21 76.88 89.59 70.03 84.11 80.89 76.96 83.61 71.5 75.69 64.2 77.24 73.15 71.38 81.4 79.05 68.41 78.54 86.92 67.52 76.53 70.13 
20.88 19.46 19.63 15.23 19.51 19.83 19.04 19.74 19.12 22.12 19.75 14.88 20.84 18.52 20.07 18.6 18.43 22.15 19.75 20.72 18.74 21.37 16.04 22.4 21.58 15.05 18.08 20.77 18.74 20.4 
6.56 5.01 6.34 6.03 5.91 6.04 6.14 6.3 6.65 8.03 6.85 6.24 5.29 5.91 5.24 5.48 5.99 6.4 6.29 4.53 5.81 5.52 6.76 6.02 5.63 4.43 5.26 5.17 5.39 6.04 5.39 
