7.23 7.09 7.41 7.17 6.62 6.83 6.88 7.83 6.3 6.73 6.98 6.85 7.55 9.06 7.56 7.3 6.08 5.83 6.76 7.14 7.41 7.73 6.92 6.36 8.16 7.06 6.75 6.53 8.15 7.35 7.38 
3.71 3.92 4.12 3.87 4.83 4.02 4.44 4.4 3.8 4.46 3.64 3.79 4.24 4.42 4.29 4.62 4.27 4.89 4.28 3.85 4.31 4.21 4.09 5.0 4.2 5.24 4.18 4.03 3.57 
24.1 21.96 25.76 27.31 22.7 24.62 22.11 26.67 30.91 24.65 24.17 23.25 21.14 24.48 25.1 25.37 24.87 23.82 26.52 27.23 24.02 24.39 23.27 22.63 20.28 26.56 20.79 25.89 28.73 21.01 26.54 
23.0 19.83 19.92 25.52 23.96 18.31 25.07 28.65 22.96 26.2 25.29 27.48 22.76 23.34 26.24 24.27 23.38 29.29 21.7 29.01 28.52 23.17 23.76 27.89 21.59 27.31 25.05 25.68 25.52 22.85 
56.96 54.66 58.4 61.93 57.52 61.61 59.35 55.88 57.25 52.61 57.55 68.06 66.64 59.3 63.71 60.35 56.95 48.75 71.78 56.62 57.25 61.45 59.64 67.08 53.96 68.27 64.81 57.78 59.72 55.36 63.61 
94.58 105.06 101.11 114.73 107.67 104.83 121.15 113.46 101.54 115.29 116.03 105.32 114.76 112.69 114.56 102.08 107.83 89.72 103.97 102.43 93.24 105.38 98.02 95.38 111.68 106.01 111.55 104.09 102.79 111.03 
131.84 113.33 98.32 125.72 116.66 109.97 124.59 118.35 111.98 105.56 110.32 119.82 118.23 113.4 123.4 115.14 125.48 132.1 117.27 120.9 103.1 118.99 122.03 122.28 134.44 114.76 121.64 151.65 123.42 106.71 131.55 
805.47 710.07 706.77 739.86 670.16 801.98 704.07 737.16 776.91 642.96 747.12 703.39 814.0 690.75 673.97 704.18 897.14 759.87 632.21 773.5 614.39 598.46 944.31 868.65 705.59 745.05 822.6 637.42 791.12 773.08 670.14 
64.21 68.93 59.84 53.6 68.72 54.83 64.03 60.6 60.41 54.46 58.19 69.46 60.55 42.6 59.5 47.41 57.24 50.16 56.34 59.03 58.96 53.36 57.01 61.12 71.17 68.81 69.39 70.12 57.94 65.12 
50.82 53.91 48.58 54.61 53.7 58.66 52.36 60.16 56.0 58.03 47.09 39.93 50.39 56.86 50.18 58.22 58.38 60.79 51.29 53.78 47.1 57.33 53.65 60.5 45.42 47.4 53.96 49.78 49.47 60.89 55.26 
4.76 5.1 5.0 4.69 5.44 4.95 5.62 5.61 6.01 6.45 5.93 3.99 5.49 5.65 5.06 5.34 4.99 6.04 5.7 5.08 5.68 5.73 5.44 5.56 5.78 5.31 4.92 5.8 5.68 5.43 
11.85 11.33 13.09 11.66 11.16 13.86 12.74 11.11 13.51 12.32 12.75 12.14 11.14 15.1 13.41 12.36 12.33 13.76 12.15 13.11 14.55 11.6 14.62 10.73 15.39 9.84 13.37 9.9 11.4 12.69 13.2 
