2.35 3.05 2.94 2.16 2.21 2.49 2.48 2.92 2.53 2.61 2.65 2.78 2.82 2.68 2.48 2.71 3.03 2.55 2.91 2.91 2.38 2.32 2.94 2.77 2.74 2.62 2.63 2.95 2.85 2.96 2.69 
15.48 19.98 16.94 15.91 16.91 15.89 19.62 17.42 14.91 16.95 17.77 16.4 17.83 18.86 18.04 17.15 14.8 18.42 16.05 16.16 20.7 16.0 19.87 18.79 16.3 17.04 18.87 16.71 
59.79 58.45 58.6 62.16 65.2 67.48 64.17 64.82 59.18 78.23 59.83 71.41 56.49 64.17 61.97 55.11 60.43 64.57 57.21 46.18 59.84 53.47 59.89 65.42 68.51 67.31 53.95 57.08 64.55 54.69 71.56 
37.5 45.91 43.54 52.76 43.67 47.93 48.69 41.54 51.1 55.19 47.48 51.86 54.86 46.38 46.99 49.54 41.26 48.8 50.48 56.28 39.12 43.57 49.56 47.27 40.91 44.79 41.17 52.71 41.99 43.68 
47.9 48.23 56.15 44.27 55.46 60.1 48.9 55.72 47.43 59.24 64.03 50.5 55.04 49.65 65.13 52.9 56.4 57.12 50.96 45.44 57.75 47.8 58.24 49.97 50.67 47.85 56.63 62.89 56.07 44.43 56.36 
45.67 40.7 46.4 41.29 48.91 56.05 52.61 39.57 43.81 53.04 47.25 38.39 46.84 49.65 49.51 49.31 43.89 43.93 40.8 47.3 46.51 53.56 50.37 49.42 44.49 51.98 50.43 56.41 54.42 52.14 
117.56 126.88 127.07 140.53 125.84 135.26 136.94 136.39 123.45 156.91 118.04 140.77 128.8 143.79 90.26 122.94 121.0 128.25 152.2 123.89 129.68 128.82 133.3 137.32 131.96 143.2 134.12 130.52 123.2 122.6 133.48 
315.62 276.39 296.19 229.68 321.86 307.66 383.68 305.27 316.89 278.45 285.37 346.69 310.51 254.18 268.0 319.54 288.26 336.36 339.47 328.66 351.22 270.51 330.07 327.7 270.21 267.69 257.7 262.74 314.51 312.83 283.95 
130.1 144.29 130.82 137.36 139.4 161.2 152.29 152.53 144.48 142.18 124.66 148.12 149.42 146.09 150.97 138.82 153.39 130.82 121.66 130.63 163.86 149.59 128.12 119.23 147.79 138.33 145.37 130.59 141.67 137.78 
84.84 86.61 88.66 81.79 84.58 68.1 84.72 101.49 90.07 84.49 90.66 87.66 91.16 101.28 92.24 90.51 96.92 79.3 107.27 95.8 103.77 90.2 85.68 77.77 94.09 89.67 79.06 88.21 84.25 100.95 90.96 
15.13 16.77 13.44 11.51 15.34 9.05 11.2 14.67 13.2 17.71 15.22 13.96 13.53 12.68 14.78 13.56 15.34 14.63 13.75 15.72 14.35 12.54 13.96 15.21 15.11 16.82 15.44 10.88 15.14 12.38 
7.95 7.1 6.03 6.35 7.02 7.64 7.72 7.01 7.13 6.32 6.66 6.71 5.55 6.39 6.98 7.27 7.08 6.83 6.66 6.95 6.35 7.63 7.68 6.91 6.63 8.08 5.91 7.9 6.97 5.92 6.64 
