5.63 5.76 5.55 4.2 6.13 5.63 5.58 5.08 4.69 5.69 5.93 4.82 5.75 5.14 5.47 5.78 5.72 5.54 5.74 6.41 5.39 5.24 6.7 6.96 5.62 5.01 5.61 6.08 6.64 5.32 5.2 
34.3 22.7 31.52 32.63 44.25 34.13 32.7 37.0 30.39 29.64 36.2 30.77 40.62 29.46 25.8 35.79 37.92 33.47 33.93 36.3 40.16 31.57 33.59 26.06 34.15 33.93 38.21 34.98 
23.92 23.68 26.48 23.92 25.61 25.19 22.32 24.98 26.92 24.6 22.52 23.01 24.21 23.23 20.86 28.07 25.34 26.21 20.23 23.36 26.21 23.82 25.6 23.53 30.21 25.51 21.31 23.57 22.85 24.47 26.32 
138.27 127.86 116.74 99.71 115.63 119.52 130.92 111.84 128.2 130.2 108.41 140.64 113.33 116.34 121.49 107.58 130.18 128.8 120.28 125.55 119.96 124.26 118.34 112.36 117.17 147.08 123.21 104.28 137.54 125.56 
129.8 130.85 122.74 142.93 133.1 142.63 100.09 127.65 130.14 120.38 128.84 135.13 112.9 125.75 138.16 126.04 126.03 118.6 117.15 133.6 129.98 132.97 125.56 152.59 134.99 99.77 145.45 131.57 109.65 129.2 134.55 
96.49 81.09 70.87 92.27 83.3 82.73 84.94 81.59 81.62 75.2 98.63 90.9 79.52 84.02 90.64 82.16 87.87 89.19 81.16 110.11 82.53 98.13 85.19 98.18 94.48 74.63 87.74 100.96 90.27 101.44 
142.43 169.86 132.28 155.2 139.18 159.91 164.5 118.05 163.12 138.71 160.15 155.2 144.64 149.58 134.35 141.15 150.37 158.55 163.44 166.07 167.84 161.71 160.52 150.82 144.75 151.58 171.23 148.76 145.07 145.56 177.15 
261.26 260.08 248.36 270.83 289.44 209.4 273.43 265.81 280.24 277.0 260.32 297.44 209.68 280.45 252.11 299.63 253.78 198.66 258.43 233.76 281.98 231.44 236.53 327.89 301.21 253.67 227.71 244.6 255.83 233.6 277.5 
96.28 106.74 95.53 109.64 93.09 116.92 87.81 114.72 93.95 96.21 121.36 76.11 98.71 95.76 101.39 89.82 82.94 103.77 107.58 100.58 111.23 114.58 122.31 96.33 106.26 119.72 93.22 90.4 101.49 107.22 
46.62 40.77 43.58 47.32 41.46 44.79 44.58 49.53 40.4 50.64 44.3 43.16 48.84 43.99 48.31 45.91 46.57 43.99 50.38 41.86 43.44 48.49 41.11 48.92 41.25 48.65 46.35 42.94 48.25 48.75 43.28 
14.22 17.98 17.8 16.67 17.47 17.18 17.21 18.74 17.04 18.2 15.85 14.82 17.12 18.47 17.01 16.94 14.35 16.6 15.61 14.13 15.99 17.86 16.83 13.46 15.11 17.58 17.2 16.65 12.96 14.52 
3.3 3.81 2.72 3.21 3.3 2.86 2.86 3.46 3.65 2.97 2.92 3.12 2.57 3.42 3.33 2.97 3.21 3.57 3.25 3.38 3.63 3.06 3.21 2.92 3.2 3.27 3.91 3.18 3.05 3.42 3.17 
