pressure:
[1013.171875    958.16847826  830.90860215  636.83870968  462.42622951
  312.42682927  247.60714286  190.32038835  146.71666667   96.05454545
   70.13432836   50.           20.83333333]
[1001.5         934.          828.33333333  638.          490.5
  350.          238.5         200.          150.           95.5
   70.           50.           20.        ]
[1009.          957.66666667  830.33333333  638.          459.66666667
  300.          248.          200.          150.          100.
   70.            0.            0.        ]
[998.         932.         826.66666667 637.33333333 460.
 300.         250.         185.5        150.          95.
  70.          50.          25.        ]
[997.         932.         829.         640.66666667 493.
 350.         250.         200.         150.          91.5
  70.          50.          25.        ]
[998.         932.5        829.66666667 641.33333333 493.
 350.         250.         200.         150.          99.5
  70.          50.          20.        ]
[995.  925.  850.  700.  500.  350.  250.  200.  131.5 100.    0.    0.
   0. ]
[999.         932.5        828.33333333 639.66666667 492.5
 350.         250.         200.         150.         106.
  70.          50.          20.        ]
[1002.5         935.          831.33333333  641.66666667  494.
  350.          250.          200.          150.          101.
   70.           50.           20.        ]
[1010.          958.33333333  832.66666667  641.          492.5
  350.          250.          200.          150.           98.5
   70.           50.           25.        ]
[1013.          958.66666667  831.          636.66666667  458.66666667
  300.          250.          200.          129.5         100.
   70.           50.           20.        ]
[1011.    958.    830.    637.    447.25  300.    250.    200.    150.
  101.5    70.     50.     20.  ]
temperature:
[ 10.1875       7.5923913    4.0483871   -2.76344086 -13.21857923
 -29.67073171 -41.1547619  -54.33009709 -65.13333333 -77.
 -75.85074627 -65.24590164 -57.44642857]
[ 16.          13.5         12.66666667   0.66666667  -7.5
 -21.5        -42.5        -51.         -65.         -80.5
 -81.         -65.         -52.        ]
[ 15.          12.66666667   8.33333333  -1.         -15.33333333
 -35.         -44.5        -48.         -59.         -70.
 -74.           0.           0.        ]
[ 19.          19.          14.33333333   2.66666667 -10.
 -31.         -42.         -57.         -62.         -73.5
 -75.         -66.         -57.        ]
[ 28.          24.5         19.           6.66666667  -4.
 -20.5        -38.         -51.         -64.         -77.5
 -78.         -66.         -52.        ]
[ 30.          26.5         21.33333333   8.33333333  -4.5
 -20.5        -38.         -51.         -61.         -77.
 -71.         -64.         -48.33333333]
[ 30.  28.  21.  10.  -4. -23. -39. -50. -66. -70.   0.   0.   0.]
[ 25.          20.5         15.33333333   5.          -3.5
 -19.5        -37.         -50.         -65.         -75.
 -70.         -64.         -50.66666667]
[ 25.          20.          14.           7.          -3.5
 -22.         -39.         -51.         -64.         -77.
 -74.         -63.         -49.66666667]
[ 22.          17.66666667  10.66666667   4.33333333  -4.5
 -23.5        -41.         -51.         -67.         -80.5
 -70.         -63.         -52.5       ]
[ 13.          10.33333333   6.66666667  -2.33333333 -14.33333333
 -36.         -41.         -52.         -71.         -74.
 -73.         -59.         -50.        ]
[ 13.          11.33333333   6.           0.         -11.25
 -28.         -40.         -51.         -65.         -80.5
 -80.         -57.         -48.33333333]
dewpoint:
[  5.4375       3.26086957  -3.2311828  -21.35483871 -42.12568306
 -52.01219512 -62.21428571 -46.38834951   0.           0.
   0.           0.           0.        ]
[ 12.          11.5          6.33333333 -10.33333333 -38.
 -51.5        -65.         -72.           0.           0.
   0.           0.           0.        ]
[  7.           0.33333333   4.33333333  -2.66666667 -21.
 -38.         -47.5        -61.         -72.           0.
   0.           0.           0.        ]
[ 10.          12.           8.33333333  -2.66666667 -14.
 -39.         -50.         -31.5          0.           0.
   0.           0.           0.        ]
[ 25.          23.          16.66666667   3.          -6.5
 -23.5        -43.         -59.           0.           0.
   0.           0.           0.        ]
[ 23.          22.          10.66666667 -13.33333333 -26.
 -40.5        -41.         -55.           0.           0.
   0.           0.           0.        ]
[ 22.  18.  18.   5.  -9. -27. -45. -61.   0.   0.   0.   0.   0.]
[ 19.          16.5          9.66666667   1.33333333 -13.5
 -27.         -47.         -56.           0.           0.
   0.           0.           0.        ]
[ 18.5         16.          11.          -3.33333333 -14.5
 -26.         -45.         -57.           0.           0.
   0.           0.           0.        ]
[ 14.          12.           5.         -14.66666667 -46.5
 -54.         -62.         -71.           0.           0.
   0.           0.           0.        ]
[  6.           3.33333333 -30.33333333 -35.66666667 -34.33333333
 -55.         -61.         -70.           0.           0.
   0.           0.           0.        ]
[ -4.          -6.66666667 -10.         -25.33333333 -45.25
 -56.         -65.         -73.           0.           0.
   0.           0.           0.        ]
