pressure:
[1009.          957.66666667  831.33333333  640.          492.
  350.          250.          197.          150.           98.5
   70.           50.           20.        ]
[1003.5         935.5         829.33333333  637.33333333  459.33333333
  302.          250.          200.          150.           91.
   70.           50.           20.        ]
[1001.          933.          826.          635.33333333  458.66666667
  300.          241.5         200.          150.          100.
   70.            0.            0.        ]
[1002.5         934.5         828.66666667  637.          459.33333333
  300.          250.          199.5         150.           95.
   70.           50.           20.        ]
[999.  933.  829.  641.  493.  350.  250.  200.  150.   92.5  70.   50.
  20. ]
[999. 933. 830. 642. 494. 350. 250. 200. 150. 106.  70.  50.  20.]
[989.         928.5        825.         638.33333333 491.5
 350.         250.         200.         150.          99.
  70.          50.          20.        ]
[1000.          934.          830.66666667  642.          493.5
  350.          250.          200.          150.          102.5
   70.           50.           20.        ]
[1002.5         935.5         831.66666667  641.66666667  493.
  350.          250.          200.          150.           96.5
   70.           50.           25.        ]
[1002.          935.          831.33333333  641.33333333  493.
  350.          250.          196.          150.           95.5
   70.           50.           20.        ]
[1001.5  934.5  830.   639.   491.   350.   258.5  200.   150.   103.
   70.     0.     0. ]
[1015.          959.33333333  833.          639.          490.5
  350.          250.          196.5         150.           96.
   70.           50.           25.        ]
temperature:
[ 19.          16.33333333  10.           5.          -9.
 -27.         -40.         -53.         -64.         -79.5
 -77.         -66.         -53.33333333]
[ 16.          11.5         10.33333333  -0.66666667 -15.
 -36.5        -38.         -48.         -61.         -79.5
 -75.         -62.         -52.33333333]
[ 13.5          9.5          8.          -0.66666667 -15.33333333
 -33.         -44.         -53.         -63.         -73.
 -75.           0.           0.        ]
[ 18.          13.5          8.           0.         -13.66666667
 -35.         -45.         -54.         -59.         -72.5
 -73.         -64.         -50.        ]
[ 24.          20.5         17.33333333   6.33333333  -3.5
 -19.5        -37.         -50.         -65.         -80.
 -77.         -63.         -52.        ]
[ 30.          25.5         20.           7.66666667  -3.5
 -19.5        -38.         -50.         -67.         -76.5
 -74.         -64.         -48.        ]
[ 27.   27.   21.    8.   -2.  -18.  -33.  -45.  -62.  -79.5 -68.  -64.
 -50. ]
[ 29.          24.5         18.66666667   6.66666667  -4.5
 -22.5        -39.         -52.         -68.         -74.5
 -70.         -66.         -52.        ]
[ 26.          20.5         15.66666667   4.          -6.5
 -22.         -39.         -48.         -64.         -81.
 -75.         -63.         -56.        ]
[ 24.          20.5         16.66666667   4.33333333  -7.5
 -23.5        -41.         -53.5        -64.         -76.
 -72.         -63.         -51.        ]
[ 22.          20.          13.33333333   2.          -9.
 -26.         -38.5        -52.         -66.         -78.5
 -78.           0.           0.        ]
[ 16.          13.33333333   6.66666667  -1.         -10.
 -23.5        -40.         -53.         -66.         -78.5
 -77.         -66.         -56.        ]
dewpoint:
[ 14.          11.66666667  -1.33333333 -37.         -37.
 -45.5        -59.         -35.           0.           0.
   0.           0.           0.        ]
[ 11.          10.           6.33333333  -8.         -38.
 -57.5        -60.         -68.           0.           0.
   0.           0.           0.        ]
[ 13.    8.5   7.   -2.  -21.  -56.  -60.5 -68.    0.    0.    0.    0.
   0. ]
[ 15.          11.5          6.          -2.         -16.66666667
 -39.         -49.         -31.           0.           0.
   0.           0.           0.        ]
[ 21.          19.          15.66666667   4.33333333  -7.5
 -22.5        -42.         -55.           0.           0.
   0.           0.           0.        ]
[ 25.          23.5         17.66666667   0.66666667 -18.
 -29.         -52.         -62.           0.           0.
   0.           0.           0.        ]
[ 23.          21.          14.33333333   2.          -9.5
 -30.         -54.         -61.           0.           0.
   0.           0.           0.        ]
[ 24.          22.          15.66666667   1.          -9.5
 -30.5        -56.         -64.           0.           0.
   0.           0.           0.        ]
[ 21.          19.          14.          -4.33333333 -32.
 -28.         -46.         -68.           0.           0.
   0.           0.           0.        ]
[ 16.5         17.          10.33333333  -1.         -13.5
 -44.         -58.         -34.           0.           0.
   0.           0.           0.        ]
[ 20.5         16.5          8.33333333  -7.33333333 -12.
 -38.5        -56.5        -69.           0.           0.
   0.           0.           0.        ]
[ -4.         -11.66666667 -12.         -30.33333333 -37.
 -37.5        -58.         -34.           0.           0.
   0.           0.           0.        ]
