pressure:
[1021.          960.66666667  833.66666667  639.33333333  460.33333333
  300.          260.5         200.          150.           93.
   70.           50.           25.        ]
[1003.5         935.5         830.          638.66666667  460.
  300.          250.          199.          150.           92.5
   70.           50.           20.        ]
[1000.5  934.   830.   640.   491.5  350.   250.   200.   150.    90.
   70.    50.    25. ]
[1001.5         934.          829.33333333  639.          491.
  350.          250.          204.          150.          100.
   72.           50.           25.        ]
[1000.          932.5         828.33333333  639.66666667  492.
  350.          250.          200.          150.           96.
   70.           50.           25.        ]
[992. 930. 827. 640. 493. 350. 250. 200. 150. 100.  70.   0.   0.]
[999.         933.         830.33333333 642.         493.5
 350.         250.         200.         150.         100.5
  70.          50.          25.        ]
[1000.   933.   829.   640.   492.   350.   250.   200.   150.   105.5
   70.    50.    20. ]
[1002.          935.          831.66666667  643.          494.5
  350.          250.          200.          150.           95.
   70.           50.           20.        ]
[1016.   960.   835.   642.   492.5  350.   250.   200.5  134.5  100.
   70.    50.    20. ]
[1011.          958.33333333  831.66666667  638.33333333  460.
  300.          250.          191.          150.          101.5
   70.           50.           20.        ]
[1021.          961.          835.33333333  640.33333333  491.
  350.          236.          200.          150.          102.5
   70.           50.           20.        ]
temperature:
[  8.           3.33333333   2.          -2.33333333 -14.33333333
 -32.         -40.         -53.         -64.         -75.5
 -79.         -62.         -54.5       ]
[ 13.5         11.5         12.           0.66666667 -13.33333333
 -37.         -44.         -51.         -59.         -77.5
 -76.         -62.         -50.33333333]
[ 26.          22.5         16.33333333   3.33333333 -10.5
 -29.5        -46.         -53.         -60.         -72.5
 -69.         -61.         -50.5       ]
[ 22.   16.5  15.    2.   -9.  -26.  -43.  -51.5 -61.  -72.  -75.  -66.
 -52.5]
[ 22.          18.5         16.33333333   5.33333333  -5.
 -20.5        -38.         -50.         -64.         -79.5
 -78.         -63.         -54.5       ]
[ 31.          27.5         21.33333333   8.66666667  -2.5
 -17.         -35.         -47.         -63.         -80.
 -76.           0.           0.        ]
[ 31.          26.5         19.66666667   6.33333333  -5.5
 -25.         -43.         -54.         -63.         -71.5
 -67.         -62.         -54.5       ]
[ 23.          19.5         15.66666667   5.          -5.5
 -22.         -40.         -50.         -63.         -72.5
 -68.         -60.         -48.66666667]
[ 25.5         22.5         17.66666667   7.          -3.5
 -21.         -38.         -50.         -64.         -80.
 -72.         -65.         -50.        ]
[ 17.          13.66666667   9.66666667   0.66666667 -10.5
 -25.5        -45.         -55.5        -71.         -75.
 -70.         -63.         -52.66666667]
[ 17.          13.66666667   7.66666667  -2.         -13.33333333
 -33.         -43.         -57.         -68.         -78.
 -72.         -60.         -50.        ]
[ 12.           8.           3.66666667  -1.66666667 -10.
 -29.         -48.         -54.         -64.         -73.
 -74.         -64.         -49.66666667]
dewpoint:
[  1.           0.          -0.33333333 -13.33333333 -35.
 -65.         -71.         -81.           0.           0.
   0.           0.           0.        ]
[ 11.          11.           9.33333333  -6.33333333 -34.33333333
 -55.         -61.         -67.         -74.           0.
   0.           0.           0.        ]
[ 19.   17.   10.   -8.  -20.  -36.5 -52.  -61.    0.    0.    0.    0.
   0. ]
[ 16.5         14.5          4.66666667 -17.33333333 -24.5
 -39.5        -48.         -66.5          0.           0.
   0.           0.           0.        ]
[ 20.          17.5         15.           3.66666667  -7.5
 -35.         -62.         -70.           0.           0.
   0.           0.           0.        ]
[ 26.          25.          18.66666667  -0.66666667 -23.5
 -30.5        -46.         -56.           0.           0.
   0.           0.           0.        ]
[ 23.          20.5         15.33333333  -0.66666667 -11.
 -40.         -55.         -65.           0.           0.
   0.           0.           0.        ]
[ 21.          19.          14.66666667   3.66666667  -8.
 -32.         -50.         -62.           0.           0.
   0.           0.           0.        ]
[ 24.5         21.5         16.           3.33333333  -9.5
 -24.5        -43.         -60.           0.           0.
   0.           0.           0.        ]
[ 12.          10.33333333   8.          -1.66666667 -18.
 -42.5        -57.         -67.5          0.           0.
   0.           0.           0.        ]
[ 14.          12.33333333   5.33333333 -11.33333333 -23.33333333
 -57.         -65.         -37.           0.           0.
   0.           0.           0.        ]
[  6.          -1.33333333 -21.33333333 -11.33333333 -39.5
 -51.5        -66.         -71.           0.           0.
   0.           0.           0.        ]
