pressure:
[1015.          958.66666667  831.33333333  638.33333333  460.
  294.          250.          200.          150.           96.5
   70.           50.           25.        ]
[1021.          960.66666667  833.66666667  637.66666667  458.66666667
  300.          251.          175.            0.          102.5
   70.           50.           20.        ]
[1002.          935.          830.          639.33333333  491.
  350.          241.5         200.          150.           90.
   70.           50.           25.        ]
[1002.5         934.5         829.66666667  639.          491.
  350.          250.          182.5         150.           94.5
   70.           50.           25.        ]
[996.         932.         829.         641.66666667 494.
 350.         250.         200.         150.         101.5
  70.          50.          25.        ]
[1001.   934.5  831.   642.   494.   350.   250.   200.   150.   103.5
   70.    50.    20. ]
[996.         932.         828.33333333 640.33333333 493.
 350.         250.         200.         150.         102.
  70.          50.          18.5       ]
[995.         931.         826.66666667 638.33333333 491.5
 350.         250.         200.         150.         100.
  70.          50.          20.        ]
[1000.          933.5         830.          640.66666667  493.
  350.          250.          200.          150.          100.5
   70.           50.           20.        ]
[1013.          959.          834.33333333  642.33333333  493.
  350.          250.          200.          131.          100.
   70.           50.           25.        ]
[1015.          959.33333333  834.          640.          460.66666667
  300.          237.5         200.          150.           89.5
   70.           50.           25.        ]
[1016.          959.66666667  834.          641.          492.
  350.          250.          197.          150.           94.
   70.           50.           20.        ]
temperature:
[ 10.           6.33333333   5.          -1.         -14.66666667
 -30.         -39.         -51.         -63.         -79.5
 -76.         -68.         -58.5       ]
[ 10.           5.33333333   2.33333333  -4.66666667 -21.33333333
 -42.         -46.         -56.           0.         -69.
 -69.         -68.         -52.        ]
[ 21.          18.5         12.           2.33333333 -10.
 -28.         -45.         -55.         -66.         -76.
 -73.         -65.         -53.        ]
[ 18.5  15.5  12.    2.   -8.  -24.5 -43.  -58.  -65.  -75.5 -73.  -63.
 -54. ]
[ 29.          26.          20.66666667   9.33333333  -3.
 -19.         -38.         -49.         -64.         -77.5
 -75.         -67.         -50.5       ]
[ 27.5         23.5         17.66666667   6.33333333  -4.5
 -20.5        -36.         -50.         -66.         -78.5
 -73.         -61.         -50.        ]
[ 29.          24.5         18.66666667   7.          -3.5
 -20.5        -37.         -49.         -62.         -77.
 -73.         -61.         -50.5       ]
[ 27.          24.5         17.33333333   6.          -3.5
 -19.5        -37.         -50.         -63.         -77.
 -71.         -61.         -48.        ]
[ 28.          23.5         17.           5.          -5.
 -21.5        -38.         -49.         -63.         -77.
 -75.         -64.         -51.33333333]
[ 22.          18.66666667  11.66666667   2.33333333  -8.5
 -23.         -41.         -53.         -72.         -78.
 -73.         -68.         -54.5       ]
[ 16.          13.33333333   8.          -1.         -14.
 -34.         -44.5        -52.         -65.         -78.5
 -77.         -68.         -59.        ]
[ 16.          12.33333333   7.66666667   4.33333333  -9.
 -26.         -40.         -52.         -67.         -78.5
 -79.         -67.         -51.        ]
dewpoint:
[  7.           4.           4.          -2.33333333 -20.66666667
 -47.         -54.         -65.           0.           0.
   0.           0.           0.        ]
[  5.           2.66666667  -7.         -47.         -58.
 -73.         -76.         -40.           0.           0.
   0.           0.           0.        ]
[ 15.5         10.5          2.66666667 -25.66666667 -33.5
 -45.         -60.5        -69.           0.           0.
   0.           0.           0.        ]
[ 13.5          9.5          9.33333333   1.          -9.
 -27.         -48.         -29.5          0.           0.
   0.           0.           0.        ]
[ 26.          25.          18.33333333   3.          -6.5
 -28.         -51.         -61.           0.           0.
   0.           0.           0.        ]
[ 26.5         23.5         17.           4.66666667  -6.5
 -22.5        -41.         -55.           0.           0.
   0.           0.           0.        ]
[ 22.          21.          15.66666667   3.66666667 -14.
 -36.         -58.         -68.           0.           0.
   0.           0.           0.        ]
[ 17.          12.5          4.33333333   4.          -7.
 -27.5        -46.         -55.           0.           0.
   0.           0.           0.        ]
[ 23.          22.          16.           4.66666667  -6.
 -32.5        -54.         -64.           0.           0.
   0.           0.           0.        ]
[ 16.          14.           7.33333333 -11.         -11.5
 -48.5        -68.         -76.           0.           0.
   0.           0.           0.        ]
[ 12.          10.66666667   6.66666667 -11.66666667 -44.
 -59.         -67.         -73.           0.           0.
   0.           0.           0.        ]
[  8.           7.66666667  -0.33333333 -36.33333333 -41.
 -43.5        -65.         -37.           0.           0.
   0.           0.           0.        ]
