pressure:
[1015.   959.   832.   639.   490.5  350.   250.   190.   131.5  100.
   70.    50.    20. ]
[1011.          958.          829.66666667  636.          458.66666667
  317.5         250.          200.          150.          102.5
   70.           50.           20.        ]
[1010.          957.66666667  829.66666667  636.33333333  459.
  300.          237.          200.          150.          102.
   70.           50.           25.        ]
[1001.          934.          829.          638.33333333  490.5
  350.          239.5         200.          150.           95.5
   70.           50.           20.        ]
[994.         930.5        826.66666667 638.33333333 491.5
 350.         250.         180.5        150.          95.5
  70.          50.          25.        ]
[998.         932.5        829.33333333 640.66666667 493.
 350.         250.         200.         150.         101.
  70.          50.          20.        ]
[986.         927.         822.33333333 636.33333333 491.
 350.         250.         200.         133.         100.
   0.           0.           0.        ]
[999.         933.         829.         640.66666667 493.
 350.         250.         200.         150.          98.5
  70.          50.          25.        ]
[1003.          936.          833.          643.33333333  494.5
  350.          250.          200.          150.           98.
   70.           50.           25.        ]
[1013.          959.          833.          641.33333333  493.
  350.          250.          200.          150.           92.5
   70.           50.           25.        ]
[1014.          959.          832.66666667  639.33333333  460.33333333
  300.          250.          193.          150.           94.5
   70.           50.           25.        ]
[1016.          959.33333333  831.66666667  637.66666667  459.66666667
  300.          234.5         200.          150.           99.
   70.           50.           25.        ]
temperature:
[ 11.           7.33333333   5.33333333  -2.          -8.5
 -23.5        -39.         -55.         -71.         -78.
 -78.         -70.         -55.33333333]
[ 11.           9.           4.          -2.33333333 -13.66666667
 -28.         -40.         -52.         -66.         -78.5
 -76.         -65.         -54.        ]
[ 12.           9.33333333   4.33333333  -2.33333333 -13.
 -34.         -47.         -52.         -63.         -73.5
 -74.         -68.         -51.5       ]
[ 23.          20.5         14.           2.66666667  -8.
 -27.         -42.5        -49.         -60.         -75.5
 -75.         -66.         -48.        ]
[ 27.          24.          17.66666667   5.66666667  -3.5
 -20.         -37.         -56.         -66.         -75.5
 -75.         -66.         -49.5       ]
[ 29.          25.5         18.66666667   6.          -4.5
 -20.5        -39.         -51.         -66.         -78.5
 -67.         -64.         -49.        ]
[ 24.          22.          18.           8.66666667  -0.5
 -15.5        -33.         -46.         -69.5        -75.
   0.           0.           0.        ]
[ 28.          22.5         16.66666667   7.66666667  -3.5
 -20.5        -37.         -49.         -65.         -76.5
 -70.         -66.         -54.        ]
[ 27.          22.5         16.66666667   6.66666667  -4.5
 -21.5        -38.         -51.         -64.         -81.5
 -75.         -62.         -52.        ]
[ 19.          15.66666667   8.33333333   5.33333333  -4.5
 -24.         -41.         -52.         -66.         -81.5
 -74.         -64.         -55.        ]
[ 15.          11.33333333   8.          -1.         -12.66666667
 -32.         -40.         -54.         -66.         -80.
 -77.         -63.         -54.        ]
[ 11.           7.33333333   2.33333333  -2.33333333 -12.66666667
 -33.         -46.         -53.         -67.         -79.5
 -76.         -60.         -50.5       ]
dewpoint:
[  6.           4.          -2.33333333 -12.         -36.5
 -47.         -59.         -35.5          0.           0.
   0.           0.           0.        ]
[  4.          -2.66666667   1.          -9.66666667 -33.
 -46.         -56.         -67.           0.           0.
   0.           0.           0.        ]
[ 12.           7.66666667   2.33333333  -3.66666667 -15.33333333
 -37.         -51.5        -61.           0.           0.
   0.           0.           0.        ]
[ 11.5          6.           5.33333333  -9.33333333 -36.
 -46.5        -48.         -60.           0.           0.
   0.           0.           0.        ]
[ 24.          20.5         15.66666667   5.          -4.5
 -22.         -42.         -29.5          0.           0.
   0.           0.           0.        ]
[ 24.          21.5         13.66666667  -4.33333333 -24.5
 -39.5        -56.         -66.           0.           0.
   0.           0.           0.        ]
[ 23.   20.   16.    7.   -2.5 -28.  -51.  -68.    0.    0.    0.    0.
   0. ]
[ 21.          19.5         14.33333333  -2.66666667 -18.
 -30.         -41.         -58.           0.           0.
   0.           0.           0.        ]
[ 20.          17.5         12.66666667  -2.33333333 -14.
 -41.         -55.         -66.           0.           0.
   0.           0.           0.        ]
[  9.           7.33333333  -3.         -37.         -37.5
 -52.5        -65.         -73.           0.           0.
   0.           0.           0.        ]
[ 10.           8.66666667   7.          -5.33333333 -37.
 -66.         -71.         -40.           0.           0.
   0.           0.           0.        ]
[  5.           4.           0.         -20.33333333 -49.33333333
 -55.         -65.5        -72.           0.           0.
   0.           0.           0.        ]
