pressure:
[1010.          958.33333333  829.66666667  635.33333333  458.33333333
  300.          250.          186.5         150.           90.
   70.           50.           30.        ]
[1000.          934.          829.          637.66666667  459.66666667
  300.          259.          200.          150.           89.
   70.           50.           20.        ]
[1001.5         935.5         830.          638.33333333  460.
  300.          265.5         200.          150.           93.5
   70.           50.           20.        ]
[999.         934.         830.66666667 641.         492.5
 350.         250.         204.         150.          99.5
  70.          50.          25.        ]
[999.         933.5        829.66666667 641.         493.
 350.         250.         200.         150.          91.
  70.          50.           0.        ]
[992.         931.         827.33333333 700.         500.
   0.           0.           0.           0.           0.
   0.           0.           0.        ]
[992.         931.         827.66666667 639.66666667 492.5
 350.         250.         200.         132.         100.
  70.          50.          25.        ]
[998.         933.5        830.33333333 641.33333333 493.
 350.         250.         200.         150.         102.
  70.          50.          25.        ]
[1000.   934.   830.   640.   492.5  350.   250.   200.   150.    98.
   70.    50.    20. ]
[1008.          958.66666667  832.33333333  640.33333333  492.
  350.          250.          200.          142.          100.
   70.           50.            0.        ]
[1009.          958.66666667  832.66666667  640.33333333  492.
  350.          246.          200.          150.           90.
   70.           50.           20.        ]
[1019.          961.33333333  835.33333333  639.66666667  460.
  300.          250.          201.5         150.           97.5
   70.           50.           25.        ]
temperature:
[  6.           4.66666667   0.66666667  -4.33333333 -16.66666667
 -33.         -41.         -53.         -64.         -75.5
 -76.         -61.         -59.        ]
[ 21.          17.5         11.           0.33333333 -16.66666667
 -35.         -39.         -52.         -62.         -77.5
 -80.         -71.         -54.        ]
[ 19.5         17.5         11.           0.66666667 -13.33333333
 -33.         -38.5        -53.         -66.         -78.
 -72.         -65.         -49.        ]
[ 24.          22.          16.           4.66666667  -6.5
 -24.5        -42.         -52.         -65.         -78.
 -71.         -63.         -53.        ]
[ 23.          19.5         16.66666667   6.          -4.5
 -20.         -38.         -51.         -67.         -77.5
 -78.         -65.           0.        ]
[28.         23.5        17.33333333  9.         -4.          0.
  0.          0.          0.          0.          0.          0.
  0.        ]
[ 28.          26.          20.33333333   7.33333333  -4.5
 -21.         -37.         -49.         -69.5        -72.
 -65.         -61.         -52.        ]
[ 27.   23.5  17.    5.   -4.5 -21.  -38.  -51.  -63.  -74.  -69.  -63.
 -53. ]
[ 24.          19.          14.33333333   5.          -4.5
 -22.         -40.         -49.         -62.         -81.
 -73.         -63.         -51.66666667]
[ 20.          16.66666667  10.33333333   2.66666667  -6.5
 -23.         -39.         -52.         -69.         -73.
 -70.         -64.           0.        ]
[ 18.          15.33333333   8.66666667   0.66666667  -8.
 -28.         -45.         -54.         -62.         -75.5
 -76.         -66.         -56.66666667]
[  9.           5.33333333   2.66666667  -4.         -14.66666667
 -29.         -39.         -51.5        -66.         -81.5
 -73.         -67.         -62.        ]
dewpoint:
[  4.           3.33333333   0.          -5.33333333 -28.
 -58.         -64.         -35.           0.           0.
   0.           0.           0.        ]
[ 13.          10.          -2.33333333 -35.         -55.
 -68.         -70.5        -80.           0.           0.
   0.           0.           0.        ]
[ 10.5          3.          -2.66666667 -26.66666667 -38.66666667
 -56.         -61.         -73.           0.           0.
   0.           0.           0.        ]
[ 20.          19.          14.33333333   3.          -8.
 -29.         -53.         -64.           0.           0.
   0.           0.           0.        ]
[ 21.          19.          14.           3.33333333  -8.
 -34.         -54.         -66.           0.           0.
   0.           0.           0.        ]
[23.         22.         16.33333333  8.         -6.          0.
  0.          0.          0.          0.          0.          0.
  0.        ]
[ 22.          20.           9.66666667   0.33333333  -5.5
 -22.5        -41.         -55.           0.           0.
   0.           0.           0.        ]
[ 22.          19.5         14.66666667   4.          -6.5
 -23.5        -55.         -58.           0.           0.
   0.           0.           0.        ]
[ 14.          10.5          1.         -22.33333333 -16.
 -38.         -55.         -63.           0.           0.
   0.           0.           0.        ]
[  9.           8.          -5.33333333 -10.66666667 -18.5
 -41.         -46.         -55.           0.           0.
   0.           0.           0.        ]
[ 13.          11.66666667   0.66666667 -32.         -41.5
 -43.         -58.5        -67.           0.           0.
   0.           0.           0.        ]
[  7.           3.33333333   1.         -15.66666667 -51.33333333
 -61.         -68.         -76.           0.           0.
   0.           0.           0.        ]
