pressure:
[1010.          959.          832.66666667  639.66666667  491.
  350.          250.          182.5         150.          100.5
   70.           50.           25.        ]
[1007.          957.66666667  830.33333333  637.66666667  459.66666667
  300.          250.          190.5         150.           94.
   70.           50.           25.        ]
[1012.          959.          832.          639.          460.33333333
  300.          238.5         200.          130.          100.
   70.           50.           25.        ]
[995.         931.5        826.66666667 637.66666667 490.5
 350.         241.5        200.         150.          91.5
  70.          50.          30.        ]
[996.         932.5        828.33333333 639.66666667 492.5
 350.         250.         200.         150.          90.
  70.          50.          30.        ]
[990.         930.         827.         640.66666667 493.5
 350.         250.         200.         150.         101.
  70.          50.          25.        ]
[995.         932.5        829.33333333 641.         493.
 350.         250.         200.         150.         100.5
  70.          50.          25.        ]
[997.         933.         829.66666667 640.66666667 493.
 350.         250.         200.         150.         104.5
  70.          50.          20.        ]
[997.         933.         828.66666667 638.66666667 491.
 350.         250.         200.         150.         104.
  70.          50.          25.        ]
[1008.          958.33333333  833.33333333  641.66666667  492.5
  350.          241.5         200.          150.           98.
   70.           50.           25.        ]
[1007.          958.          831.66666667  639.          490.5
  332.66666667  250.          200.          150.           98.
   70.           50.           25.        ]
[1018.          961.          834.66666667  640.          460.66666667
  300.          250.          199.5         150.           90.
   70.           50.           20.        ]
temperature:
[ 16.          13.           6.66666667  -0.33333333  -7.5
 -24.5        -42.         -57.         -65.         -78.
 -74.         -70.         -56.        ]
[ 10.           7.66666667   7.66666667  -1.33333333 -15.66666667
 -30.         -40.         -56.         -65.         -73.5
 -74.         -69.         -57.5       ]
[ 13.           9.66666667   3.66666667   0.         -13.33333333
 -36.         -45.5        -54.         -68.5        -73.
 -73.         -66.         -56.        ]
[ 18.          17.          14.33333333   4.          -6.
 -22.         -41.5        -50.         -62.         -77.5
 -77.         -65.         -59.        ]
[ 23.          19.5         15.           5.66666667  -4.
 -20.         -37.         -51.         -63.         -77.
 -76.         -67.         -60.        ]
[ 27.          26.          20.66666667   9.          -2.5
 -17.5        -34.         -46.         -64.         -81.
 -74.         -62.         -53.        ]
[ 29.   24.   18.    8.   -5.5 -21.5 -39.  -50.  -66.  -76.5 -68.  -63.
 -56. ]
[ 27.          22.          16.66666667   5.          -4.5
 -20.5        -40.         -52.         -66.         -73.5
 -71.         -65.         -51.66666667]
[ 25.          21.5         14.           2.66666667  -6.
 -21.         -38.         -50.         -65.         -78.5
 -72.         -64.         -55.5       ]
[ 20.          17.33333333  12.           2.          -8.5
 -25.         -42.         -53.         -67.         -79.5
 -71.         -68.         -55.5       ]
[ 15.          14.           8.66666667  -1.          -8.5
 -26.33333333 -38.         -51.         -66.         -80.5
 -76.         -68.         -58.5       ]
[ 10.           6.33333333   2.66666667  -2.66666667 -14.
 -35.         -41.         -53.         -62.         -75.
 -75.         -66.         -54.        ]
dewpoint:
[ 11.           7.          -2.33333333 -34.66666667 -47.
 -49.         -61.         -35.           0.           0.
   0.           0.           0.        ]
[ 10.           6.33333333   6.33333333  -2.66666667 -24.66666667
 -50.         -59.         -34.5          0.           0.
   0.           0.           0.        ]
[  5.           3.           1.66666667  -1.66666667 -15.66666667
 -44.         -63.         -70.           0.           0.
   0.           0.           0.        ]
[ 17.          15.          12.33333333   1.66666667  -9.5
 -31.         -52.5        -61.           0.           0.
   0.           0.           0.        ]
[ 21.   17.5  14.    4.   -5.5 -23.  -42.  -57.    0.    0.    0.    0.
   0. ]
[ 25.          24.          18.33333333   2.33333333  -6.5
 -35.5        -51.         -54.           0.           0.
   0.           0.           0.        ]
[ 22.          21.5         15.          -3.66666667 -19.5
 -34.5        -53.         -63.           0.           0.
   0.           0.           0.        ]
[ 22.          20.5         14.66666667  -2.66666667 -19.
 -34.5        -55.         -65.           0.           0.
   0.           0.           0.        ]
[ 21.          17.5         12.66666667   1.          -7.
 -35.         -61.         -70.           0.           0.
   0.           0.           0.        ]
[  9.           5.33333333   8.          -9.         -29.5
 -47.         -60.5        -68.           0.           0.
   0.           0.           0.        ]
[ 12.          12.33333333  -0.33333333 -44.66666667 -49.5
 -61.33333333 -70.         -79.           0.           0.
   0.           0.           0.        ]
[  7.           4.33333333   0.         -19.66666667 -43.66666667
 -61.         -68.         -38.           0.           0.
   0.           0.           0.        ]
