0501 15.2
0501 17.6
0502 16.2
0502 18.4
0503 14.2
0503 13.2
0504 13.0
0504 21.6
0505 17.4
0505 24.4
0506 20.6
0506 23.8
0507 20.4
0507 25.2
0508 14.8
0508 13.4
0509 14.2
0509 16.4
0510 16.4
0510 19.0
0511 21.8
0511 26.8
0512 24.4
0512 29.0
0513 25.4
0513 27.4
0514 24.2
0514 23.0
0515 19.2
0515 20.8
0516 16.0
0516 21.2
0517 21.2
0517 19.8
0518 15.4
0518 16.0
0519 16.2
0519 22.4
0520 19.2
0520 23.4
0521 22.8
0521 29.8
0522 23.4
0522 28.4
0523 22.6
0523 27.6
0524 23.8
0524 26.4
0525 22.0
0525 22.4
0526 21.4
0526 17.4
0527 16.4
0527 15.8
0528 17.0
0528 20.0
0529 19.0
0529 22.2
0530 18.8
0530 24.2
0531 20.2
0531 21.0
0701 27.8
0701 29.2
0702 30.0
0702 30.2
0703 28.8
0703 32.2
0704 29.2
0704 26.4
0705 24.4
0705 32.2
0706 29.2
0706 31.8
0707 28.6
0707 30.2
0708 27.4
0708 32.8
0709 26.8
0709 29.0
0710 28.4
0710 27.0
0711 24.8
0711 24.0
0712 23.8
0712 25.8
0713 25.0
0713 24.4
0714 23.8
0714 28.0
0715 26.0
0715 27.6
0716 23.6
0716 29.0
0717 25.0
0717 28.8
0718 27.4
0718 26.6
0719 25.4
0719 24.8
0720 24.2
0720 25.2
0721 23.8
0721 25.8
0722 24.0
0722 27.2
0723 25.0
0723 21.8
0724 24.8
0724 30.0
0725 27.6
0725 30.4
0726 25.6
0726 29.6
0727 30.0
0727 31.4
0728 25.4
0728 29.8
0729 27.4
0729 24.8
0730 25.2
0730 28.2
0731 27.4
0731 30.2
0801 28.0
0801 27.8
0802 25.6
0802 28.4
0803 25.8
0803 29.0
0804 28.8
0804 30.4
0805 28.4
0805 31.0
0806 29.8
0806 32.2
0807 30.8
0807 26.6
0808 25.6
0808 28.4
0809 28.4
0809 31.0
0810 28.0
0810 30.0
0811 28.8
0811 34.0
0812 23.0
0812 30.0
0813 24.8
0813 30.4
0814 27.4
0814 30.6
0815 29.2
0815 32.0
0816 29.8
0816 31.8
0817 30.2
0817 32.0
0818 26.2
0818 26.8
0819 23.4
0819 25.8
0820 24.2
0820 26.0
0821 24.8
0821 26.4
0822 25.4
0822 26.4
0823 25.8
0823 28.0
0824 24.6
0824 26.8
0825 25.6
0825 27.8
0826 24.6
0826 28.0
0827 24.8
0827 27.8
0828 26.6
0828 26.0
0829 26.6
0829 25.2
0830 19.4
0830 20.4
0831 17.0
0831 20.0
0901 19.8
0901 23.0
0902 20.2
0902 25.4
0903 20.8
0903 22.6
0904 20.8
0904 23.0
0905 21.0
0905 21.0
0906 18.4
0906 24.8
0907 20.4
0907 25.2
0908 20.8
0908 21.8
0909 18.8
0909 22.0
0910 21.0
0910 21.2
0911 18.6
0911 23.6
0912 21.6
0912 23.0
0913 20.4
0913 24.4
0914 23.8
0914 27.2
0915 22.8
0915 24.6
0916 26.0
0916 27.0
0917 25.8
0917 29.0
0918 22.6
0918 25.0
0919 22.2
0919 23.6
0920 23.0
0920 24.4
0921 22.6
0921 21.4
0922 21.4
0922 24.6
0923 22.2
0923 14.8
0924 15.6
0924 16.2
0925 13.2
0925 15.8
0926 14.2
0926 18.4
0927 17.2
0927 20.2
0928 16.8
0928 21.8
0929 15.4
0929 20.0
0930 17.0
0930 20.8
1001 20.8
1001 21.2
1002 14.0
1002 15.2
1003 13.4
1003 21.2
1004 19.0
1004 22.6
1005 16.6
1005 23.4
1006 15.0
1006 20.0
1007 15.0
1007 18.8
1008 16.0
1008 17.2
1009 19.2
1009 24.4
1010 20.8
1010 21.6
1011 15.8
1011 18.2
1012 16.2
1012 26.0
1013 19.0
1013 21.6
1014 16.2
1014 10.2
1015 7.6
1015 7.8
1016 4.4
1016 10.8
1017 6.4
1017 13.0
1018 11.6
1018 14.6
1019 11.0
1019 15.8
1020 9.0
1020 10.2
1021 8.8
1021 13.2
1022 9.6
1022 17.4
1023 13.6
1023 9.2
1024 6.8
1024 6.2
1025 5.6
1025 8.6
1026 3.4
1026 9.4
1027 10.6
1027 16.0
1028 14.4
1028 12.0
1029 11.2
1029 11.4
1030 7.6
1030 10.6
1031 8.4
1031 10.0
1101 8.4
1101 9.8
1102 10.0
1102 11.2
1103 8.6
1103 9.0
1104 5.6
1104 9.6
1105 12.6
1105 14.8
1106 8.2
1106 15.8
1107 5.6
1107 9.6
1108 8.8
1108 13.6
1109 12.8
1109 11.0
1110 5.2
1110 4.6
1111 0.8
1111 4.2
1112 2.4
1112 5.4
1113 4.8
1113 11.2
1114 8.6
1114 6.8
1115 4.4
1115 11.4
1116 12.4
1116 8.4
1117 2.0
1117 6.2
1118 -1.7
1118 1.8
1119 -2.1
1119 0.0
1120 3.0
1120 6.2
1121 3.0
1121 4.4
1122 0.0
1122 7.2
1123 10.0
1123 10.6
1124 8.4
1124 4.6
1125 3.0
1125 1.4
1126 4.6
1126 4.0
1127 -2.9
1127 -2.3
1128 -5.3
1128 0.4
1129 -1.7
1129 6.6
1130 2.0
1130 3.0
