0501 15.2
0501 17.6
0502 16.2
0502 18.4
0503 14.2
0503 13.2
0504 13.0
0504 21.6
0505 17.4
0505 24.4
0506 20.6
0506 23.8
0507 20.4
0507 25.2
0508 14.8
0508 13.4
0509 14.2
0509 16.4
0510 16.4
0510 19.0
0511 21.8
0511 26.8
0512 24.4
0512 29.0
0513 25.4
0513 27.4
0514 24.2
0514 23.0
0515 19.2
0515 20.8
0516 16.0
0516 21.2
0517 21.2
0517 19.8
0518 15.4
0518 16.0
0519 16.2
0519 22.4
0520 19.2
0520 23.4
0521 22.8
0521 29.8
0522 23.4
0522 28.4
0523 22.6
0523 27.6
0524 23.8
0524 26.4
0525 22.0
0525 22.4
0526 21.4
0526 17.4
0527 16.4
0527 15.8
0528 17.0
0528 20.0
0529 19.0
0529 22.2
0530 18.8
0530 24.2
0531 20.2
0531 21.0
0701 27.8
0701 29.2
0702 30.0
0702 30.2
0703 28.8
0703 32.2
0704 29.2
0704 26.4
0705 24.4
0705 32.2
0706 29.2
0706 31.8
0707 28.6
0707 30.2
0708 27.4
0708 32.8
0709 26.8
0709 29.0
0710 28.4
0710 27.0
0711 24.8
0711 24.0
0712 23.8
0712 25.8
0713 25.0
0713 24.4
0714 23.8
0714 28.0
0715 26.0
0715 27.6
0716 23.6
0716 29.0
0717 25.0
0717 28.8
0718 27.4
0718 26.6
0719 25.4
0719 24.8
0720 24.2
0720 25.2
0721 23.8
0721 25.8
0722 24.0
0722 27.2
0723 25.0
0723 21.8
0724 24.8
0724 30.0
0725 27.6
0725 30.4
0726 25.6
0726 29.6
0727 30.0
0727 31.4
0728 25.4
0728 29.8
0729 27.4
0729 24.8
0730 25.2
0730 28.2
0731 27.4
0731 30.2
0801 28.0
0801 27.8
0802 25.6
0802 28.4
0803 25.8
0803 29.0
0804 28.8
0804 30.4
0805 28.4
0805 31.0
0806 29.8
0806 32.2
0807 30.8
0807 26.6
0808 25.6
0808 28.4
0809 28.4
0809 31.0
0810 28.0
0810 30.0
0811 28.8
0811 34.0
0812 23.0
0812 30.0
0813 24.8
0813 30.4
0814 27.4
0814 30.6
0815 29.2
0815 32.0
0816 29.8
0816 31.8
0817 30.2
0817 32.0
0818 26.2
0818 26.8
0819 23.4
0819 25.8
0820 24.2
0820 26.0
0821 24.8
0821 26.4
0822 25.4
0822 26.4
0823 25.8
0823 28.0
0824 24.6
0824 26.8
0825 25.6
0825 27.8
0826 24.6
0826 28.0
0827 24.8
0827 27.8
0828 26.6
0828 26.0
0829 26.6
0829 25.2
0830 19.4
0830 20.4
0831 17.0
0831 20.0
0901 19.8
0901 23.0
0902 20.2
0902 25.4
0903 20.8
0903 22.6
0904 20.8
0904 23.0
0905 21.0
0905 21.0
0906 18.4
0906 24.8
0907 20.4
0907 25.2
0908 20.8
0908 21.8
0909 18.8
0909 22.0
0910 21.0
0910 21.2
0911 18.6
0911 23.6
0912 21.6
0912 23.0
0913 20.4
0913 24.4
0914 23.8
0914 27.2
0915 22.8
0915 24.6
0916 26.0
0916 27.0
0917 25.8
0917 29.0
0918 22.6
0918 25.0
0919 22.2
0919 23.6
0920 23.0
0920 24.4
0921 22.6
0921 21.4
0922 21.4
0922 24.6
0923 22.2
0923 14.8
0924 15.6
0924 16.2
0925 13.2
0925 15.8
0926 14.2
0926 18.4
0927 17.2
0927 20.2
0928 16.8
0928 21.8
0929 15.4
0929 20.0
0930 17.0
0930 20.8
1001 20.8
1001 21.2
1002 14.0
1002 15.2
1003 13.4
1003 21.2
1004 19.0
1004 22.6
1005 16.6
1005 23.4
1006 15.0
1006 20.0
1007 15.0
1007 18.8
1008 16.0
1008 17.2
1009 19.2
1009 24.4
1010 20.8
1010 21.6
1011 15.8
1011 18.2
1012 16.2
1012 26.0
1013 19.0
1013 21.6
1014 16.2
1014 10.2
1015 7.6
1015 7.8
1016 4.4
1016 10.8
1017 6.4
1017 13.0
1018 11.6
1018 14.6
1019 11.0
1019 15.8
1020 9.0
1020 10.2
1021 8.8
1021 13.2
1022 9.6
1022 17.4
1023 13.6
1023 9.2
1024 6.8
1024 6.2
1025 5.6
1025 8.6
1026 3.4
1026 9.4
1027 10.6
1027 16.0
1028 14.4
1028 12.0
1029 11.2
1029 11.4
1030 7.6
1030 10.6
1031 8.4
1031 10.0
1101 8.4
1101 9.8
1102 10.0
1102 11.2
1103 8.6
1103 9.0
1104 5.6
1104 9.6
1105 12.6
1105 14.8
1106 8.2
1106 15.8
1107 5.6
1107 9.6
1108 8.8
1108 13.6
1109 12.8
1109 11.0
1110 5.2
1110 4.6
1111 0.8
1111 4.2
1112 2.4
1112 5.4
1113 4.8
1113 11.2
1114 8.6
1114 6.8
1115 4.4
1115 11.4
1116 12.4
1116 8.4
1117 2.0
1117 6.2
1118 -1.7
1118 1.8
1119 -2.1
1119 0.0
1120 3.0
1120 6.2
1121 3.0
1121 4.4
1122 0.0
1122 7.2
1123 10.0
1123 10.6
1124 8.4
1124 4.6
1125 3.0
1125 1.4
1126 4.6
1126 4.0
1127 -2.9
1127 -2.3
1128 -5.3
1128 0.4
1129 -1.7
1129 6.6
1130 2.0
1130 3.0
0101 3.2
0102 1.4
0102 8.8
0103 1.8
0103 2.2
0104 -4.7
0104 4.2
0105 1.2
0105 0.2
0106 -2.1
0106 0.8
0107 0.4
0107 2.6
0108 -1.9
0108 -3.7
0109 -7.7
0109 -3.5
0110 -2.1
0111 -4.1
0111 2.6
0112 -2.5
0112 -4.7
0113 -7.1
0113 1.4
0114 -3.3
0114 -1.5
0115 -4.9
0115 2.2
0116 3.8
0116 -0.3
0117 -1.1
0117 -3.1
0118 -7.5
0118 0.2
0119 3.0
0119 0.0
0120 -1.3
0120 0.6
0121 -6.7
0121 -3.1
0122 0.8
0122 6.0
0123 3.4
0123 10.2
0124 4.4
0124 7.0
0125 -0.5
0125 0.6
0126 -3.9
0126 4.8
0127 4.4
0127 8.2
0128 -0.7
0128 3.8
0129 3.4
0129 7.8
0130 1.8
0130 6.0
0131 5.4
0131 7.4
0201 2.2
0201 2.6
0202 3.0
0202 3.0
0203 -1.3
0203 -2.5
0204 -5.9
0204 -1.5
0205 -2.7
0205 -2.5
0206 -2.7
0206 -1.5
0207 -2.7
0207 -4.9
0208 -9.3
0208 -2.3
0209 -5.7
0209 -5.9
0210 -10.3
0210 -6.7
0211 -7.7
0211 -2.5
0212 -7.9
0212 -1.3
0213 -2.7
0213 -0.7
0214 -2.3
0214 2.0
0215 -1.1
0215 4.4
0216 1.0
0216 4.0
0217 0.6
0217 0.4
0218 -2.5
0218 -0.5
0219 -3.7
0219 -0.3
0220 -5.9
0220 1.8
0221 5.0
0221 6.6
0222 1.2
0222 8.4
0223 3.8
0223 7.0
0224 5.8
0224 8.6
0225 5.0
0225 12.0
0226 5.2
0226 13.4
0227 6.6
0227 3.6
0228 0.4
0228 5.4
0501 19.2
0501 25.8
0502 14.6
0502 16.4
0503 17.4
0503 21.2
0504 12.4
0504 15.0
0505 14.4
0505 17.2
0506 17.8
0506 23.6
0507 20.6
0507 19.8
0508 15.2
0508 22.2
0509 18.0
0509 24.0
0510 18.8
0510 16.6
0511 13.4
0511 14.8
0512 20.2
0512 24.8
0513 22.6
0513 25.2
0514 20.0
0514 19.4
0515 20.8
0515 24.8
0516 23.8
0516 24.8
0517 20.2
0517 24.4
0518 21.2
0518 26.2
0519 21.6
0519 24.2
0520 22.6
0520 27.8
0521 25.0
0521 29.0
0522 26.8
0522 31.0
0523 26.6
0523 29.4
0524 21.0
0524 22.6
0525 22.6
0525 25.0
0526 25.2
0526 29.4
0527 28.0
0527 31.0
0528 26.8
0528 31.6
0529 29.8
0529 34.8
0530 31.0
0530 33.6
0531 30.2
0531 28.4
0601 23.6
0601 18.8
0602 17.2
0602 20.0
0603 17.8
0603 24.8
0604 20.0
0604 24.6
0605 23.0
0605 28.6
0606 26.4
0606 22.4
0607 20.6
0607 26.6
0608 25.2
0608 29.8
0609 19.0
0609 24.6
0610 21.0
0610 27.2
0611 20.4
0611 24.4
0612 22.6
0612 30.2
0613 26.0
0613 28.8
0614 26.6
0614 25.4
0615 25.6
0615 23.4
0616 21.6
0616 24.4
0617 21.8
0617 23.4
0618 22.8
0618 24.6
0619 22.2
0619 19.4
0620 19.6
0620 21.4
0621 19.8
0621 22.6
0622 20.8
0622 26.2
0623 22.4
0623 27.6
0624 24.8
0624 30.0
0625 25.8
0625 24.6
0626 23.4
0626 29.4
0627 24.4
0627 29.2
0628 26.8
0628 31.8
0629 25.8
0629 25.4
0630 25.4
0630 27.4
0701 27.4
0701 28.6
0702 24.6
0702 25.6
0703 23.4
0703 30.0
0704 24.8
0704 23.2
0705 23.8
0705 28.4
0706 25.6
0706 29.2
0707 26.0
0707 30.2
0708 27.0
0708 31.4
0709 27.8
0709 28.8
0710 24.0
0710 24.0
0711 23.2
0711 31.4
0712 27.0
0712 28.6
0713 25.4
0713 30.8
0714 28.4
0714 30.4
0715 25.0
0715 30.0
0716 28.4
0716 31.4
0717 28.6
0717 32.2
0718 28.4
0718 33.0
0719 30.2
0719 29.8
0720 30.8
0720 34.0
0721 30.4
0721 35.4
0722 27.4
0722 27.8
0723 23.4
0723 26.0
0724 25.0
0724 22.2
0725 20.6
0725 23.0
0726 19.4
0726 28.6
0727 24.4
0727 30.0
0728 24.6
0728 30.0
0729 26.4
0729 30.4
0730 25.2
0730 26.6
0731 24.6
0731 27.0
1001 12.6
1001 19.6
1002 15.0
1002 16.0
1003 13.8
1003 19.2
1004 18.4
1004 19.2
1005 13.8
1005 17.2
1006 10.8
1006 13.2
1007 12.0
1007 20.4
1008 17.8
1008 20.4
1009 14.4
1009 19.0
1010 13.4
1010 19.2
1011 14.4
1011 19.0
1012 15.6
1012 14.2
1013 10.6
1013 11.6
1014 6.2
1014 11.8
1015 16.2
1015 18.0
1016 13.0
1016 17.2
1017 16.8
1017 21.2
1018 17.2
1018 23.0
1019 16.6
1019 15.6
1020 15.6
1020 16.4
1021 13.0
1021 12.6
1022 9.6
1022 13.6
1023 16.2
1023 20.4
1024 18.8
1024 22.6
1025 20.4
1025 23.6
1026 17.0
1026 11.6
1027 8.4
1027 10.6
1028 5.6
1028 12.4
1029 11.2
1029 14.4
1030 12.8
1030 15.0
1031 14.2
1031 15.2
1101 13.0
1101 12.6
1102 7.0
1102 8.4
1103 4.6
1103 13.6
1104 9.4
1104 13.8
1105 13.6
1105 11.6
1106 6.2
1106 8.0
1107 4.8
1107 8.2
1108 7.0
1108 6.6
1109 3.6
1109 7.8
1110 5.2
1110 12.8
1111 9.4
1111 10.0
1112 3.8
1112 4.0
1113 -1.1
1113 3.4
1114 1.0
1114 5.6
1115 6.8
1115 7.8
1116 3.0
1116 3.0
1117 2.6
1117 4.0
1118 1.4
1118 5.6
1119 9.6
1119 11.6
1120 10.0
1120 11.4
1121 6.6
1121 10.8
1122 7.0
1122 9.6
1123 8.8
1123 9.0
1124 6.0
1124 6.4
1125 3.6
1125 7.4
1126 7.0
1126 10.2
1127 8.6
1127 9.0
1128 6.8
1128 6.6
1129 1.4
1129 7.0
1130 6.2
1130 5.8
1201 -4.5
1201 -2.3
1202 -6.5
1202 -3.7
1203 -1.5
1203 -2.5
1204 -3.9
1204 -2.1
1205 -7.3
1205 -0.9
1206 -3.3
1206 4.4
1207 3.0
1207 0.6
1208 -5.7
1208 0.0
1209 -3.7
1209 2.4
1210 1.6
1210 -0.5
1211 -3.3
1211 -3.3
1212 -3.1
1212 -0.3
1213 -4.3
1213 -1.1
1214 -2.7
1214 5.0
1215 2.8
1215 1.4
1216 -6.3
1216 -1.3
1217 -7.3
1217 3.0
1218 -3.3
1218 7.0
1219 4.6
1219 2.4
1220 -4.3
1220 -2.9
1221 -5.7
1221 -1.7
1222 -2.7
1222 4.4
1223 4.8
1223 4.8
1224 -2.5
1224 -1.3
1225 -5.5
1225 -1.9
1226 -3.1
1226 0.8
1227 -1.5
1227 4.0
1228 -0.9
1228 2.2
1229 5.6
1229 3.8
1230 3.6
1230 5.4
1231 -2.5
1231 -1.5
