0501 15.2
0501 17.6
0502 16.2
0502 18.4
0503 14.2
0503 13.2
0504 13.0
0504 21.6
0505 17.4
0505 24.4
0506 20.6
0506 23.8
0507 20.4
0507 25.2
0508 14.8
0508 13.4
0509 14.2
0509 16.4
0510 16.4
0510 19.0
0511 21.8
0511 26.8
0512 24.4
0512 29.0
0513 25.4
0513 27.4
0514 24.2
0514 23.0
0515 19.2
0515 20.8
0516 16.0
0516 21.2
0517 21.2
0517 19.8
0518 15.4
0518 16.0
0519 16.2
0519 22.4
0520 19.2
0520 23.4
0521 22.8
0521 29.8
0522 23.4
0522 28.4
0523 22.6
0523 27.6
0524 23.8
0524 26.4
0525 22.0
0525 22.4
0526 21.4
0526 17.4
0527 16.4
0527 15.8
0528 17.0
0528 20.0
0529 19.0
0529 22.2
0530 18.8
0530 24.2
0531 20.2
0531 21.0
0701 27.8
0701 29.2
0702 30.0
0702 30.2
0703 28.8
0703 32.2
0704 29.2
0704 26.4
0705 24.4
0705 32.2
0706 29.2
0706 31.8
0707 28.6
0707 30.2
0708 27.4
0708 32.8
0709 26.8
0709 29.0
0710 28.4
0710 27.0
0711 24.8
0711 24.0
0712 23.8
0712 25.8
0713 25.0
0713 24.4
0714 23.8
0714 28.0
0715 26.0
0715 27.6
0716 23.6
0716 29.0
0717 25.0
0717 28.8
0718 27.4
0718 26.6
0719 25.4
0719 24.8
0720 24.2
0720 25.2
0721 23.8
0721 25.8
0722 24.0
0722 27.2
0723 25.0
0723 21.8
0724 24.8
0724 30.0
0725 27.6
0725 30.4
0726 25.6
0726 29.6
0727 30.0
0727 31.4
0728 25.4
0728 29.8
0729 27.4
0729 24.8
0730 25.2
0730 28.2
0731 27.4
0731 30.2
0801 28.0
0801 27.8
0802 25.6
0802 28.4
0803 25.8
0803 29.0
0804 28.8
0804 30.4
0805 28.4
0805 31.0
0806 29.8
0806 32.2
0807 30.8
0807 26.6
0808 25.6
0808 28.4
0809 28.4
0809 31.0
0810 28.0
0810 30.0
0811 28.8
0811 34.0
0812 23.0
0812 30.0
0813 24.8
0813 30.4
0814 27.4
0814 30.6
0815 29.2
0815 32.0
0816 29.8
0816 31.8
0817 30.2
0817 32.0
0818 26.2
0818 26.8
0819 23.4
0819 25.8
0820 24.2
0820 26.0
0821 24.8
0821 26.4
0822 25.4
0822 26.4
0823 25.8
0823 28.0
0824 24.6
0824 26.8
0825 25.6
0825 27.8
0826 24.6
0826 28.0
0827 24.8
0827 27.8
0828 26.6
0828 26.0
0829 26.6
0829 25.2
0830 19.4
0830 20.4
0831 17.0
0831 20.0
0901 19.8
0901 23.0
0902 20.2
0902 25.4
0903 20.8
0903 22.6
0904 20.8
0904 23.0
0905 21.0
0905 21.0
0906 18.4
0906 24.8
0907 20.4
0907 25.2
0908 20.8
0908 21.8
0909 18.8
0909 22.0
0910 21.0
0910 21.2
0911 18.6
0911 23.6
0912 21.6
0912 23.0
0913 20.4
0913 24.4
0914 23.8
0914 27.2
0915 22.8
0915 24.6
0916 26.0
0916 27.0
0917 25.8
0917 29.0
0918 22.6
0918 25.0
0919 22.2
0919 23.6
0920 23.0
0920 24.4
0921 22.6
0921 21.4
0922 21.4
0922 24.6
0923 22.2
0923 14.8
0924 15.6
0924 16.2
0925 13.2
0925 15.8
0926 14.2
0926 18.4
0927 17.2
0927 20.2
0928 16.8
0928 21.8
0929 15.4
0929 20.0
0930 17.0
0930 20.8
1001 20.8
1001 21.2
1002 14.0
1002 15.2
1003 13.4
1003 21.2
1004 19.0
1004 22.6
1005 16.6
1005 23.4
1006 15.0
1006 20.0
1007 15.0
1007 18.8
1008 16.0
1008 17.2
1009 19.2
1009 24.4
1010 20.8
1010 21.6
1011 15.8
1011 18.2
1012 16.2
1012 26.0
1013 19.0
1013 21.6
1014 16.2
1014 10.2
1015 7.6
1015 7.8
1016 4.4
1016 10.8
1017 6.4
1017 13.0
1018 11.6
1018 14.6
1019 11.0
1019 15.8
1020 9.0
1020 10.2
1021 8.8
1021 13.2
1022 9.6
1022 17.4
1023 13.6
1023 9.2
1024 6.8
1024 6.2
1025 5.6
1025 8.6
1026 3.4
1026 9.4
1027 10.6
1027 16.0
1028 14.4
1028 12.0
1029 11.2
1029 11.4
1030 7.6
1030 10.6
1031 8.4
1031 10.0
1101 8.4
1101 9.8
1102 10.0
1102 11.2
1103 8.6
1103 9.0
1104 5.6
1104 9.6
1105 12.6
1105 14.8
1106 8.2
1106 15.8
1107 5.6
1107 9.6
1108 8.8
1108 13.6
1109 12.8
1109 11.0
1110 5.2
1110 4.6
1111 0.8
1111 4.2
1112 2.4
1112 5.4
1113 4.8
1113 11.2
1114 8.6
1114 6.8
1115 4.4
1115 11.4
1116 12.4
1116 8.4
1117 2.0
1117 6.2
1118 -1.7
1118 1.8
1119 -2.1
1119 0.0
1120 3.0
1120 6.2
1121 3.0
1121 4.4
1122 0.0
1122 7.2
1123 10.0
1123 10.6
1124 8.4
1124 4.6
1125 3.0
1125 1.4
1126 4.6
1126 4.0
1127 -2.9
1127 -2.3
1128 -5.3
1128 0.4
1129 -1.7
1129 6.6
1130 2.0
1130 3.0
0101 3.2
0102 1.4
0102 8.8
0103 1.8
0103 2.2
0104 -4.7
0104 4.2
0105 1.2
0105 0.2
0106 -2.1
0106 0.8
0107 0.4
0107 2.6
0108 -1.9
0108 -3.7
0109 -7.7
0109 -3.5
0110 -2.1
0111 -4.1
0111 2.6
0112 -2.5
0112 -4.7
0113 -7.1
0113 1.4
0114 -3.3
0114 -1.5
0115 -4.9
0115 2.2
0116 3.8
0116 -0.3
0117 -1.1
0117 -3.1
0118 -7.5
0118 0.2
0119 3.0
0119 0.0
0120 -1.3
0120 0.6
0121 -6.7
0121 -3.1
0122 0.8
0122 6.0
0123 3.4
0123 10.2
0124 4.4
0124 7.0
0125 -0.5
0125 0.6
0126 -3.9
0126 4.8
0127 4.4
0127 8.2
0128 -0.7
0128 3.8
0129 3.4
0129 7.8
0130 1.8
0130 6.0
0131 5.4
0131 7.4
0201 2.2
0201 2.6
0202 3.0
0202 3.0
0203 -1.3
0203 -2.5
0204 -5.9
0204 -1.5
0205 -2.7
0205 -2.5
0206 -2.7
0206 -1.5
0207 -2.7
0207 -4.9
0208 -9.3
0208 -2.3
0209 -5.7
0209 -5.9
0210 -10.3
0210 -6.7
0211 -7.7
0211 -2.5
0212 -7.9
0212 -1.3
0213 -2.7
0213 -0.7
0214 -2.3
0214 2.0
0215 -1.1
0215 4.4
0216 1.0
0216 4.0
0217 0.6
0217 0.4
0218 -2.5
0218 -0.5
0219 -3.7
0219 -0.3
0220 -5.9
0220 1.8
0221 5.0
0221 6.6
0222 1.2
0222 8.4
0223 3.8
0223 7.0
0224 5.8
0224 8.6
0225 5.0
0225 12.0
0226 5.2
0226 13.4
0227 6.6
0227 3.6
0228 0.4
0228 5.4
0501 19.2
0501 25.8
0502 14.6
0502 16.4
0503 17.4
0503 21.2
0504 12.4
0504 15.0
0505 14.4
0505 17.2
0506 17.8
0506 23.6
0507 20.6
0507 19.8
0508 15.2
0508 22.2
0509 18.0
0509 24.0
0510 18.8
0510 16.6
0511 13.4
0511 14.8
0512 20.2
0512 24.8
0513 22.6
0513 25.2
0514 20.0
0514 19.4
0515 20.8
0515 24.8
0516 23.8
0516 24.8
0517 20.2
0517 24.4
0518 21.2
0518 26.2
0519 21.6
0519 24.2
0520 22.6
0520 27.8
0521 25.0
0521 29.0
0522 26.8
0522 31.0
0523 26.6
0523 29.4
0524 21.0
0524 22.6
0525 22.6
0525 25.0
0526 25.2
0526 29.4
0527 28.0
0527 31.0
0528 26.8
0528 31.6
0529 29.8
0529 34.8
0530 31.0
0530 33.6
0531 30.2
0531 28.4
0601 23.6
0601 18.8
0602 17.2
0602 20.0
0603 17.8
0603 24.8
0604 20.0
0604 24.6
0605 23.0
0605 28.6
0606 26.4
0606 22.4
0607 20.6
0607 26.6
0608 25.2
0608 29.8
0609 19.0
0609 24.6
0610 21.0
0610 27.2
0611 20.4
0611 24.4
0612 22.6
0612 30.2
0613 26.0
0613 28.8
0614 26.6
0614 25.4
0615 25.6
0615 23.4
0616 21.6
0616 24.4
0617 21.8
0617 23.4
0618 22.8
0618 24.6
0619 22.2
0619 19.4
0620 19.6
0620 21.4
0621 19.8
0621 22.6
0622 20.8
0622 26.2
0623 22.4
0623 27.6
0624 24.8
0624 30.0
0625 25.8
0625 24.6
0626 23.4
0626 29.4
0627 24.4
0627 29.2
0628 26.8
0628 31.8
0629 25.8
0629 25.4
0630 25.4
0630 27.4
0701 27.4
0701 28.6
0702 24.6
0702 25.6
0703 23.4
0703 30.0
0704 24.8
0704 23.2
0705 23.8
0705 28.4
0706 25.6
0706 29.2
0707 26.0
0707 30.2
0708 27.0
0708 31.4
0709 27.8
0709 28.8
0710 24.0
0710 24.0
0711 23.2
0711 31.4
0712 27.0
0712 28.6
0713 25.4
0713 30.8
0714 28.4
0714 30.4
0715 25.0
0715 30.0
0716 28.4
0716 31.4
0717 28.6
0717 32.2
0718 28.4
0718 33.0
0719 30.2
0719 29.8
0720 30.8
0720 34.0
0721 30.4
0721 35.4
0722 27.4
0722 27.8
0723 23.4
0723 26.0
0724 25.0
0724 22.2
0725 20.6
0725 23.0
0726 19.4
0726 28.6
0727 24.4
0727 30.0
0728 24.6
0728 30.0
0729 26.4
0729 30.4
0730 25.2
0730 26.6
0731 24.6
0731 27.0
1001 12.6
1001 19.6
1002 15.0
1002 16.0
1003 13.8
1003 19.2
1004 18.4
1004 19.2
1005 13.8
1005 17.2
1006 10.8
1006 13.2
1007 12.0
1007 20.4
1008 17.8
1008 20.4
1009 14.4
1009 19.0
1010 13.4
1010 19.2
1011 14.4
1011 19.0
1012 15.6
1012 14.2
1013 10.6
1013 11.6
1014 6.2
1014 11.8
1015 16.2
1015 18.0
1016 13.0
1016 17.2
1017 16.8
1017 21.2
1018 17.2
1018 23.0
1019 16.6
1019 15.6
1020 15.6
1020 16.4
1021 13.0
1021 12.6
1022 9.6
1022 13.6
1023 16.2
1023 20.4
1024 18.8
1024 22.6
1025 20.4
1025 23.6
1026 17.0
1026 11.6
1027 8.4
1027 10.6
1028 5.6
1028 12.4
1029 11.2
1029 14.4
1030 12.8
1030 15.0
1031 14.2
1031 15.2
1101 13.0
1101 12.6
1102 7.0
1102 8.4
1103 4.6
1103 13.6
1104 9.4
1104 13.8
1105 13.6
1105 11.6
1106 6.2
1106 8.0
1107 4.8
1107 8.2
1108 7.0
1108 6.6
1109 3.6
1109 7.8
1110 5.2
1110 12.8
1111 9.4
1111 10.0
1112 3.8
1112 4.0
1113 -1.1
1113 3.4
1114 1.0
1114 5.6
1115 6.8
1115 7.8
1116 3.0
1116 3.0
1117 2.6
1117 4.0
1118 1.4
1118 5.6
1119 9.6
1119 11.6
1120 10.0
1120 11.4
1121 6.6
1121 10.8
1122 7.0
1122 9.6
1123 8.8
1123 9.0
1124 6.0
1124 6.4
1125 3.6
1125 7.4
1126 7.0
1126 10.2
1127 8.6
1127 9.0
1128 6.8
1128 6.6
1129 1.4
1129 7.0
1130 6.2
1130 5.8
1201 -4.5
1201 -2.3
1202 -6.5
1202 -3.7
1203 -1.5
1203 -2.5
1204 -3.9
1204 -2.1
1205 -7.3
1205 -0.9
1206 -3.3
1206 4.4
1207 3.0
1207 0.6
1208 -5.7
1208 0.0
1209 -3.7
1209 2.4
1210 1.6
1210 -0.5
1211 -3.3
1211 -3.3
1212 -3.1
1212 -0.3
1213 -4.3
1213 -1.1
1214 -2.7
1214 5.0
1215 2.8
1215 1.4
1216 -6.3
1216 -1.3
1217 -7.3
1217 3.0
1218 -3.3
1218 7.0
1219 4.6
1219 2.4
1220 -4.3
1220 -2.9
1221 -5.7
1221 -1.7
1222 -2.7
1222 4.4
1223 4.8
1223 4.8
1224 -2.5
1224 -1.3
1225 -5.5
1225 -1.9
1226 -3.1
1226 0.8
1227 -1.5
1227 4.0
1228 -0.9
1228 2.2
1229 5.6
1229 3.8
1230 3.6
1230 5.4
1231 -2.5
1231 -1.5
0101 0.2
0102 -4.9
0102 1.4
0103 4.0
0103 7.2
0104 -0.7
0104 9.4
0105 7.6
0105 3.4
0106 -3.5
0106 -1.9
0107 -4.9
0107 -2.1
0108 -4.3
0108 -0.7
0109 -2.1
0109 0.2
0110 -3.7
0110 3.8
0111 0.4
0111 0.2
0112 -3.1
0112 1.4
0113 -1.9
0113 3.6
0114 -0.9
0114 5.2
0115 1.8
0115 2.4
0116 2.0
0116 0.6
0117 -4.9
0117 2.4
0118 2.0
0118 6.4
0119 -2.7
0119 5.6
0120 6.6
0120 9.0
0121 1.0
0121 -0.9
0122 -6.9
0122 3.2
0123 1.4
0123 5.4
0124 -1.1
0124 4.4
0125 -0.1
0125 0.4
0126 -1.9
0126 0.2
0127 -3.7
0127 -2.5
0128 -6.7
0128 -1.9
0129 1.6
0129 -0.5
0130 -4.7
0130 -3.3
0131 -7.7
0131 -2.1
0201 -6.1
0202 -4.5
0202 1.2
0203 -2.3
0203 0.6
0204 -2.5
0204 1.6
0205 -4.1
0205 -0.3
0206 -3.5
0206 5.8
0207 -1.1
0207 -2.5
0208 -7.5
0208 -2.5
0209 -1.9
0209 3.6
0210 2.8
0210 7.4
0211 0.6
0211 4.8
0212 -3.3
0212 3.0
0213 -2.3
0213 7.0
0214 8.0
0214 14.6
0215 8.8
0215 5.6
0216 2.6
0216 4.6
0217 0.6
0217 4.8
0218 -0.7
0218 3.8
0219 -2.9
0219 6.4
0220 4.6
0220 4.4
0221 1.2
0221 7.4
0222 -1.7
0222 0.4
0223 -3.9
0223 4.4
0224 4.6
0224 10.0
0225 5.8
0225 5.2
0226 -1.9
0226 3.4
0227 1.0
0227 1.6
0228 -1.3
0228 5.4
0301 -0.5
0301 7.8
0302 7.4
0302 10.8
0303 2.6
0303 1.2
0304 -4.7
0304 2.8
0305 -0.5
0305 3.8
0306 2.0
0306 7.4
0307 4.0
0307 11.2
0308 7.4
0308 8.8
0309 0.6
0309 0.4
0310 -5.1
0310 5.4
0311 0.4
0311 6.0
0312 7.6
0312 11.8
0313 5.0
0313 9.6
0314 2.8
0314 12.6
0315 5.4
0315 15.2
0316 13.0
0316 15.6
0317 11.6
0317 7.8
0318 5.4
0318 10.0
0319 4.2
0319 14.2
0320 9.4
0320 13.6
0321 13.0
0321 14.6
0322 8.2
0322 7.6
0323 3.8
0323 10.4
0324 9.6
0324 14.2
0325 8.8
0325 15.0
0326 7.8
0326 13.8
0327 8.4
0327 16.0
0328 13.6
0328 17.0
0329 12.8
0329 21.2
0330 16.2
0330 23.0
0331 18.4
0331 9.2
0401 6.6
0401 6.6
0402 4.6
0402 6.8
0403 5.0
0403 8.4
0404 6.6
0404 11.0
0405 8.8
0405 12.8
0406 4.8
0406 4.4
0407 2.2
0407 8.2
0408 4.6
0408 11.2
0409 9.4
0409 12.2
0410 9.0
0410 18.0
0411 14.6
0411 19.2
0412 8.2
0412 6.4
0413 0.8
0413 7.8
0414 6.4
0414 16.0
0415 18.4
0415 22.2
0416 13.8
0416 14.8
0417 13.2
0417 21.2
0418 17.4
0418 20.2
0419 11.2
0419 6.8
0420 7.2
0420 14.2
0421 15.8
0421 18.6
0422 14.4
0422 19.4
0423 20.2
0423 24.6
0424 16.2
0424 21.4
0425 20.8
0425 25.4
0426 23.0
0426 24.8
0427 21.8
0427 22.8
0428 19.0
0428 18.8
0429 14.6
0429 21.6
0430 18.2
0430 25.0
0501 18.8
0501 25.0
0502 15.8
0502 17.6
0503 16.4
0503 20.0
0504 16.4
0504 19.2
0505 18.8
0505 23.4
0506 17.4
0506 16.0
0507 13.8
0507 19.2
0508 19.8
0508 22.0
0509 12.8
0509 13.0
0510 14.0
0510 16.6
0511 10.4
0511 11.4
0512 17.4
0512 23.4
0513 22.0
0513 26.2
0514 21.8
0514 21.8
0515 18.8
0515 19.6
0516 18.6
0516 24.2
0517 22.0
0517 24.6
0518 21.8
0518 26.0
0519 20.0
0519 24.0
0520 18.4
0520 23.4
0521 22.2
0521 20.6
0522 21.4
0522 24.6
0523 20.8
0523 25.8
0524 22.8
0524 26.6
0525 23.6
0525 29.0
0526 24.6
0526 27.0
0527 22.2
0527 26.4
0528 21.0
0528 23.8
0529 21.2
0529 23.6
0530 21.2
0530 26.4
0531 23.8
0531 29.4
0601 25.8
0601 29.6
0602 26.0
0602 25.0
0603 23.0
0603 28.2
0604 24.2
0604 23.8
0605 22.0
0605 31.8
0606 28.6
0606 33.4
0607 26.0
0607 28.4
0608 19.2
0608 28.4
0609 27.4
0609 32.0
0610 26.4
0610 31.2
0611 23.0
0611 24.8
0612 27.0
0612 31.0
0613 24.4
0613 26.0
0614 21.2
0614 28.0
0615 25.0
0615 29.0
0616 24.2
0616 31.0
0617 25.6
0617 31.0
0618 24.6
0618 28.6
0619 26.4
0619 21.8
0620 20.4
0620 26.2
0621 24.8
0621 29.2
0622 25.4
0622 30.0
0623 25.2
0623 27.2
0624 20.6
0624 25.0
0625 20.2
0625 21.6
0626 21.6
0626 27.6
0627 24.6
0627 30.0
0628 25.4
0628 29.6
0629 23.8
0629 21.0
0630 18.8
0630 23.8
0701 22.2
0701 31.4
0702 23.2
0702 29.8
0703 24.2
0703 27.8
0704 24.6
0704 31.0
0705 25.6
0705 29.6
0706 26.4
0706 28.0
0707 23.4
0707 26.6
0708 23.8
0708 30.6
0709 25.0
0709 28.8
0710 26.4
0710 31.0
0711 24.8
0711 26.2
0712 23.6
0712 30.0
0713 29.0
0713 35.0
0714 31.4
0714 27.4
0715 25.6
0715 28.8
0716 24.6
0716 24.0
0717 24.0
0717 23.0
0718 24.2
0718 23.4
0719 22.6
0719 25.4
0720 24.0
0720 27.8
0721 25.4
0721 24.8
0722 26.0
0722 24.4
0723 25.2
0723 26.0
0724 24.8
0724 29.6
0725 25.6
0725 30.0
0726 28.4
0726 32.0
0727 28.8
0727 30.4
0728 28.4
0728 32.4
0729 29.2
0729 33.4
0730 26.6
0730 30.6
0731 25.8
0731 29.2
0801 26.2
0801 29.0
0802 27.6
0802 31.8
0803 29.0
0803 31.6
0804 21.6
0804 26.2
0805 26.0
0805 25.6
0806 21.8
0806 23.6
0807 23.4
0807 24.0
0808 24.2
0808 24.2
0809 24.6
0809 27.4
0810 25.8
0810 28.8
0811 25.6
0811 28.2
0812 25.2
0812 30.6
0813 26.0
0813 29.8
0814 26.8
0814 26.4
0815 23.8
0815 28.4
0816 24.4
0816 29.4
0817 26.0
0817 27.0
0818 24.6
0818 27.8
0819 25.4
0819 23.6
0820 23.0
0820 26.8
0821 23.0
0821 27.0
0822 24.6
0823 20.8
0823 26.8
0824 22.2
0824 21.8
0825 21.2
0825 22.4
0826 21.4
0826 22.0
0827 20.6
0827 23.4
0828 21.0
0828 27.2
0829 22.0
0829 21.2
0830 20.6
0830 25.6
0831 24.0
0831 20.8
0901 19.8
0901 20.6
0902 18.8
0902 20.4
0903 20.0
0903 24.4
0904 21.8
0904 21.0
0905 19.8
0905 21.6
0906 19.6
0906 21.8
0907 16.0
0907 21.6
0908 20.6
0908 25.0
0909 21.0
0909 20.8
0910 20.4
0910 21.8
0911 14.4
0911 17.6
0912 15.2
0912 17.4
0913 15.6
0913 19.6
0914 18.0
0914 22.4
0915 18.0
0915 20.8
0916 18.8
0916 21.8
0917 20.0
0917 24.0
0918 20.0
0918 22.2
0919 20.2
0919 22.6
0920 19.6
0920 20.2
0921 19.2
0921 24.0
0922 21.8
0922 23.0
0923 18.6
0923 24.6
0924 21.0
0924 22.6
0925 20.2
0925 20.8
0926 16.4
0926 22.4
0927 18.6
0927 22.6
0928 21.2
0928 22.2
0929 19.0
0929 20.4
0930 17.8
0930 22.6
1001 16.2
1001 16.6
1002 18.2
1002 21.0
1003 13.8
1003 21.4
1004 17.2
1004 23.4
1005 18.8
1005 22.6
1006 17.0
1006 22.2
1007 20.0
1007 19.0
1008 16.0
1008 16.0
1009 13.2
1009 18.6
1010 11.2
1010 12.8
1011 12.0
1011 14.4
1012 10.4
1012 15.4
1013 12.6
1013 17.8
1014 19.6
1014 22.4
1015 16.4
1015 17.8
1016 13.2
1016 20.8
1017 19.4
1017 20.0
1018 16.0
1018 15.4
1019 12.6
1019 19.8
1020 14.6
1020 18.6
1021 14.6
1021 16.0
1022 14.4
1022 14.2
1023 11.4
1023 13.4
1024 12.0
1024 14.6
1025 11.8
1025 14.2
1026 10.2
1026 12.4
1027 5.2
1027 12.2
1028 7.2
1028 11.8
1029 7.2
1029 7.0
1030 3.8
1030 6.0
1031 3.8
1031 11.4
1101 10.6
1101 7.8
1102 6.4
1102 16.2
1103 9.8
1103 16.0
1104 9.8
1104 14.8
1105 9.0
1105 9.0
1106 9.6
1106 7.4
1107 3.2
1107 3.6
1108 4.4
1108 5.6
1109 4.6
1109 4.6
1110 3.6
1110 7.4
1111 5.4
1111 8.8
1112 5.4
1112 9.8
1113 8.2
1113 9.4
1114 8.0
1114 11.0
1115 10.6
1115 12.4
1116 9.8
1116 8.8
1117 6.4
1117 7.0
1118 4.6
1118 6.4
1119 5.2
1119 7.8
1120 7.4
1120 8.6
1121 8.2
1121 8.8
1122 5.6
1122 3.2
1123 2.0
1123 -0.1
1124 -2.3
1124 -3.1
1125 -5.1
1125 -4.7
1126 -10.3
1126 -8.1
1127 -8.7
1127 0.0
1128 0.2
1128 2.8
1129 -1.7
1129 -0.5
1130 -1.3
1130 4.6
1201 3.6
1201 6.8
1202 2.6
1202 3.0
1203 -0.3
1203 1.8
1204 -2.5
1204 1.6
1205 -2.3
1205 -0.3
1206 -2.5
1206 2.2
1207 3.0
1207 5.0
1208 2.0
1208 8.2
1209 5.2
1209 8.8
1210 6.4
1210 3.4
1211 0.2
1211 -0.5
1212 -2.1
1212 1.4
1213 -1.1
1213 0.2
1214 0.4
1214 4.2
1215 -0.3
1215 1.4
1216 -2.9
1216 -1.3
1217 -6.7
1217 -2.5
1218 -5.7
1218 -1.1
1219 -2.5
1219 1.6
1220 2.8
1220 2.0
1221 -2.1
1221 5.2
1222 3.6
1222 3.8
1223 0.2
1223 2.2
1224 -0.7
1224 -1.5
1225 -5.3
1225 1.2
1226 1.0
1226 -0.7
1227 -4.5
1227 -2.1
1228 -5.5
1228 -2.3
1229 1.6
1229 4.4
1230 0.4
1230 -2.1
1231 -4.3
1231 5.2
0101 9.2
0102 1.8
0102 4.2
0103 2.4
0103 0.8
0104 -0.3
0104 2.0
0105 0.2
0105 1.2
0106 -0.3
0106 -2.9
0107 -5.9
0107 -5.1
0108 -7.9
0108 -3.5
0109 -7.3
0109 -2.7
0110 1.8
0110 0.4
0111 -3.1
0111 -2.5
0112 -7.7
0112 -4.7
0113 -6.3
0113 -3.1
0114 -2.1
0114 -1.5
0115 -5.1
0115 2.6
0116 -2.7
0116 4.8
0117 -1.9
0117 -4.7
0118 -10.3
0118 -5.7
0119 -9.9
0119 -4.9
0120 -7.5
0120 -1.1
0121 -5.7
0121 -2.3
0122 -4.3
0122 -9.5
0123 -14.5
0123 -13.5
0124 -17.5
0124 -9.3
0125 -9.9
0125 -2.7
0126 -5.1
0126 -4.1
0127 -8.5
0127 0.2
0128 0.2
0128 1.8
0129 -1.5
0129 -3.5
0130 -5.5
0130 -4.5
0131 -6.7
0131 -2.9
0301 3.2
0301 8.6
0302 8.6
0302 14.2
0303 14.2
0303 19.0
0304 16.8
0304 19.8
0305 6.6
0305 9.2
0306 9.0
0306 13.0
0307 9.0
0307 9.2
0308 1.6
0308 0.8
0309 -1.7
0309 2.8
0310 -0.3
0310 3.6
0311 0.6
0311 6.8
0312 6.8
0312 7.6
0313 3.8
0313 5.8
0314 0.8
0314 11.2
0315 8.4
0315 10.8
0316 4.4
0316 14.0
0317 11.6
0317 16.8
0318 9.2
0318 16.0
0319 11.0
0319 10.8
0320 8.6
0320 12.0
0321 7.2
0321 15.2
0322 9.0
0322 9.0
0323 5.8
0323 7.8
0324 3.6
0324 10.6
0325 9.0
0325 10.8
0326 5.4
0326 12.0
0327 9.4
0327 14.6
0328 14.0
0328 19.2
0329 12.6
0329 15.6
0330 13.6
0330 20.2
0331 15.2
0331 20.2
0401 16.4
0401 21.2
0402 14.6
0402 13.2
0403 10.8
0403 13.2
0404 11.6
0404 16.0
0405 13.4
0405 19.6
0406 13.4
0406 18.4
0407 13.6
0407 19.4
0408 14.0
0408 17.8
0409 15.6
0409 20.4
0410 12.0
0410 11.2
0411 10.2
0411 19.4
0412 15.8
0412 17.8
0413 14.6
0413 22.2
0414 19.0
0414 18.0
0415 19.6
0415 25.8
0416 13.2
0416 12.0
0417 12.2
0417 15.6
0418 11.4
0418 14.8
0419 16.2
0419 21.6
0420 17.0
0420 20.0
0421 15.4
0421 25.0
0422 19.2
0422 21.4
0423 17.6
0423 19.0
0424 18.0
0424 22.6
0425 19.0
0425 24.0
0426 17.8
0426 19.0
0427 15.4
0427 18.0
0428 14.6
0428 20.4
0429 19.4
0429 23.6
0430 22.2
0430 27.6
0701 23.0
0701 27.4
0702 24.2
0702 28.6
0703 26.4
0703 22.8
0704 23.4
0704 26.6
0705 21.0
0705 26.6
0706 25.0
0706 26.2
0707 25.0
0707 29.4
0708 26.4
0708 30.2
0709 26.0
0709 28.0
0710 25.2
0710 30.4
0711 26.8
0711 31.2
0712 27.6
0712 26.8
0713 24.4
0713 27.8
0714 24.8
0714 26.6
0715 22.2
0715 21.0
0716 21.0
0716 25.0
0717 23.4
0717 27.4
0718 25.8
0718 25.6
0719 24.4
0719 27.8
0720 26.6
0720 27.8
0721 25.6
0721 28.8
0722 25.6
0722 31.4
0723 30.0
0723 30.6
0724 30.6
0724 33.0
0725 31.0
0725 33.2
0726 29.4
0726 27.2
0727 25.8
0727 30.0
0728 27.8
0728 31.4
0729 29.8
0729 33.4
0730 30.6
0730 28.8
0731 27.6
0731 31.0
0901 22.4
0901 22.2
0902 21.2
0902 24.6
0903 23.0
0903 25.4
0904 23.0
0904 25.0
0905 23.8
0905 27.6
0906 21.8
0906 27.0
0907 20.0
0907 23.2
0908 21.2
0908 24.4
0909 21.4
0909 22.4
0910 22.8
0910 27.0
0911 22.0
0911 21.4
0912 18.6
0912 22.2
0913 21.0
0913 22.4
0914 20.6
0914 25.2
0915 22.2
0915 25.2
0916 21.2
0916 23.0
0917 20.0
0917 23.4
0918 19.4
0918 20.8
0919 16.8
0919 19.8
0920 16.4
0920 19.0
0921 16.0
0921 19.6
0922 21.8
0922 22.4
0923 22.4
0923 23.4
0924 23.2
0924 25.2
0925 19.6
0925 26.6
0926 22.0
0926 23.2
0927 21.2
0927 20.4
0928 15.6
0928 15.2
0929 10.8
0929 16.0
0930 15.4
0930 20.8
1001 16.0
1001 23.6
1002 20.0
1002 21.4
1003 18.0
1003 25.0
1004 21.4
1004 25.4
1005 18.2
1005 19.4
1006 16.0
1006 18.6
1007 16.6
1007 14.4
1008 13.8
1008 13.2
1009 9.0
1009 14.6
1010 15.4
1010 17.8
1011 15.8
1011 17.6
1012 12.2
1012 19.2
1013 17.6
1013 19.4
1014 13.4
1014 17.8
1015 16.6
1015 14.8
1016 14.8
1016 16.6
1017 13.6
1017 18.4
1018 14.6
1018 19.6
1019 15.6
1019 18.6
1020 17.0
1020 18.0
1021 15.4
1021 17.6
1022 13.0
1022 10.0
1023 9.0
1023 10.2
1024 7.6
1024 11.0
1025 9.6
1025 13.4
1026 12.0
1026 13.0
1027 11.2
1027 11.0
1028 8.8
1028 9.4
1029 4.8
1029 7.4
1030 9.6
1030 12.4
1031 6.0
1031 2.2
0201 -1.9
0202 -6.3
0202 1.6
0203 2.2
0203 4.0
0204 1.4
0204 3.6
0205 -1.1
0205 1.2
0206 -2.9
0206 0.0
0207 -1.7
0207 1.0
0208 -1.1
0208 0.4
0209 -5.9
0209 -0.3
0210 -5.7
0210 0.6
0211 -5.9
0211 1.4
0212 -1.3
0212 8.4
0213 -0.5
0213 7.6
0214 0.2
0214 10.6
0215 9.2
0215 14.2
0216 11.6
0216 3.4
0217 0.2
0217 0.6
0218 3.4
0218 9.6
0219 11.6
0219 12.2
0220 -0.3
0220 0.2
0221 -2.5
0221 -2.1
0222 -2.9
0222 -0.5
0223 -1.3
0223 0.4
0224 -1.9
0224 5.2
0225 -0.1
0225 4.4
0226 1.2
0226 8.8
0227 8.0
0227 12.4
0228 10.0
0228 12.2
0301 4.2
0301 1.8
0302 -2.5
0302 8.6
0303 7.6
0303 12.8
0304 4.0
0304 10.0
0305 2.2
0305 4.0
0306 0.0
0306 9.2
0307 -0.9
0307 4.0
0308 1.6
0308 6.4
0309 2.6
0309 8.8
0310 3.8
0310 10.4
0311 8.6
0311 14.8
0312 10.2
0312 5.8
0313 0.6
0313 8.2
0314 2.2
0314 7.6
0315 4.8
0315 10.6
0316 7.6
0316 13.2
0317 10.0
0317 13.6
0318 7.0
0318 13.6
0319 7.2
0319 16.6
0320 11.2
0320 10.0
0321 4.8
0321 10.0
0322 8.8
0322 11.2
0323 7.4
0323 11.8
0324 7.0
0324 9.4
0325 5.0
0325 8.0
0326 5.4
0326 10.0
0327 6.2
0327 12.2
0328 6.4
0328 5.0
0329 3.8
0329 14.4
0330 9.4
0330 11.8
0331 4.8
0331 9.6
0401 9.6
0401 14.6
0402 11.2
0402 17.2
0403 13.2
0403 21.0
0404 14.8
0404 11.8
0405 10.4
0405 12.0
0406 10.0
0406 16.6
0407 13.0
0407 19.0
0408 15.8
0408 7.6
0409 8.2
0409 11.6
0410 7.8
0410 13.4
0411 9.4
0411 14.2
0412 13.0
0412 18.8
0413 17.0
0413 19.8
0414 17.8
0414 20.2
0415 18.0
0415 22.2
0416 22.2
0416 16.8
0417 16.8
0417 21.8
0418 16.0
0418 17.2
0419 16.6
0419 12.0
0420 11.6
0420 19.2
0421 13.4
0421 14.4
0422 13.6
0422 19.2
0423 18.4
0423 21.8
0424 19.6
0424 18.0
0425 14.4
0425 13.4
0426 11.0
0426 16.4
0427 16.2
0427 20.2
0428 19.4
0428 23.0
0429 20.4
0429 24.2
0430 23.8
0430 21.4
0501 19.6
0501 23.8
0502 21.6
0502 26.2
0503 20.2
0503 21.6
0504 15.4
0504 19.0
0505 18.4
0505 17.8
0506 18.0
0506 23.0
0507 20.2
0507 22.8
0508 21.0
0508 16.6
0509 16.6
0509 22.0
0510 21.4
0510 25.0
0511 25.4
0511 27.8
0512 19.0
0512 26.2
0513 22.0
0513 21.4
0514 19.2
0514 22.4
0515 21.0
0515 22.4
0516 20.4
0516 24.8
0517 22.2
0517 28.2
0518 25.4
0518 30.0
0519 27.0
0519 30.0
0520 25.8
0520 28.4
0521 24.8
0521 27.2
0522 24.6
0522 19.0
0523 14.4
0523 19.8
0524 20.4
0524 26.4
0525 26.0
0525 19.4
0526 21.4
0526 29.0
0527 27.6
0527 32.8
0528 29.0
0528 33.0
0529 28.6
0529 31.0
0530 24.4
0530 27.4
0531 22.6
0531 28.6
0601 26.2
0601 25.4
0602 25.2
0602 23.8
0603 18.2
0603 23.2
0604 21.8
0604 27.4
0605 21.2
0605 21.2
0606 14.6
0606 16.6
0607 17.6
0607 25.8
0608 26.2
0608 27.4
0609 26.0
0609 30.0
0610 26.0
0610 26.4
0611 24.2
0611 28.0
0612 24.2
0612 23.0
0613 21.4
0613 25.4
0614 22.0
0614 29.2
0615 24.6
0615 30.4
0616 27.2
0616 33.0
0617 28.4
0617 32.0
0618 26.6
0618 30.6
0619 26.8
0619 31.6
0620 24.0
0620 27.0
0621 26.8
0621 30.6
0622 23.2
0622 22.8
0623 23.2
0623 25.0
0624 20.6
0624 23.6
0625 20.8
0625 26.2
0626 23.0
0626 28.4
0627 27.2
0627 31.8
0628 28.2
0628 29.6
0629 28.4
0629 29.6
0630 27.8
0630 27.8
0701 27.0
0701 29.8
0702 26.2
0702 30.0
0703 27.6
0703 32.4
0704 30.0
0704 28.6
0705 26.0
0705 28.0
0706 28.0
0706 25.8
0707 25.8
0707 30.2
0708 29.4
0708 32.2
0709 29.0
0709 29.6
0710 25.2
0710 33.2
0711 30.4
0711 33.2
0712 30.0
0712 33.6
0713 30.2
0713 33.8
0714 30.4
0714 28.8
0715 27.2
0715 26.0
0716 24.8
0716 26.4
0717 26.0
0717 29.4
0718 29.0
0718 29.2
0719 24.6
0719 31.8
0720 30.2
0720 32.6
0721 30.0
0721 32.0
0722 27.0
0722 28.2
0723 28.0
0723 29.0
0724 27.4
0724 26.2
0725 25.0
0725 29.4
0726 27.6
0726 24.8
0727 22.6
0727 23.6
0728 23.2
0728 25.0
0729 20.0
0729 19.8
0730 20.0
0730 24.6
0731 23.8
0731 27.8
0801 24.8
0801 29.6
0802 26.8
0802 27.4
0803 26.2
0803 30.2
0804 27.8
0804 31.2
0805 27.6
0805 25.6
0806 29.8
0806 30.6
0807 27.2
0807 29.6
0808 27.2
0808 30.4
0809 26.2
0809 22.2
0810 24.6
0810 28.4
0811 27.8
0811 31.4
0812 28.4
0812 27.4
0813 24.8
0813 25.0
0814 23.0
0814 24.2
0815 23.0
0815 27.6
0816 25.0
0816 27.6
0817 23.6
0817 27.8
0818 26.0
0818 24.2
0819 24.4
0819 25.4
0820 24.4
0820 26.8
0821 24.6
0821 29.8
0822 27.8
0822 30.4
0823 28.4
0823 29.4
0824 25.8
0824 29.0
0825 23.8
0825 26.2
0826 22.6
0826 23.8
0827 23.0
0827 26.8
0828 20.6
0828 20.6
0829 19.4
0829 20.4
0830 16.0
0830 21.0
0831 18.4
0831 23.8
0901 21.0
0901 23.6
0902 20.4
0902 24.8
0903 20.0
0903 23.6
0904 20.4
0904 23.4
0905 21.0
0905 25.0
0906 21.4
0906 23.6
0907 20.0
0907 27.0
0908 25.0
0908 27.4
0909 23.2
0909 28.2
0910 21.4
0910 21.6
0911 19.8
0911 23.4
0912 20.0
0912 23.6
0913 21.8
0913 26.8
0914 21.8
0914 25.4
0915 20.6
0915 26.2
0916 21.4
0916 22.0
0917 18.0
0917 23.0
0918 21.0
0918 25.6
0919 22.2
0919 22.6
0920 16.8
0920 21.4
0921 21.0
0921 26.2
0922 22.0
0922 22.0
0923 19.0
0923 27.4
0924 23.6
0924 27.2
0925 20.8
0925 23.8
0926 22.0
0926 21.6
0927 18.6
0927 19.6
0928 16.6
0928 13.6
0929 18.8
0929 22.8
0930 20.4
0930 24.0
1001 20.0
1001 22.4
1002 19.0
1002 17.2
1004 11.8
1004 15.0
1005 10.2
1005 17.8
1006 11.2
1006 15.8
1007 13.4
1007 16.4
1008 17.0
1008 18.8
1009 17.2
1009 17.4
1010 14.0
1010 11.0
1011 8.2
1011 12.8
1012 10.2
1012 14.4
1013 9.0
1013 13.0
1014 11.0
1014 14.8
1015 11.2
1015 15.0
1016 14.2
1016 15.8
1017 13.8
1017 14.2
1018 13.2
1018 15.2
1019 11.0
1019 12.0
1020 9.8
1020 13.2
1021 10.2
1021 17.0
1022 13.4
1022 11.4
1023 6.4
1023 8.2
1024 5.2
1024 9.0
1025 8.4
1025 13.8
1026 14.0
1026 12.2
1027 9.8
1027 18.6
1028 11.4
1028 16.2
1029 5.2
1029 4.4
1030 2.2
1030 11.6
1031 5.0
1031 15.4
1101 14.2
1101 17.0
1102 13.2
1102 15.2
1103 10.0
1104 1.0
1104 11.8
1105 10.4
1105 14.4
1106 12.4
1106 14.6
1107 14.2
1107 11.4
1108 8.0
1108 14.2
1109 16.8
1109 19.4
1110 10.4
1110 8.8
1111 0.8
1111 5.0
1112 8.6
1112 13.0
1113 6.0
1113 7.6
1114 3.2
1114 2.8
1115 -1.1
1115 5.4
1116 1.8
1116 6.6
1117 9.0
1117 4.6
1118 -2.9
1118 -3.1
1119 -4.1
1119 3.4
1120 -3.3
1120 1.8
1121 5.2
1121 9.0
1122 2.0
1122 1.8
1123 -3.5
1123 3.0
1124 -4.7
1124 4.2
1125 4.4
1125 11.2
1126 4.8
1126 2.8
1127 1.0
1127 10.6
1128 9.6
1128 5.6
1129 -1.1
1129 1.4
1130 -1.1
1130 -2.7
1201 -6.5
1201 0.6
1202 4.4
1202 7.6
1203 1.0
1203 3.4
1204 -3.1
1204 -3.5
1205 -4.5
1205 0.4
1206 -1.9
1206 1.8
1207 -3.9
1207 2.2
1208 -6.7
1208 -0.9
1209 1.4
1209 7.2
1210 0.0
1210 1.6
1211 -1.7
1211 -1.7
1212 -7.7
1212 -1.9
1213 -5.3
1213 0.2
1214 -0.3
1214 0.2
1215 0.8
1215 -0.9
1216 -4.5
1216 -3.3
1217 -3.3
1217 0.2
1218 1.0
1218 -1.1
1219 -5.3
1219 3.0
1220 0.8
1220 -1.7
1221 4.6
1221 8.4
1222 7.2
1222 7.6
1223 3.6
1223 5.6
1224 2.2
1224 3.0
1225 -6.1
1225 3.4
1226 0.2
1226 0.6
1227 2.6
1227 4.6
1228 -2.1
1228 3.8
1229 -2.5
1229 2.4
1230 0.8
1230 2.2
1231 -5.9
1231 3.6
