pressure:
[1022.32258065  959.21505376  830.34408602  633.79032258  455.4
  308.91139241  235.2         174.248       123.125        96.77319588
   70.0625       50.           20.90506329]
[1002.5         932.5         827.          635.66666667  458.66666667
  300.          250.          197.5         150.           95.
   70.           50.           25.        ]
[1017.          958.          830.66666667  636.66666667  459.
  300.          239.5         181.66666667    0.           89.5
   70.           50.           20.        ]
[1004.5         934.          828.          636.33333333  459.
  300.          250.          184.66666667  150.           92.
   70.           50.           20.        ]
[1001.5         932.          827.66666667  639.          491.5
  350.          250.          200.          150.           97.5
   70.           50.           20.        ]
[1001.          932.5         829.          640.66666667  493.
  350.          250.          200.          150.           99.
   70.           50.           25.        ]
[997. 925. 850. 700. 500. 350. 250. 200. 150. 102.   0.   0.   0.]
[1003.          933.5         828.66666667  639.          492.
  350.          250.          200.          150.          101.
   70.           50.           25.        ]
[1006.          936.5         832.          641.66666667  493.5
  350.          250.          201.5         150.          102.
   70.           50.           25.        ]
[1018.          959.          833.66666667  640.33333333  491.
  350.          235.5         200.          150.          101.5
   70.           50.           20.        ]
[1019.          958.66666667  830.66666667  635.          457.33333333
  300.          232.          173.5         113.          100.
   70.           50.           20.        ]
[1015.          957.66666667  828.66666667  633.33333333  452.
  300.          250.          179.            0.          102.
   70.           50.           20.        ]
temperature:
[ 3.43548387e+00  2.23118280e+00 -5.37634409e-02 -8.00537634e+00
 -2.15282051e+01 -3.56202532e+01 -4.47200000e+01 -5.62080000e+01
 -6.94166667e+01 -7.05567010e+01 -6.96093750e+01 -6.40333333e+01
 -5.63037975e+01]
[ 19.          17.          10.          -2.33333333 -16.33333333
 -32.         -42.         -52.5        -63.         -76.5
 -71.         -64.         -59.5       ]
[ 12.           9.           6.          -4.         -17.33333333
 -40.         -50.5        -53.           0.         -70.5
 -71.         -68.         -51.33333333]
[ 17.          13.          10.33333333  -1.         -13.66666667
 -34.         -43.         -59.66666667 -61.         -69.5
 -70.         -63.         -53.        ]
[ 23.5  19.5  15.    6.   -4.5 -19.  -38.  -51.  -64.  -74.5 -75.  -64.
 -51. ]
[ 28.          26.          19.66666667   7.          -2.5
 -22.         -40.         -52.         -62.         -74.
 -70.         -63.         -53.5       ]
[ 30.   29.   23.   11.   -3.  -20.  -37.  -50.  -63.  -74.5   0.    0.
   0. ]
[ 26.          20.          13.33333333   7.33333333  -4.5
 -21.5        -39.         -49.         -63.         -74.5
 -68.         -62.         -54.        ]
[ 23.          18.5         12.33333333   6.          -3.5
 -23.5        -42.         -52.5        -65.         -74.5
 -70.         -61.         -53.        ]
[ 19.          15.66666667   9.          -1.66666667  -9.
 -25.5        -45.         -52.         -66.         -76.5
 -71.         -62.         -51.66666667]
[  9.           9.           2.          -7.         -22.66666667
 -42.         -51.33333333 -57.         -67.         -64.
 -62.         -61.         -48.        ]
[  9.           9.66666667   2.          -6.33333333 -23.25
 -29.         -38.         -56.33333333   0.         -73.
 -73.         -61.         -47.66666667]
dewpoint:
[  0.48387097  -3.91935484 -15.7311828  -28.15053763 -44.64615385
 -57.48101266 -66.296      -40.328        0.           0.
   0.           0.           0.        ]
[ 12.5         12.           8.33333333  -9.         -34.
 -53.         -60.         -34.           0.           0.
   0.           0.           0.        ]
[  6.           2.66666667  -0.66666667 -23.66666667 -54.
 -63.         -70.5        -74.           0.           0.
   0.           0.           0.        ]
[  9.           3.5        -24.33333333 -32.66666667 -26.66666667
 -55.         -50.         -20.66666667   0.           0.
   0.           0.           0.        ]
[ 19.5         18.          14.           2.66666667 -11.5
 -38.5        -51.         -63.           0.           0.
   0.           0.           0.        ]
[ 23.          16.5         11.         -11.33333333 -45.5
 -52.         -59.         -68.           0.           0.
   0.           0.           0.        ]
[ 21.   20.   18.    9.   -6.  -22.5 -56.  -56.    0.    0.    0.    0.
   0. ]
[ 14.          12.           1.33333333 -19.33333333 -15.
 -23.5        -46.         -59.           0.           0.
   0.           0.           0.        ]
[ 15.          14.           4.         -27.66666667 -33.5
 -47.5        -62.         -70.5          0.           0.
   0.           0.           0.        ]
[ 16.          13.33333333   8.         -13.66666667 -49.5
 -61.         -75.         -80.           0.           0.
   0.           0.           0.        ]
[ -1.          -8.         -16.66666667 -34.66666667 -38.
 -46.         -59.33333333   0.           0.           0.
   0.           0.           0.        ]
[ -4.         -13.33333333 -23.33333333 -36.         -38.5
 -51.         -58.         -22.66666667   0.           0.
   0.           0.           0.        ]
