pressure:
[1005.5         935.5         830.          638.33333333  460.
  297.          250.          194.          133.          100.
   70.           50.           25.        ]
[1014.          957.          828.33333333  635.33333333  458.33333333
  300.          250.5         180.33333333    0.            0.
    0.            0.            0.        ]
[1005.          934.          826.66666667  634.33333333  458.
  300.          228.          169.33333333    0.           94.
   70.            0.            0.        ]
[1003.5         933.5         827.66666667  634.          457.33333333
  300.          229.          182.            0.          100.
   72.5          50.           20.        ]
[1002.          932.5         828.33333333  639.66666667  492.
  350.          250.          200.          150.           93.
   70.           50.           30.        ]
[1003.          933.          829.          640.33333333  492.5
  350.          250.          200.          150.           99.5
   70.           50.           20.        ]
[997.         930.         826.         638.33333333 491.5
 350.         250.         200.         150.          97.
  70.          50.          20.        ]
[1002.          933.          829.66666667  640.66666667  492.5
  350.          250.          200.          150.          102.5
   70.           50.           20.        ]
[1015.   958.   832.   641.   492.5  350.   250.   185.   150.    99.5
   70.    50.    20. ]
[1005.5         935.5         830.33333333  639.          460.33333333
  300.          230.          200.          150.           95.
   70.           50.           25.        ]
[1015.          957.66666667  829.          635.          458.
  333.5         228.5         175.          117.          100.
   70.           50.           30.        ]
[1026.          960.66666667  832.          635.          457.66666667
  340.5         260.5         175.            0.           93.
   70.           50.           20.        ]
temperature:
[ 16.5         17.          11.33333333   0.         -16.
 -42.5        -44.         -51.5        -67.         -70.
 -71.         -63.         -55.        ]
[  8.           5.66666667   6.66666667  -1.66666667 -17.
 -42.         -52.         -51.           0.           0.
   0.           0.           0.        ]
[ 13.5   9.5   5.   -1.  -16.  -37.  -52.  -58.    0.  -70.5 -68.    0.
   0. ]
[ 21.          17.5          9.          -5.33333333 -18.66666667
 -40.         -50.5        -54.33333333   0.         -62.
 -67.5        -61.         -48.33333333]
[ 23.          18.5         15.66666667   6.33333333  -5.5
 -21.5        -38.         -50.         -65.         -76.5
 -74.         -64.         -57.        ]
[ 21.          18.5         15.33333333   6.66666667  -4.5
 -20.         -37.         -51.         -65.         -74.
 -71.         -59.         -48.33333333]
[ 28.          22.5         17.66666667   7.          -2.5
 -18.5        -36.         -47.         -61.         -73.
 -69.         -63.         -48.        ]
[ 27.5         24.5         18.           5.66666667  -5.5
 -20.5        -40.         -53.         -64.         -75.
 -68.         -63.         -50.66666667]
[ 21.          16.66666667  11.33333333   3.66666667  -5.
 -23.         -41.         -54.         -63.         -77.
 -71.         -62.         -53.        ]
[ 18.          16.5         11.66666667   0.66666667 -13.
 -36.         -46.5        -51.         -62.         -72.5
 -69.         -63.         -55.        ]
[ 11.           7.66666667   2.66666667  -4.         -19.
 -31.         -43.         -56.5        -73.         -71.
 -71.         -62.         -56.        ]
[  7.           2.          -3.          -6.33333333 -21.
 -31.         -37.         -55.           0.         -72.5
 -70.         -68.         -55.        ]
dewpoint:
[ 12.           5.          -7.66666667 -39.         -38.66666667
 -51.5        -59.         -32.           0.           0.
   0.           0.           0.        ]
[  7.           4.33333333   3.33333333  -9.33333333 -20.66666667
 -49.         -59.         -62.           0.           0.
   0.           0.           0.        ]
[  8.5          4.5          2.33333333  -3.         -19.
 -42.         -57.5        -20.33333333   0.           0.
   0.           0.           0.        ]
[  8.           4.          -1.66666667 -17.66666667 -36.66666667
 -52.         -63.5        -67.33333333   0.           0.
   0.           0.           0.        ]
[ 20.          18.          14.66666667   3.          -7.5
 -30.5        -46.         -63.           0.           0.
   0.           0.           0.        ]
[ 20.   17.5  14.    4.   -5.5 -27.5 -54.  -65.    0.    0.    0.    0.
   0. ]
[ 24.          21.5         15.66666667  -3.         -23.
 -39.         -43.         -62.           0.           0.
   0.           0.           0.        ]
[ 24.   22.   15.    1.   -9.  -36.5 -59.  -66.    0.    0.    0.    0.
   0. ]
[ 16.          14.33333333  10.33333333  -8.33333333 -46.5
 -59.5        -72.         -39.           0.           0.
   0.           0.           0.        ]
[ 16.          15.           9.66666667  -2.         -14.33333333
 -41.         -62.5        -68.           0.           0.
   0.           0.           0.        ]
[ 10.           6.66666667   1.33333333  -5.66666667 -26.33333333
 -49.5        -64.         -35.           0.           0.
   0.           0.           0.        ]
[ -8.         -14.         -32.         -36.66666667 -35.
 -50.5        -56.5        -34.           0.           0.
   0.           0.           0.        ]
