pressure:
[1031.          961.66666667  833.33333333  635.66666667  458.
  300.          255.          175.            0.           93.
   70.           50.           25.        ]
[1020.          958.33333333  828.66666667  634.33333333  458.
  300.          250.          171.33333333    0.           95.5
   70.           50.           25.        ]
[1001.5         932.5         828.33333333  638.          460.33333333
  300.          250.          179.66666667  148.           99.5
   70.           50.           25.        ]
[1003.5         934.          829.          638.          460.33333333
  300.          250.          193.66666667  150.           95.
   70.           50.           20.        ]
[1001.5         932.          827.66666667  639.          491.5
  350.          237.          200.          150.           95.5
   70.           50.           20.        ]
[995.         928.5        824.33333333 638.         491.5
 350.         250.         200.         150.          95.
  70.          50.          25.        ]
[1001.5         933.          830.          641.33333333  493.
  350.          250.          200.          131.5         100.
   70.           50.           20.        ]
[1002.          932.5         828.66666667  638.66666667  491.
  350.          266.5         200.          150.          100.
   70.           50.           20.        ]
[1002.5         933.5         830.33333333  642.          494.
  350.          250.          200.          150.           95.5
   70.           50.           25.        ]
[1025.          960.66666667  834.66666667  640.          460.33333333
  300.          250.          168.5           0.           96.5
   70.           50.            0.        ]
[1019.          958.66666667  831.66666667  637.          458.66666667
  300.          250.          174.66666667  126.          100.
   70.           50.           20.        ]
[1031.          962.          835.66666667  638.66666667  459.
  300.          250.          174.5           0.          100.
   69.           50.           20.        ]
temperature:
[  4.          -0.66666667  -5.          -6.33333333 -18.33333333
 -35.         -41.         -56.           0.         -72.
 -75.         -61.         -54.5       ]
[  4.           0.66666667  -1.          -3.33333333 -17.33333333
 -41.         -48.         -56.           0.         -72.
 -70.         -60.         -55.5       ]
[ 26.5         23.5         16.           3.33333333 -13.33333333
 -40.         -49.         -60.33333333 -63.         -69.
 -69.         -63.         -53.        ]
[ 24.          19.          13.33333333   2.33333333 -13.66666667
 -37.         -46.         -56.33333333 -59.         -68.
 -71.         -70.         -51.66666667]
[ 25.          20.5         15.66666667   7.          -3.
 -23.         -43.5        -49.         -62.         -75.
 -72.         -62.         -50.        ]
[ 27.   21.5  19.    8.   -1.  -16.5 -32.  -46.  -62.  -77.5 -73.  -62.
 -52. ]
[ 31.          28.          19.66666667   6.33333333  -7.
 -25.5        -41.         -50.         -65.         -69.
 -64.         -60.         -49.33333333]
[ 27.5         22.5         16.33333333   4.66666667  -7.
 -25.5        -35.5        -48.         -60.         -71.
 -66.         -60.         -49.66666667]
[ 26.5         24.5         19.33333333   8.33333333  -3.5
 -20.         -37.         -50.         -63.         -81.
 -70.         -65.         -55.5       ]
[ 15.          10.33333333   3.33333333  -1.66666667 -16.33333333
 -35.         -46.         -65.25         0.         -70.5
 -66.         -60.           0.        ]
[ 12.           9.33333333   5.33333333  -3.33333333 -20.
 -39.         -48.         -60.         -69.         -69.
 -68.         -63.         -46.33333333]
[  6.           4.           0.33333333  -5.33333333 -20.
 -40.         -49.         -59.           0.         -68.
 -68.5        -61.         -48.        ]
dewpoint:
[ -5.          -7.         -22.33333333 -14.33333333 -47.33333333
 -60.         -68.         -37.5          0.           0.
   0.           0.           0.        ]
[  3.           0.          -2.          -5.66666667 -33.
 -59.         -66.         -73.33333333   0.           0.
   0.           0.           0.        ]
[ 17.          12.5          1.66666667 -28.         -37.
 -56.         -63.         -23.66666667   0.           0.
   0.           0.           0.        ]
[ 10.5          8.          -4.66666667 -40.         -50.33333333
 -60.         -67.         -75.         -78.           0.
   0.           0.           0.        ]
[ 18.          16.           6.66666667 -22.33333333 -43.
 -41.5        -54.5        -63.           0.           0.
   0.           0.           0.        ]
[ 24.  21.  18.  -1. -29. -28. -38. -54.   0.   0.   0.   0.   0.]
[ 23.          17.5         14.          -2.66666667 -15.
 -34.         -61.         -69.           0.           0.
   0.           0.           0.        ]
[ 20.          17.           3.66666667 -22.33333333 -34.
 -42.5        -53.         -65.           0.           0.
   0.           0.           0.        ]
[ 24.5         21.5         13.           0.66666667  -4.5
 -23.5        -44.         -56.           0.           0.
   0.           0.           0.        ]
[  8.           5.66666667   1.66666667  -5.66666667 -23.66666667
 -39.         -50.         -16.           0.           0.
   0.           0.           0.        ]
[ 10.           7.66666667  -0.66666667 -29.66666667 -41.66666667
 -58.         -65.         -24.33333333   0.           0.
   0.           0.           0.        ]
[ -2.         -14.         -31.33333333 -44.66666667 -52.
 -63.         -70.         -19.25         0.           0.
   0.           0.           0.        ]
