pressure:
[1028.          960.66666667  831.66666667  635.          458.
  300.          257.          181.66666667    0.          101.5
   70.            0.            0.        ]
[1027.          961.          833.33333333  635.33333333  457.33333333
  300.          219.          149.            0.          100.
   70.            0.           25.        ]
[1005.5         935.          828.33333333  635.66666667  458.66666667
  300.          250.          180.          139.          100.
   70.           50.           25.        ]
[1002.5         933.          828.33333333  637.66666667  459.66666667
  300.          250.          169.          113.          100.
   70.           50.           25.        ]
[999.         931.         827.33333333 639.66666667 492.5
 350.         250.         200.         150.         100.
   0.           0.           0.        ]
[1001.5         932.5         829.33333333  640.66666667  493.
  350.          250.          181.          150.          104.5
   70.            0.            0.        ]
[1001.          932.5         829.33333333  641.66666667  494.
  350.          250.          200.          150.          101.5
   70.           50.           20.        ]
[997.         929.5        825.         636.33333333 490.
 350.         250.         200.         150.         105.
  70.          50.          20.        ]
[1003.5         934.          830.33333333  641.33333333  493.
  350.          250.          200.          150.           95.5
   70.           50.           20.        ]
[1024.          960.33333333  834.33333333  640.          460.66666667
  300.          250.          184.5         150.          100.
   70.            0.            0.        ]
[1023.          960.          833.33333333  637.66666667  459.
  300.          241.          175.            0.           98.5
   70.           50.           25.        ]
[1024.          960.          833.66666667  639.66666667  460.33333333
  300.          236.5         200.          150.          101.
   70.           50.           20.        ]
temperature:
[  0.          -1.66666667  -5.          -6.33333333 -18.66666667
 -42.         -48.5        -52.           0.         -72.
 -69.           0.           0.        ]
[  9.           4.33333333  -1.33333333  -8.33333333 -24.33333333
 -45.         -55.         -60.           0.         -64.
 -64.           0.         -55.        ]
[ 16.          10.5          5.66666667  -0.66666667 -16.
 -39.         -49.         -58.         -66.         -70.
 -69.         -61.         -52.5       ]
[ 25.          21.5         14.           1.33333333 -14.
 -38.         -49.         -60.33333333 -68.         -68.
 -67.         -65.         -51.        ]
[ 28.          24.5         18.66666667   7.33333333  -4.
 -19.5        -36.         -50.         -64.         -76.
   0.           0.           0.        ]
[ 30.          25.5         19.           6.33333333  -4.5
 -21.         -38.         -57.         -66.         -74.5
 -68.           0.           0.        ]
[ 32.          26.5         20.           8.33333333  -3.5
 -19.         -38.         -50.         -63.         -76.
 -71.         -59.         -48.33333333]
[ 28.          25.5         16.33333333   4.          -4.
 -21.5        -39.         -49.         -61.         -71.
 -68.         -63.         -48.66666667]
[ 22.          19.          17.33333333   6.          -4.5
 -21.5        -38.         -49.         -64.         -77.5
 -72.         -66.         -51.        ]
[ 14.          10.33333333   5.          -2.         -13.66666667
 -34.         -41.         -57.         -67.         -73.
 -77.           0.           0.        ]
[ 11.           7.66666667   2.66666667  -4.33333333 -20.
 -41.         -44.5        -56.5          0.         -74.5
 -69.         -68.         -53.5       ]
[  9.           8.           5.33333333  -1.33333333 -17.33333333
 -37.         -42.5        -51.         -64.         -73.
 -68.         -66.         -47.66666667]
dewpoint:
[  0.          -2.66666667  -6.          -7.66666667 -20.
 -47.         -55.         -69.66666667   0.           0.
   0.           0.           0.        ]
[ -4.          -9.         -15.33333333 -39.33333333 -51.33333333
 -67.         -75.           0.           0.           0.
   0.           0.           0.        ]
[ 11.           9.           0.         -18.33333333 -25.66666667
 -57.         -62.         -22.33333333   0.           0.
   0.           0.           0.        ]
[ 11.5          6.5         -5.66666667 -41.66666667 -50.66666667
 -65.         -73.         -26.33333333   0.           0.
   0.           0.           0.        ]
[ 23.          22.          16.33333333   4.          -6.5
 -33.         -48.         -59.           0.           0.
   0.           0.           0.        ]
[ 23.5         18.5         16.          -2.66666667 -33.5
 -29.5        -42.         -29.           0.           0.
   0.           0.           0.        ]
[ 24.          20.          16.33333333  -1.33333333 -19.
 -39.5        -54.         -63.           0.           0.
   0.           0.           0.        ]
[ 13.           7.5          0.33333333 -25.         -28.5
 -33.         -50.         -67.           0.           0.
   0.           0.           0.        ]
[ 19.          18.          14.66666667  -0.33333333 -20.5
 -40.         -64.         -70.           0.           0.
   0.           0.           0.        ]
[ 12.           9.           2.          -7.33333333 -16.33333333
 -41.         -55.         -33.           0.           0.
   0.           0.           0.        ]
[  6.           4.66666667  -6.         -44.66666667 -46.
 -44.         -63.5        -35.           0.           0.
   0.           0.           0.        ]
[  2.           0.33333333 -13.         -31.         -46.
 -58.         -62.5        -70.           0.           0.
   0.           0.           0.        ]
