pressure:
[1023.          959.33333333  831.33333333  635.66666667  458.
  300.          232.          175.            0.          101.5
   70.           50.           30.        ]
[1015.          957.66666667  828.66666667  633.          456.33333333
  300.          225.          172.5         134.          100.
   70.           50.           25.        ]
[1018.          958.33333333  829.66666667  633.66666667  457.
  300.          250.          181.            0.          102.5
   70.           50.            0.        ]
[1003.          933.5         828.33333333  637.          459.33333333
  300.          244.          191.5         150.           95.5
   70.           50.           25.        ]
[996.         929.5        825.33333333 636.66666667 459.66666667
 300.         250.         200.         149.         100.
  70.          50.          25.        ]
[1000.5         932.          828.33333333  639.66666667  492.
  350.          250.          200.          150.          100.
   70.           50.           30.        ]
[994.         928.5        825.         638.33333333 492.
 350.         250.         200.         150.         100.
   0.           0.           0.        ]
[1003.5         934.          829.33333333  639.33333333  492.
  350.          250.          200.          150.          105.
   70.           50.           20.        ]
[1005.5         936.          832.33333333  642.33333333  493.5
  350.          250.          200.          150.          100.5
   70.           50.           25.        ]
[1019.          959.          833.          641.33333333  493.
  350.          250.          178.5         150.           96.5
   70.           50.           20.        ]
[1025.          960.33333333  832.33333333  637.          458.33333333
  300.          250.          179.33333333  123.          100.
   70.           50.           25.        ]
[1022.          959.66666667  831.          634.66666667  457.33333333
  300.          243.5         175.          121.          100.
   70.           50.           20.        ]
temperature:
[  5.           1.66666667   2.          -5.         -17.33333333
 -31.         -43.5        -58.5          0.         -74.
 -75.         -65.         -55.        ]
[ 11.           9.33333333   2.66666667  -8.66666667 -22.33333333
 -38.         -47.         -57.5        -67.         -67.
 -64.         -67.         -56.        ]
[ 12.           8.66666667   0.          -8.         -20.
 -37.         -47.         -60.           0.         -68.
 -69.         -63.           0.        ]
[ 25.5         21.5         13.66666667   0.         -15.33333333
 -39.         -50.         -50.         -56.         -72.5
 -70.         -67.         -49.        ]
[ 29.          25.5         17.33333333   3.66666667  -8.66666667
 -29.         -38.         -52.         -66.33333333 -70.
 -70.         -62.         -49.5       ]
[ 27.5         25.          18.33333333   5.          -5.
 -21.         -38.         -51.         -68.         -76.
 -68.         -62.         -55.        ]
[ 32.          26.5         19.33333333   8.          -3.
 -17.5        -33.         -46.         -61.         -74.
   0.           0.           0.        ]
[ 24.5         19.          13.33333333   4.33333333  -4.5
 -20.         -38.         -51.         -64.         -73.
 -71.         -63.         -50.66666667]
[ 22.          20.5         15.66666667   5.          -4.5
 -21.         -40.         -51.         -65.         -77.
 -73.         -61.         -53.        ]
[ 15.          12.33333333   8.66666667   3.          -4.
 -25.         -42.         -58.         -66.         -76.5
 -73.         -64.         -53.        ]
[  8.           3.33333333   0.          -5.66666667 -20.33333333
 -33.         -43.         -56.66666667 -73.         -73.
 -68.         -60.         -53.        ]
[  6.           5.          -0.66666667  -7.         -19.66666667
 -35.         -43.5        -59.5        -69.         -68.
 -69.         -61.         -47.33333333]
dewpoint:
[ -1.          -2.33333333  -0.33333333 -20.33333333 -54.
 -65.         -73.5        -40.           0.           0.
   0.           0.           0.        ]
[  5.          -1.          -6.66666667 -25.66666667 -37.
 -57.         -65.5          0.           0.           0.
   0.           0.           0.        ]
[  5.           3.33333333  -6.         -30.         -25.33333333
 -40.         -51.         -21.33333333   0.           0.
   0.           0.           0.        ]
[  8.           3.          -3.         -28.66666667 -41.
 -49.         -56.         -60.         -66.           0.
   0.           0.           0.        ]
[ 20.          16.5         13.33333333  -9.         -49.33333333
 -32.         -45.         -59.           0.           0.
   0.           0.           0.        ]
[ 23.          23.          15.33333333  -1.          -6.5
 -24.5        -51.         -62.           0.           0.
   0.           0.           0.        ]
[ 21.          18.          15.66666667   3.          -7.
 -23.5        -46.         -58.           0.           0.
   0.           0.           0.        ]
[ 17.5  16.   11.   -4.  -23.  -44.5 -51.  -62.    0.    0.    0.    0.
   0. ]
[ 21.5         19.5         13.33333333  -4.         -21.5
 -37.         -57.         -66.           0.           0.
   0.           0.           0.        ]
[  8.           6.         -12.33333333 -21.         -46.5
 -56.5        -67.         -37.           0.           0.
   0.           0.           0.        ]
[  5.           1.66666667  -1.         -12.33333333 -47.
 -66.         -73.         -26.66666667   0.           0.
   0.           0.           0.        ]
[ -1.          -5.66666667 -21.33333333 -37.66666667 -38.66666667
 -51.         -60.         -34.5          0.           0.
   0.           0.           0.        ]
