pressure:
[1026.          960.          829.66666667  631.          455.66666667
  300.          225.          167.            0.           88.
   70.           50.           25.        ]
[1004.5         934.          826.33333333  633.          457.
  300.          251.5         181.          109.          100.
   70.           50.           20.        ]
[1005.          935.          830.          637.33333333  459.
  300.          250.          170.66666667    0.           97.
   70.           50.           20.        ]
[1003.          933.5         829.33333333  639.          491.
  350.          250.          189.5         150.          104.5
   70.           50.           25.        ]
[1005.          935.          830.          638.66666667  491.5
  350.          234.          200.          150.           95.
   70.           50.           25.        ]
[999.         930.5        826.66666667 638.66666667 491.5
 350.         250.         187.5        150.          94.
  70.           0.           0.        ]
[999.         931.         827.33333333 639.66666667 492.5
 350.         250.         200.         136.5        100.
  70.          50.          20.        ]
[1001.5         932.5         829.33333333  640.66666667  493.
  350.          250.          200.          150.           97.5
   70.           50.           20.        ]
[1003.5         934.5         829.66666667  638.33333333  490.5
  350.          250.          180.          150.          103.5
   70.           50.           20.        ]
[1020.          959.33333333  833.          638.66666667  460.
  300.          250.          185.          150.           90.5
   70.           50.           20.        ]
[1017.          958.66666667  832.          638.          459.66666667
  300.          221.          175.            0.           93.5
   70.           50.           25.        ]
[1034.          962.33333333  835.          637.          458.33333333
  300.          250.          181.66666667    0.           94.
   70.           50.           25.        ]
temperature:
[  0.          -3.33333333  -7.         -11.66666667 -21.
 -40.         -48.         -54.5          0.         -69.5
 -67.         -58.         -57.5       ]
[ 13.           9.5          3.33333333  -3.33333333 -20.
 -41.         -49.         -51.66666667 -69.         -68.
 -74.         -72.         -55.33333333]
[ 21.          20.          12.33333333  -2.         -16.33333333
 -38.         -45.         -57.           0.         -71.5
 -68.         -66.         -48.33333333]
[ 26.5         22.          14.66666667   2.          -8.
 -25.5        -43.         -55.5        -62.         -71.5
 -69.         -60.         -52.        ]
[ 19.          15.5         11.33333333   2.          -5.5
 -21.         -41.5        -50.         -61.         -74.5
 -72.         -63.         -50.        ]
[ 28.   25.   18.    5.   -5.5 -21.5 -39.  -54.  -61.  -73.5 -65.    0.
   0. ]
[ 33.          26.5         18.33333333   6.66666667  -3.5
 -20.5        -35.         -49.         -66.5        -71.
 -69.         -58.         -49.        ]
[ 30.   25.5  18.    6.   -4.5 -21.  -37.  -50.  -63.  -74.5 -68.  -62.
 -49. ]
[ 25.          22.          13.33333333   0.33333333  -8.5
 -23.5        -40.         -54.5        -61.         -74.5
 -68.         -62.         -51.33333333]
[ 17.          13.33333333   5.66666667  -2.33333333 -15.33333333
 -31.         -41.         -55.         -63.         -72.5
 -67.         -65.         -52.66666667]
[ 15.          15.           9.33333333  -2.         -17.
 -40.         -53.33333333 -56.           0.         -70.5
 -72.         -65.         -56.5       ]
[  1.          -1.          -2.33333333  -8.         -21.
 -35.         -38.         -55.66666667   0.         -75.
 -67.         -67.         -61.5       ]
dewpoint:
[ -2.          -6.66666667  -9.66666667 -20.66666667 -45.
 -43.         -61.5        -68.5          0.           0.
   0.           0.           0.        ]
[  5.           0.5         -8.66666667 -45.66666667 -55.33333333
 -69.         -75.         -24.66666667   0.           0.
   0.           0.           0.        ]
[ 11.           2.           3.33333333  -9.66666667 -39.
 -58.         -63.         -23.33333333   0.           0.
   0.           0.           0.        ]
[ 19.          16.5         10.          -1.66666667 -17.5
 -39.5        -58.         -33.5          0.           0.
   0.           0.           0.        ]
[ 17.           7.5          0.          -1.33333333  -7.
 -25.         -49.5        -61.           0.           0.
   0.           0.           0.        ]
[ 23.          20.          12.33333333   3.          -7.
 -25.         -46.         -29.5          0.           0.
   0.           0.           0.        ]
[ 23.          19.5         16.33333333   1.         -16.5
 -37.         -52.         -64.           0.           0.
   0.           0.           0.        ]
[ 23.5         19.5         15.66666667   4.          -7.
 -39.         -42.         -54.           0.           0.
   0.           0.           0.        ]
[ 10.           2.          -4.         -14.33333333 -11.5
 -37.5        -58.         -33.5          0.           0.
   0.           0.           0.        ]
[  9.           7.          -7.33333333 -32.         -32.33333333
 -46.         -55.         -32.5          0.           0.
   0.           0.           0.        ]
[ 11.           2.33333333 -15.         -32.         -33.66666667
 -48.         -63.33333333 -68.5          0.           0.
   0.           0.           0.        ]
[  0.          -3.          -8.         -32.66666667 -43.33333333
 -54.         -57.         -22.66666667   0.           0.
   0.           0.           0.        ]
