pressure:
[1027.          960.33333333  831.66666667  635.          457.66666667
  300.          250.          180.66666667  138.          100.
   70.           50.           25.        ]
[1017.          958.          828.66666667  634.          457.66666667
  300.          232.          170.33333333    0.           94.5
   70.           50.           25.        ]
[1021.          959.33333333  831.66666667  636.          458.33333333
  300.          234.5         183.            0.           92.
   70.           50.           25.        ]
[1003.5         933.          826.          635.33333333  459.
  300.          250.          190.          150.           93.5
   70.           50.           25.        ]
[1003.          933.          828.33333333  638.66666667  491.
  350.          231.5         200.          150.           94.
   70.           50.           25.        ]
[999.         930.5        827.         639.66666667 492.5
 350.         250.         200.         150.          99.5
  70.          50.          30.        ]
[1001.          932.5         829.66666667  642.          494.
  350.          250.          200.          150.          101.5
   70.           50.           25.        ]
[1004.5         935.          830.66666667  640.66666667  492.5
  350.          250.          200.          150.          103.5
   70.           50.           30.        ]
[1004.5         935.          831.33333333  641.          492.
  350.          250.          191.5         150.           95.5
   70.           50.           25.        ]
[1017.          958.66666667  833.33333333  641.33333333  492.
  350.          250.          182.          150.           94.5
   70.           50.           25.        ]
[1020.          959.          832.          637.          458.66666667
  300.          250.          179.33333333  108.          100.
   70.           50.           30.        ]
[1032.          962.          834.66666667  637.66666667  459.
  300.          250.          173.66666667    0.           93.5
   70.           50.           25.        ]
temperature:
[  4.          -0.33333333  -4.          -5.         -15.66666667
 -37.         -41.         -57.         -70.         -73.
 -72.         -67.         -56.        ]
[  9.           5.           0.66666667  -3.         -19.33333333
 -41.         -45.         -56.66666667   0.         -68.5
 -66.         -64.         -54.5       ]
[ 11.           6.66666667   0.          -5.33333333 -17.66666667
 -39.         -52.         -55.33333333   0.         -71.
 -71.         -64.         -53.        ]
[ 15.5         11.5          7.66666667   0.66666667 -12.
 -33.         -43.         -50.         -59.         -72.5
 -74.         -64.         -55.5       ]
[ 22.5  17.5  14.    4.   -6.  -23.  -42.  -50.  -61.  -73.  -74.  -63.
 -53. ]
[ 26.          23.          19.           8.33333333  -3.5
 -17.5        -33.         -45.         -61.         -80.
 -71.         -61.         -53.        ]
[ 34.          28.5         21.           8.33333333  -4.5
 -22.         -38.         -50.         -62.         -72.
 -67.         -61.         -52.5       ]
[ 21.   18.5  14.    5.   -5.  -23.5 -40.  -53.  -62.  -72.5 -67.  -61.
 -56. ]
[ 25.          20.5         16.33333333   2.66666667  -8.5
 -24.         -40.         -53.         -64.         -75.
 -66.         -62.         -53.        ]
[ 19.          17.33333333  12.66666667   1.66666667 -10.
 -30.5        -49.         -56.5        -64.         -71.5
 -68.         -64.         -53.5       ]
[ 10.           8.33333333   5.          -4.66666667 -20.66666667
 -37.         -42.         -55.         -73.         -73.
 -73.         -64.         -60.        ]
[  3.          -1.          -0.33333333  -6.66666667 -20.
 -40.         -46.         -53.66666667   0.         -70.5
 -68.         -62.         -57.5       ]
dewpoint:
[  1.          -2.         -10.66666667 -33.66666667 -42.66666667
 -60.         -63.         -24.           0.           0.
   0.           0.           0.        ]
[  6.           3.33333333  -5.33333333 -27.66666667 -34.66666667
 -45.         -67.         -25.           0.           0.
   0.           0.           0.        ]
[  1.          -3.66666667 -13.33333333 -10.         -23.
 -52.         -57.         -20.33333333   0.           0.
   0.           0.           0.        ]
[ 13.          10.           5.66666667  -1.33333333 -14.
 -38.         -48.         -76.         -85.           0.
   0.           0.           0.        ]
[ 14.5         12.5         -5.66666667 -15.66666667 -20.5
 -36.         -60.5        -67.           0.           0.
   0.           0.           0.        ]
[ 24.          22.          17.33333333   5.          -7.5
 -28.5        -48.         -55.           0.           0.
   0.           0.           0.        ]
[ 23.5         20.          15.          -4.66666667 -17.5
 -28.5        -46.         -59.           0.           0.
   0.           0.           0.        ]
[ 20.          16.5         12.           3.66666667  -7.5
 -31.5        -45.         -59.           0.           0.
   0.           0.           0.        ]
[ 16.5         13.5         12.66666667  -1.33333333 -22.5
 -37.5        -45.         -31.5          0.           0.
   0.           0.           0.        ]
[  6.           1.         -13.66666667 -26.         -36.5
 -41.5        -54.         -31.           0.           0.
   0.           0.           0.        ]
[  9.           7.66666667   4.         -12.         -42.66666667
 -57.         -61.         -22.66666667   0.           0.
   0.           0.           0.        ]
[ -4.          -6.         -29.         -26.33333333 -52.33333333
 -66.         -70.         -76.66666667   0.           0.
   0.           0.           0.        ]
