pressure:
[1011.52238806  952.40460526  816.57228916  644.6682243   473.68686869
  338.42023346  247.28651685  184.59668508  136.03921569   95.0460251
   65.8037037    47.39631336   20.404     ]
[1000.5         946.33333333  835.          648.81818182  477.
  346.8         255.          180.75        141.           89.66666667
   65.28571429   46.85714286   21.42857143]
[1003.          929.          774.          684.5         477.57142857
  325.5         252.5         179.          129.83333333   94.83333333
   68.75          0.            0.        ]
[999.         939.75       787.83333333 627.         485.125
 351.5        261.5        201.         142.          97.5
  70.14285714   0.           0.        ]
[997.         948.66666667 832.75       648.         464.
 353.11111111 254.         193.33333333 147.5         98.
  64.6         46.33333333  20.42857143]
[996.         951.5        791.         640.2        457.66666667
 353.85714286 265.         184.         133.5        101.5
  66.66666667  47.          22.90909091]
[994.  925.  850.  700.  500.  350.  250.  200.  150.  102.5   0.    0.
   0. ]
[1000.5         943.25        813.4         646.          478.5
  347.71428571  250.33333333  198.          138.5           0.
    0.            0.            0.        ]
[1001.5         922.75        800.71428571  675.          487.
  347.          250.          185.5         133.           99.57142857
   70.            0.            0.        ]
[1001.33333333  930.66666667  802.125       648.25        505.6
  357.          247.66666667  189.5         132.66666667   96.4
   62.4          48.           22.        ]
[1007.          962.5         797.63636364  631.8         465.2
  313.25        245.5         189.5         129.33333333   97.4
   68.5          49.75         24.57142857]
[1011.          958.4         803.77777778  657.6         470.
  347.75        240.5         183.          142.           94.
   62.66666667   47.6          21.86666667]
temperature:
[ 1.22835821e+01  9.49342105e+00  6.50000000e+00  9.34579439e-03
 -9.37710438e+00 -2.50389105e+01 -4.12471910e+01 -5.61878453e+01
 -6.87254902e+01 -7.86066946e+01 -7.49481481e+01 -6.42534562e+01
 -5.62333333e+01]
[ 19.          17.          12.25         1.63636364  -5.
 -22.4        -38.         -56.5        -69.         -83.83333333
 -80.42857143 -66.85714286 -53.85714286]
[ 18.          15.33333333   8.75         4.         -12.57142857
 -29.625      -40.         -55.2        -65.33333333 -73.
 -77.5          0.           0.        ]
[ 22.          20.          13.33333333   3.          -7.75
 -23.5        -38.5        -52.66666667 -64.         -73.75
 -76.42857143   0.           0.        ]
[ 30.          27.33333333  19.25         7.66666667  -7.2
 -19.88888889 -37.66666667 -53.33333333 -64.5        -75.71428571
 -77.4        -63.         -51.14285714]
[ 31.          28.          16.57142857   8.4         -6.66666667
 -20.14285714 -34.         -53.33333333 -69.         -77.75
 -72.33333333 -59.33333333 -52.63636364]
[ 32.   26.   20.   12.   -3.  -21.5 -39.  -51.  -65.  -75.    0.    0.
   0. ]
[ 25.          22.5         15.1          6.          -5.4
 -20.         -37.66666667 -51.66666667 -69.5          0.
   0.           0.           0.        ]
[ 24.          21.25        14.42857143   7.75        -5.
 -20.16666667 -38.         -56.         -70.         -77.42857143
 -74.33333333   0.           0.        ]
[ 26.33333333  21.66666667  12.625        4.          -3.8
 -22.25       -41.33333333 -54.5        -73.33333333 -80.4
 -69.         -65.         -51.72727273]
[ 15.          14.           5.90909091  -1.4         -9.2
 -28.75       -42.         -53.5        -73.66666667 -78.2
 -73.75       -59.25       -51.35714286]
[ 14.          13.           6.66666667   6.4         -9.25
 -21.75       -41.         -55.33333333 -68.5        -81.2
 -77.66666667 -60.8        -50.8       ]
dewpoint:
[  6.62686567   4.63815789  -0.08835341 -20.14719626 -39.46127946
 -51.72762646 -65.12921348 -42.93370166   0.           0.
   0.           0.           0.        ]
[ 18.          15.          10.25       -25.81818182 -47.33333333
 -58.8        -70.         -83.           0.           0.
   0.           0.           0.        ]
[ 16.5         14.33333333   5.75         1.5        -24.71428571
 -41.         -68.5        -30.8          0.           0.
   0.           0.           0.        ]
[ 21.          17.75         8.83333333  -3.16666667 -13.75
 -28.5        -44.         -58.66666667   0.           0.
   0.           0.           0.        ]
[ 23.          20.33333333  14.75        -2.33333333 -21.
 -33.         -51.33333333 -66.           0.           0.
   0.           0.           0.        ]
[ 23.          20.5         11.14285714  -7.2        -23.83333333
 -29.57142857 -47.66666667 -65.66666667   0.           0.
   0.           0.           0.        ]
[ 23.  18.  18.   3. -21. -32. -50. -62.   0.   0.   0.   0.   0.]
[ 24.          20.5          8.9          0.5        -23.6
 -57.57142857 -69.66666667 -52.           0.           0.
   0.           0.           0.        ]
[ 17.5         16.          12.           7.          -8.2
 -23.16666667 -43.         -29.16666667   0.           0.
   0.           0.           0.        ]
[ 13.          11.33333333   5.125      -24.25       -46.
 -59.         -72.         -39.25         0.           0.
   0.           0.           0.        ]
[  0.          -4.5         -8.09090909 -11.4        -39.4
 -53.75       -64.5        -74.           0.           0.
   0.           0.           0.        ]
[  0.          -4.8         -8.77777778 -28.6        -37.75
 -48.75       -63.5        -24.           0.           0.
   0.           0.           0.        ]
