pressure:
[1003.          952.5         777.57142857  639.          480.2
  336.57142857  234.75        188.5         137.5          97.25
   66.83333333   47.25         18.58823529]
[1002.5         930.33333333  806.75        644.28571429  460.25
  304.66666667  253.4         194.          139.           94.4
   62.57142857   46.8          21.58333333]
[999.         939.25       804.33333333 648.83333333 477.8
 339.25       256.75       187.33333333 138.6         95.4
  65.5         47.4         26.2       ]
[1001.5         928.5         840.          659.57142857  489.8
  330.75        236.          182.5         137.25         95.4
   63.           45.66666667   24.875     ]
[996.         934.5        832.5        651.42857143 493.625
 353.16666667 249.8        184.5        127.66666667  94.2
  68.25        49.75        22.5       ]
[998.         944.66666667 814.8        629.2        481.71428571
 341.9        243.33333333 195.         139.66666667  91.5
  69.25         0.           0.        ]
[991.         934.66666667 788.5        626.66666667 451.66666667
 340.2        238.         200.         139.          97.8
  68.2         50.          22.21428571]
[1000.5         940.75        799.5         670.          501.
  342.66666667  262.          189.33333333  138.66666667   99.25
   70.25         48.33333333   23.25      ]
[1001.5         938.          795.33333333  626.          520.125
  357.57142857  237.5         184.66666667  135.33333333   95.5
   70.8          49.           27.25      ]
[1001.5         954.          807.16666667  648.          495.75
  342.42857143  243.5         185.6         140.           93.8
   68.5          47.2          23.72727273]
[1000.33333333  944.          787.85714286  660.2         481.
  344.75        233.5         182.33333333  139.4          94.33333333
   69.75         47.875        22.66666667]
[1010.5         960.          817.125       660.33333333  483.83333333
  367.5         254.4         195.66666667  134.          101.
   68.5          48.6          24.90909091]
temperature:
[ 22.          19.           9.71428571   7.25        -8.8
 -26.14285714 -44.         -54.5        -67.25       -79.
 -78.5        -64.5        -52.41176471]
[ 17.5         15.          10.          -0.57142857 -11.25
 -35.66666667 -41.6        -51.5        -67.         -79.2
 -74.28571429 -62.8        -53.83333333]
[ 22.          18.75        11.66666667   2.83333333  -9.4
 -29.75       -40.75       -53.         -64.4        -76.8
 -73.83333333 -63.2        -54.5       ]
[ 17.          15.          13.4          2.42857143  -8.8
 -27.75       -44.5        -57.         -67.         -75.8
 -70.25       -62.33333333 -53.5       ]
[ 31.          27.5         19.5          9.57142857  -2.375
 -18.16666667 -36.6        -53.5        -73.         -81.6
 -77.         -66.         -50.41666667]
[ 29.          25.33333333  17.6          7.          -4.28571429
 -19.7        -37.33333333 -50.33333333 -69.33333333 -79.75
 -73.25         0.           0.        ]
[ 34.          29.66666667  18.2          7.83333333  -8.33333333
 -21.2        -37.25       -47.         -66.5        -78.6
 -70.4        -63.66666667 -51.35714286]
[ 25.5         23.          16.25         8.          -5.4
 -22.         -36.4        -55.         -69.66666667 -73.5
 -70.25       -63.33333333 -52.75      ]
[ 30.          25.25        16.16666667   4.1         -2.5625
 -20.28571429 -41.5        -54.33333333 -68.         -80.16666667
 -73.6        -65.         -54.5       ]
[ 27.5         24.33333333  15.33333333   5.85714286  -4.75
 -23.85714286 -41.5        -57.         -68.66666667 -78.
 -73.625      -62.8        -52.36363636]
[ 25.          22.33333333  11.85714286   3.8         -5.66666667
 -21.25       -43.5        -57.66666667 -68.8        -80.16666667
 -75.25       -63.875      -51.22222222]
[ 18.          16.           8.5          5.16666667  -6.16666667
 -18.75       -38.8        -53.33333333 -70.75       -79.66666667
 -79.         -65.4        -56.72727273]
dewpoint:
[  7.           5.         -17.57142857 -38.5        -42.6
 -54.57142857 -69.75       -38.           0.           0.
   0.           0.           0.        ]
[ 17.          14.           8.75       -21.42857143 -51.25
 -68.         -72.4        -79.           0.           0.
   0.           0.           0.        ]
[ 20.          17.5          8.66666667  -5.16666667 -36.
 -54.75       -62.75       -48.           0.           0.
   0.           0.           0.        ]
[ 16.          14.          12.4          0.14285714 -10.8
 -37.125      -54.5        -33.5          0.           0.
   0.           0.           0.        ]
[ 22.          20.5         16.25        -5.42857143 -22.625
 -37.         -52.4        -49.           0.           0.
   0.           0.           0.        ]
[ 25.          23.66666667  16.2          1.4        -15.28571429
 -27.7        -48.66666667 -39.           0.           0.
   0.           0.           0.        ]
[ 22.          19.66666667  13.6         -1.5        -27.66666667
 -43.6        -58.75       -67.           0.           0.
   0.           0.           0.        ]
[ 23.5         22.          14.25         4.33333333  -7.
 -25.16666667 -45.4        -64.33333333   0.           0.
   0.           0.           0.        ]
[ 23.          21.5         11.33333333  -1.2        -17.9375
 -42.         -60.16666667 -22.33333333   0.           0.
   0.           0.           0.        ]
[ 18.          17.          10.5          0.14285714 -17.5
 -53.42857143 -67.5        -47.           0.           0.
   0.           0.           0.        ]
[ 21.          15.33333333   5.57142857  -2.6        -47.66666667
 -58.25       -73.5        -27.           0.           0.
   0.           0.           0.        ]
[ -0.5         -3.33333333 -18.75       -28.5        -20.16666667
 -33.         -53.2        -42.33333333   0.           0.
   0.           0.           0.        ]
