pressure:
[1018.          944.16666667  798.71428571  649.6         457.16666667
  351.66666667  258.66666667  201.          148.33333333   97.75
   67.           49.           24.23076923]
[1003.5         933.66666667  811.25        655.11111111  471.
  338.5           0.            0.            0.            0.
    0.            0.            0.        ]
[1001.          925.          769.          639.          480.16666667
  341.          244.6         188.16666667  136.5          96.33333333
   65.33333333   47.5          24.        ]
[1000.          951.66666667  799.75        678.75        506.71428571
  355.          245.          187.5         139.           98.8
   71.            0.            0.        ]
[997.         926.25       827.83333333 673.66666667 498.28571429
 353.125      266.         196.         150.5        101.
   0.           0.           0.        ]
[993.         932.         798.5        697.         483.
 347.71428571 245.25       184.33333333 140.5         93.25
  66.8         46.          22.72727273]
[1000.          935.33333333  797.5         653.8         467.66666667
  346.22222222  254.          182.5         150.           96.
   62.25         47.           18.8       ]
[998.         944.25       803.33333333 638.75       465.14285714
 348.33333333 254.25       197.4        136.33333333  96.75
  70.          49.          37.33333333]
[1001.5         933.66666667  804.4         633.5         486.42857143
  343.83333333  244.16666667  181.33333333  138.           99.66666667
    0.            0.            0.        ]
[1014.          950.71428571  804.71428571  658.85714286  463.7
  356.          256.75        182.5         132.66666667   95.4
    0.            0.            0.        ]
[1010.          945.2         814.          656.5         486.8
  342.          250.          188.33333333  134.66666667   94.
   67.75         47.           29.        ]
[1018.          956.25        822.7         628.          473.66666667
  352.16666667  250.          192.6         135.           96.5
   70.25         49.33333333   28.1       ]
temperature:
[ 11.           7.16666667   5.85714286   2.8        -14.16666667
 -26.33333333 -39.33333333 -53.         -65.66666667 -75.
 -77.75       -62.33333333 -55.61538462]
[ 19.          16.          10.75        -0.22222222 -10.33333333
 -29.           0.           0.           0.           0.
   0.           0.           0.        ]
[ 25.          20.          12.           3.         -10.16666667
 -29.25       -44.6        -53.66666667 -63.5        -74.
 -73.83333333 -61.66666667 -51.72727273]
[ 28.          25.33333333  15.           7.25        -5.85714286
 -22.2        -40.5        -54.5        -68.33333333 -74.4
 -76.           0.           0.        ]
[ 23.          20.75        21.16666667  11.          -3.42857143
 -18.875      -33.4        -51.         -63.         -77.4
   0.           0.           0.        ]
[ 32.          27.5         17.33333333  14.66666667  -3.6
 -18.         -37.         -52.33333333 -65.75       -78.5
 -73.2        -66.         -51.54545455]
[ 29.          24.66666667  15.           7.6         -8.33333333
 -24.11111111 -40.2        -57.         -64.         -69.4
 -65.75       -60.5        -46.6       ]
[ 26.          23.          15.33333333   5.75        -6.85714286
 -20.33333333 -37.5        -50.4        -68.33333333 -76.
 -68.33333333 -60.5        -58.33333333]
[ 27.          23.          15.6          6.66666667  -4.
 -21.         -38.5        -54.66666667 -68.         -78.66666667
   0.           0.           0.        ]
[ 19.          15.57142857  11.57142857   3.14285714 -11.3
 -22.85714286 -41.5        -58.25       -72.66666667 -78.8
   0.           0.           0.        ]
[ 17.          14.4          9.14285714   4.83333333  -7.2
 -24.         -41.         -57.         -72.         -80.5
 -73.         -62.66666667 -55.66666667]
[ 15.          11.5          7.8          0.83333333 -10.
 -28.16666667 -46.         -55.8        -66.66666667 -73.5
 -73.75       -65.         -54.        ]
dewpoint:
[  5.           4.16666667  -4.85714286 -41.6        -34.16666667
 -54.83333333 -70.66666667 -53.33333333   0.           0.
   0.           0.           0.        ]
[ 18.          14.66666667   9.5        -26.33333333 -50.66666667
 -63.5          0.           0.           0.           0.
   0.           0.           0.        ]
[ 20.          19.           7.          -6.66666667 -31.16666667
 -53.         -63.8        -72.33333333   0.           0.
   0.           0.           0.        ]
[ 24.          20.33333333  12.25         3.5         -9.42857143
 -25.2        -49.25       -64.           0.           0.
   0.           0.           0.        ]
[ 22.          19.          12.33333333   3.33333333  -5.
 -20.625      -36.4        -39.5          0.           0.
   0.           0.           0.        ]
[ 25.          23.          16.           3.66666667 -27.2
 -38.85714286 -54.75       -21.           0.           0.
   0.           0.           0.        ]
[ 22.          17.          11.5         -2.         -17.55555556
 -37.33333333 -43.2        -27.25         0.           0.
   0.           0.           0.        ]
[ 25.          22.          14.33333333   4.625      -10.14285714
 -25.91666667 -47.         -46.           0.           0.
   0.           0.           0.        ]
[ 22.          21.33333333  13.2         -1.66666667 -23.42857143
 -31.5        -42.66666667 -59.           0.           0.
   0.           0.           0.        ]
[ 15.          13.28571429  10.57142857   0.57142857 -14.6
 -34.71428571 -54.75       -51.5          0.           0.
   0.           0.           0.        ]
[ 13.          12.4          7.42857143 -13.16666667 -33.2
 -48.33333333 -60.         -47.33333333   0.           0.
   0.           0.           0.        ]
[  8.           6.5          5.1        -10.         -28.
 -34.16666667 -48.         -34.2          0.           0.
   0.           0.           0.        ]
