pressure:
[1011.          954.25        847.85714286  657.4         479.16666667
  361.25        240.5         181.5         130.            0.
    0.            0.            0.        ]
[1010.          952.66666667  786.33333333  649.          462.28571429
  312.5         239.          179.          150.           97.75
   68.33333333   51.25         21.4       ]
[1002.          943.33333333  798.5         639.28571429  486.2
  360.85714286  249.5         186.          138.           95.
   66.           48.           26.        ]
[1001.          919.          840.5         609.75        498.8
  360.5         256.          182.          133.8          98.16666667
    0.            0.            0.        ]
[998.         940.75       800.5        665.         498.
 347.625      261.         191.         133.          96.25
  64.33333333  45.5         23.7       ]
[999.         952.         812.25       634.5        468.76923077
 339.5        258.75       192.         133.2         93.
  69.           0.           0.        ]
[987.66666667 925.         841.         673.         474.2
 370.75         0.           0.           0.           0.
   0.           0.           0.        ]
[995.         923.33333333 818.33333333 653.         470.5
 359.66666667 249.75       198.25       145.33333333 100.57142857
  69.25        50.          21.5       ]
[1000.          925.          821.75        635.          472.55555556
  354.76923077  248.66666667  194.33333333  139.           97.25
   67.25         48.5          20.84615385]
[1011.          950.66666667  827.11111111  653.88888889  481.53846154
  347.5         244.          185.66666667  139.           93.88888889
   73.5           0.            0.        ]
[1015.          949.5         831.42857143  638.85714286  458.
  353.2         256.33333333  181.5         137.5          94.75
   66.           46.5          19.2       ]
[1013.          969.          790.          653.625       481.6
  361.125       256.          183.          133.5          96.33333333
   71.5          45.8          23.83333333]
temperature:
[ 10.           8.5          9.28571429   2.6        -11.5
 -20.25       -42.         -56.         -71.2          0.
   0.           0.           0.        ]
[ 20.5         17.33333333   5.55555556  -2.         -18.42857143
 -36.         -45.75       -55.         -60.         -72.
 -70.66666667 -66.         -51.6       ]
[ 24.          20.          13.           4.57142857  -7.2
 -24.28571429 -42.5        -59.5        -70.5        -74.75
 -73.5        -63.5        -54.        ]
[ 18.          16.          15.16666667   0.25        -5.9
 -21.         -40.         -56.33333333 -69.8        -75.33333333
   0.           0.           0.        ]
[ 31.          27.          17.25        10.33333333  -2.875
 -20.25       -35.25       -52.5        -70.         -78.75
 -75.66666667 -65.75       -51.3       ]
[ 27.          25.          17.           7.          -5.61538462
 -21.1        -34.25       -51.         -71.         -80.5
 -75.           0.           0.        ]
[ 27.66666667  28.          21.4          8.75        -6.2
 -16.75         0.           0.           0.           0.
   0.           0.           0.        ]
[ 30.          24.66666667  17.66666667   7.4         -4.83333333
 -16.91666667 -36.         -50.25       -67.         -77.
 -74.75       -62.66666667 -51.08333333]
[ 18.          16.33333333  13.75         5.6         -5.77777778
 -19.53846154 -38.33333333 -51.66666667 -68.5        -79.25
 -75.25       -64.5        -52.15384615]
[ 22.          18.33333333  14.77777778   4.33333333  -7.46153846
 -22.75       -41.66666667 -57.         -71.33333333 -79.33333333
 -78.           0.           0.        ]
[ 16.          13.          10.71428571   0.14285714 -13.
 -24.         -38.         -55.5        -67.5        -76.5
 -77.33333333 -65.75       -49.13333333]
[ 17.          17.4          9.5          5.375       -9.
 -22.5        -38.         -55.         -69.25       -76.
 -78.5        -63.4        -50.58333333]
dewpoint:
[ 10.           7.5          7.85714286   0.8        -32.33333333
 -57.5        -72.5        -39.5          0.           0.
   0.           0.           0.        ]
[  7.           4.         -13.         -38.5        -38.85714286
 -53.         -61.75       -70.5          0.           0.
   0.           0.           0.        ]
[ 16.          13.66666667   1.83333333 -22.71428571 -30.2
 -39.85714286 -61.5        -36.           0.           0.
   0.           0.           0.        ]
[ 17.          15.          13.33333333  -7.375      -18.5
 -54.5        -71.33333333 -53.66666667   0.           0.
   0.           0.           0.        ]
[ 27.          24.5         16.5          4.33333333 -13.
 -37.25       -50.25       -65.           0.           0.
   0.           0.           0.        ]
[ 25.          23.33333333  15.5          1.         -17.23076923
 -24.7        -40.75       -57.           0.           0.
   0.           0.           0.        ]
[ 18.    12.    14.     6.75 -20.2  -55.     0.     0.     0.     0.
   0.     0.     0.  ]
[ 24.          21.          15.83333333   4.6        -13.33333333
 -30.         -49.75       -46.25         0.           0.
   0.           0.           0.        ]
[ 18.          15.33333333  12.           4.          -8.66666667
 -27.84615385 -52.5        -66.33333333   0.           0.
   0.           0.           0.        ]
[ 16.          15.          11.33333333  -3.44444444 -17.
 -37.5        -56.66666667 -45.33333333   0.           0.
   0.           0.           0.        ]
[  8.           6.5          4.          -5.85714286 -35.8
 -57.2        -69.66666667 -39.5          0.           0.
   0.           0.           0.        ]
[  6.           3.4         -0.1        -34.875      -33.2
 -36.875      -59.66666667 -74.5          0.           0.
   0.           0.           0.        ]
