pressure:
[1012.          961.          829.          676.          471.42857143
  346.5         244.5         191.75        138.75         93.2
   70.           47.75         26.6       ]
[1010.          948.25        848.28571429  629.22222222  474.8
  340.33333333  250.          189.33333333  135.66666667   99.25
   66.33333333   45.4          21.        ]
[1009.          962.5         833.16666667  650.6         448.66666667
  308.33333333  253.          185.5         131.25         93.5
   73.            0.            0.        ]
[1001.          925.          788.875       641.33333333  485.8
  321.25        250.          195.          134.           98.
   70.2          48.           25.        ]
[994.         925.         812.6        657.4        479.8
 348.8        256.5        192.         148.          97.66666667
  63.33333333  47.8         23.7       ]
[997.         936.         806.4        639.375      489.2
 344.375      247.6        185.         141.33333333  94.8
  67.66666667  49.5         24.16666667]
[986.         947.         804.71428571 664.         476.
 338.77777778 256.5        185.42857143 136.          94.14285714
  63.33333333  47.33333333  29.83333333]
[997.         949.66666667 811.6        644.33333333 480.21428571
 337.5        250.42857143 189.83333333 153.5         97.2
  74.66666667  54.          23.77777778]
[1002.          938.8         849.          628.71428571  460.77777778
  335.88888889  256.4         183.83333333  144.66666667   98.57142857
   65.2          48.25         20.57142857]
[1010.          967.2         820.7         655.875       517.8
  346.33333333  246.66666667  184.33333333  132.           91.8
   64.28571429   49.33333333   24.18181818]
[1010.          949.25        835.125       653.44444444  483.5
  350.          256.75        184.          126.5         100.25
   68.5          46.57142857   21.83333333]
[1010.5         962.5         813.8         669.          499.
  348.28571429  249.5         198.33333333  131.75         94.5
   65.25         48.           21.72222222]
temperature:
[ 12.          11.83333333   8.5          1.25        -9.42857143
 -23.75       -41.         -55.5        -68.         -80.2
 -77.         -67.5        -57.4       ]
[ 14.          11.5          8.14285714  -2.33333333  -9.
 -22.33333333 -40.         -55.66666667 -71.66666667 -79.5
 -79.66666667 -63.         -53.6       ]
[ 15.          11.5          8.33333333   0.8        -13.
 -32.33333333 -42.25       -54.75       -67.5        -77.16666667
 -78.           0.           0.        ]
[ 25.5         20.          11.75         5.25        -6.7
 -28.         -40.         -52.5        -67.66666667 -75.83333333
 -79.4        -65.5        -50.23076923]
[ 31.          25.          16.6         11.          -3.6
 -18.8        -35.5        -51.33333333 -65.33333333 -80.
 -74.33333333 -63.8        -50.        ]
[ 28.          25.5         16.6          6.25        -4.4
 -20.5        -39.         -54.5        -66.66666667 -79.
 -66.66666667 -62.         -50.16666667]
[ 33.          30.          18.57142857   9.71428571  -3.63636364
 -18.55555556 -32.33333333 -50.57142857 -67.5        -78.57142857
 -70.33333333 -59.66666667 -57.16666667]
[ 30.          28.          18.8          6.5         -5.
 -21.         -36.71428571 -52.33333333 -63.5        -76.8
 -71.66666667 -65.         -55.55555556]
[ 26.          23.6         19.5          5.71428571  -6.66666667
 -22.22222222 -37.3        -55.83333333 -66.66666667 -80.85714286
 -71.         -64.5        -51.        ]
[ 19.          19.4         12.1          5.          -1.4
 -23.33333333 -40.66666667 -56.         -70.66666667 -81.4
 -73.28571429 -62.66666667 -52.18181818]
[ 18.          14.5         11.875        4.          -7.16666667
 -23.         -38.25       -57.         -72.25       -77.25
 -75.         -64.71428571 -52.5       ]
[ 14.5         12.5          7.5          2.5         -5.33333333
 -23.         -43.         -53.33333333 -72.5        -80.75
 -76.         -61.66666667 -50.44444444]
dewpoint:
[  9.          10.83333333   7.5        -11.         -47.42857143
 -59.75       -71.5        -60.5          0.           0.
   0.           0.           0.        ]
[  9.           7.25         6.71428571 -13.44444444 -50.
 -58.66666667 -71.         -53.           0.           0.
   0.           0.           0.        ]
[ 11.           9.           6.16666667   0.2        -14.33333333
 -35.33333333 -47.25       -45.25         0.           0.
   0.           0.           0.        ]
[ 15.5   13.     9.    -5.25 -25.   -59.5  -71.   -80.     0.     0.
   0.     0.     0.  ]
[ 24.   20.   15.2   3.6 -17.8 -39.  -49.5 -41.    0.    0.    0.    0.
   0. ]
[ 22.     18.75   11.2     0.375 -11.3   -26.    -45.    -28.5     0.
   0.      0.      0.      0.   ]
[ 20.5         15.33333333  15.42857143  -2.57142857 -31.18181818
 -31.55555556 -39.         -51.85714286   0.           0.
   0.           0.           0.        ]
[ 22.          19.33333333  11.          -3.25       -19.5
 -46.1        -60.57142857 -22.66666667   0.           0.
   0.           0.           0.        ]
[ 24.5         22.2         16.           1.28571429 -22.33333333
 -30.88888889 -43.1        -52.           0.           0.
   0.           0.           0.        ]
[  5.          -1.8        -12.7        -10.875      -44.
 -54.66666667 -69.66666667 -82.33333333   0.           0.
   0.           0.           0.        ]
[ 14.          12.          10.625      -10.11111111 -37.
 -54.5        -64.25       -38.           0.           0.
   0.           0.           0.        ]
[  4.5          2.5         -1.8        -19.25       -45.66666667
 -48.57142857 -64.         -73.           0.           0.
   0.           0.           0.        ]
