pressure:
[1016.          954.75        814.6         627.83333333  479.5
  308.          239.5         183.75        132.           92.16666667
   62.33333333   46.66666667   24.84615385]
[1001.5         952.8         788.2         652.16666667  481.83333333
  336.          263.5         175.          131.           98.25
   65.8          45.           18.07692308]
[1001.5         937.5         840.          633.72727273  467.66666667
  340.75        261.5         181.5         131.           96.
   65.28571429   48.5          24.2       ]
[1001.5         945.25        822.          642.4         478.
  345.          254.          188.66666667  135.           96.4
   64.66666667   50.           24.66666667]
[996.         940.         810.14285714 654.33333333 478.44444444
 341.44444444 246.75       190.85714286 128.33333333  97.33333333
  67.5         51.          24.        ]
[993.         925.         828.25       642.25       476.875
 343.54545455 247.         186.         140.4         95.33333333
   0.           0.           0.        ]
[995.         938.5        856.8        633.71428571 466.2
 352.8        253.33333333 191.25       143.66666667 103.5
  69.66666667  47.5         24.72727273]
[1000.          918.          785.5         666.66666667  474.33333333
  337.33333333  241.25        178.8         141.           94.33333333
   67.5          47.            0.        ]
[1001.5         952.          798.85714286  645.125       503.
  357.          249.66666667  190.25        129.66666667   90.16666667
   67.75         50.5          19.        ]
[1003.          939.5         794.66666667  651.4         483.44444444
  352.8         247.5         182.5         135.33333333   94.6
   64.5          44.75         23.84615385]
[1010.          948.          821.66666667  631.5         474.25
  347.6         231.33333333  177.          133.33333333   94.25
   65.8          47.5          24.71428571]
[1021.          950.8         813.85714286  635.26666667  471.33333333
  360.          260.5         188.2         124.5          92.25
   67.25         44.           26.875     ]
temperature:
[  5.           0.5          3.          -3.33333333  -7.375
 -31.         -43.5        -55.5        -70.         -77.5
 -69.83333333 -61.66666667 -57.30769231]
[ 23.5         21.2         11.1          4.16666667 -10.66666667
 -26.4        -38.5        -57.         -68.5        -77.25
 -77.2        -63.         -50.30769231]
[ 25.          20.          13.66666667   0.27272727  -8.88888889
 -24.25       -40.         -58.75       -70.66666667 -76.
 -72.28571429 -64.5        -51.3       ]
[ 24.          21.          14.75         5.2         -7.
 -23.33333333 -39.33333333 -55.66666667 -70.         -77.6
 -70.33333333 -64.66666667 -51.58333333]
[ 32.5         27.75        17.28571429   8.16666667  -4.88888889
 -21.33333333 -38.75       -53.85714286 -71.33333333 -75.33333333
 -73.75       -65.         -50.1       ]
[ 30.          25.          18.75         8.75        -2.
 -19.54545455 -38.4        -53.5        -68.6        -78.
   0.           0.           0.        ]
[ 29.          25.25        20.6          8.          -5.9
 -19.73333333 -37.66666667 -53.25       -66.5        -77.5
 -66.33333333 -61.5        -52.63636364]
[ 24.          21.5         15.           7.33333333  -5.83333333
 -21.66666667 -40.         -56.8        -66.         -75.66666667
 -69.         -61.66666667   0.        ]
[ 25.5         24.          13.71428571   8.125       -4.125
 -18.71428571 -40.         -52.5        -70.         -77.66666667
 -72.5        -66.         -50.33333333]
[ 24.          20.5         11.           3.9         -6.11111111
 -21.4        -38.         -55.         -70.66666667 -78.2
 -71.5        -62.5        -55.23076923]
[ 21.          17.5         10.83333333  -0.5         -9.
 -27.         -47.         -57.66666667 -67.66666667 -77.5
 -73.6        -66.         -56.64285714]
[  7.           3.2          5.57142857  -1.53333333 -11.5
 -22.28571429 -36.5        -54.8        -72.75       -80.25
 -74.75       -67.8        -61.        ]
dewpoint:
[  1.          -1.25        -1.6        -11.33333333 -28.625
 -49.         -60.5        -33.25         0.           0.
   0.           0.           0.        ]
[ 18.5         15.8          0.9        -26.16666667 -43.16666667
 -54.         -61.5        -37.5          0.           0.
   0.           0.           0.        ]
[ 17.          14.           9.33333333 -10.45454545 -35.22222222
 -54.75       -64.5        -58.25         0.           0.
   0.           0.           0.        ]
[ 23.          20.          13.75         3.          -9.5
 -26.83333333 -48.         -20.66666667   0.           0.
   0.           0.           0.        ]
[ 21.5         18.75        14.14285714  -1.16666667 -14.44444444
 -32.33333333 -54.5        -47.14285714   0.           0.
   0.           0.           0.        ]
[ 25.          23.          16.75         4.75        -8.5
 -56.81818182 -70.2        -80.5          0.           0.
   0.           0.           0.        ]
[ 24.          22.25        17.4          2.28571429 -13.9
 -30.33333333 -51.         -32.           0.           0.
   0.           0.           0.        ]
[ 24.          20.5         13.5          6.33333333  -7.5
 -24.         -46.         -11.4          0.           0.
   0.           0.           0.        ]
[ 15.          10.         -15.         -25.625      -16.125
 -44.57142857 -62.         -74.           0.           0.
   0.           0.           0.        ]
[  1.          -5.5        -22.66666667  -9.3        -16.88888889
 -37.2        -59.         -53.           0.           0.
   0.           0.           0.        ]
[ 16.          14.75         9.16666667 -11.9        -38.25
 -47.8        -65.         -48.           0.           0.
   0.           0.           0.        ]
[  4.           1.8          3.57142857 -13.         -51.33333333
 -58.85714286 -68.5        -81.8          0.           0.
   0.           0.           0.        ]
