pressure:
[1012.          952.6         783.625       696.8         489.83333333
  356.625       266.66666667  190.33333333  152.           97.25
   65.4          48.5          26.66666667]
[1003.          943.          784.71428571  630.25        474.83333333
  352.66666667  236.          182.5         128.6          95.8
   67.           46.66666667   22.53333333]
[1004.          959.33333333  833.42857143  641.88888889  487.5
  365.          260.75        195.          140.33333333   95.33333333
   71.            0.            0.        ]
[999.         938.         790.33333333 632.         465.125
 349.4        242.         194.5        145.           0.
   0.           0.           0.        ]
[998.         939.25       826.2        638.         474.16666667
 353.33333333 267.         190.         132.66666667  95.8
  65.66666667  49.33333333  20.90909091]
[993.         937.75       825.75       665.4        471.
 361.13333333 262.8        178.66666667 137.          96.33333333
  78.           0.           0.        ]
[993.         959.66666667 815.8        662.5        518.5
 356.75       246.5        178.66666667 134.33333333 101.75
  68.2         48.33333333   0.        ]
[999.         932.         837.         656.33333333 475.85714286
 346.         238.6        202.25       136.83333333 101.2
  64.66666667  54.           0.        ]
[995.5        926.         825.75       638.8        471.5
 331.5        253.16666667 182.         132.5         92.6
  65.          47.5         26.8       ]
[1004.          925.          850.28571429  613.08333333  502.36363636
  358.2         256.6         184.33333333  130.6          94.28571429
   77.            0.            0.        ]
[1010.          957.2         800.30769231  635.66666667  454.5
  357.          264.5         193.8         152.           98.33333333
   65.4          48.           23.8125    ]
[1016.          962.          822.5         645.          455.6
  325.8         256.66666667  187.33333333  134.           92.
   66.           45.33333333   23.33333333]
temperature:
[ 17.          15.6          7.625        9.2         -7.66666667
 -23.625      -37.66666667 -55.66666667 -66.         -78.75
 -74.8        -68.66666667 -55.66666667]
[ 13.          14.33333333  10.42857143   0.25       -11.16666667
 -22.16666667 -43.33333333 -56.25       -71.         -75.6
 -73.5        -66.66666667 -54.        ]
[ 19.          17.33333333  12.71428571   0.66666667 -10.125
 -23.33333333 -40.75       -54.66666667 -69.         -76.77777778
 -75.66666667   0.           0.        ]
[ 22.          18.75        13.           2.8         -9.25
 -23.1        -37.66666667 -48.5        -59.           0.
   0.           0.           0.        ]
[ 26.          22.          16.           6.85714286  -5.33333333
 -18.5        -33.66666667 -53.         -69.83333333 -78.2
 -77.         -65.         -47.81818182]
[ 29.          25.75        19.75         9.2         -5.27272727
 -15.46666667 -30.8        -54.         -68.         -79.5
 -80.           0.           0.        ]
[ 27.          27.          16.8          6.5         -2.
 -17.5        -37.         -55.66666667 -69.         -75.25
 -68.6        -61.66666667   0.        ]
[ 25.          23.33333333  17.           6.33333333  -5.42857143
 -20.         -40.2        -50.25       -70.16666667 -76.8
 -68.66666667 -67.           0.        ]
[ 29.          26.5         17.75         5.          -6.875
 -26.25       -40.16666667 -55.5        -70.5        -75.4
 -71.         -65.         -56.        ]
[ 23.5         19.          16.14285714   1.25        -5.27272727
 -21.8        -38.8        -57.33333333 -72.         -78.85714286
 -78.           0.           0.        ]
[ 19.          16.2          9.30769231   3.66666667  -8.5
 -21.4        -35.5        -53.2        -66.5        -80.
 -74.6        -65.66666667 -56.1875    ]
[ 18.          14.           8.375        1.875      -13.
 -33.2        -39.33333333 -57.33333333 -68.         -77.2
 -70.75       -64.5        -56.25      ]
dewpoint:
[  8.           9.2          4.375      -19.4        -40.
 -31.875      -51.33333333 -43.           0.           0.
   0.           0.           0.        ]
[ 12.          13.33333333   7.         -17.25       -48.33333333
 -57.         -71.         -38.25         0.           0.
   0.           0.           0.        ]
[ 18.          15.66666667   9.85714286  -3.         -12.375
 -27.66666667 -49.5        -76.66666667   0.           0.
   0.           0.           0.        ]
[ 20.          17.75        12.           0.8        -16.75
 -46.         -69.33333333 -77.         -42.           0.
   0.           0.           0.        ]
[ 25.          21.          15.           4.57142857  -7.66666667
 -26.16666667 -45.33333333 -45.5          0.           0.
   0.           0.           0.        ]
[ 27.          24.5         19.           8.4        -17.27272727
 -31.4        -50.2        -42.33333333   0.           0.
   0.           0.           0.        ]
[ 25.          22.          15.4          5.5         -3.5
 -20.         -40.         -37.33333333   0.           0.
   0.           0.           0.        ]
[ 25.          19.          15.33333333   5.          -6.85714286
 -22.6        -45.         -41.           0.           0.
   0.           0.           0.        ]
[ 17.      9.      7.5   -25.    -40.625 -61.5   -71.5   -39.5     0.
   0.      0.      0.      0.   ]
[ 10.           4.           8.85714286  -3.25       -22.27272727
 -41.6        -49.2        -41.33333333   0.           0.
   0.           0.           0.        ]
[ 12.          10.           1.15384615 -18.         -31.5
 -41.8        -54.         -53.2          0.           0.
   0.           0.           0.        ]
[  9.           7.66666667   4.875      -19.625      -33.2
 -46.8        -53.33333333 -69.33333333   0.           0.
   0.           0.           0.        ]
