25.28 27.11 25.73 25.13 30.99 30.27 29.82 26.29 30.05 25.92 32.78 28.42 26.1 26.81 29.03 28.99 27.31 27.21 26.88 24.06 28.02 27.84 25.08 25.08 26.82 26.5 30.59 28.69 29.23 29.32 25.55 
69.77 83.22 50.06 62.13 71.0 76.61 82.27 70.42 73.84 73.15 74.31 73.0 63.59 75.55 75.94 74.64 87.07 74.5 83.43 78.43 65.95 63.87 62.55 66.83 83.44 81.09 67.62 68.69 
110.33 108.06 129.24 106.54 100.66 118.31 117.78 113.17 111.86 110.68 104.9 110.58 99.9 107.8 96.68 105.34 107.57 114.0 91.26 132.71 101.05 104.05 119.85 100.1 106.18 102.32 106.09 91.55 113.36 109.0 110.87 
96.01 92.91 91.47 109.64 99.21 108.11 101.06 116.86 91.13 95.39 97.39 105.48 109.62 98.72 94.0 121.12 102.58 96.18 101.56 108.98 101.0 90.53 107.71 92.83 99.7 101.87 95.06 99.39 85.37 103.76 
110.34 131.47 127.77 110.14 135.49 138.53 110.28 121.26 124.06 127.36 129.57 113.36 115.14 111.23 123.4 126.31 132.23 122.62 118.58 126.77 116.95 96.34 141.73 110.49 143.78 118.95 124.72 122.02 111.15 110.89 99.52 
290.17 326.05 339.59 386.19 377.85 310.48 348.49 324.63 343.58 375.02 305.11 348.88 303.76 344.07 403.41 363.83 289.26 392.75 416.3 362.75 354.49 360.67 356.46 385.56 354.01 413.96 321.08 372.29 345.71 360.46 
8.92 11.32 10.19 9.12 7.94 10.67 9.89 9.63 9.27 10.11 9.6 10.65 8.19 9.02 8.7 10.02 8.84 9.73 10.77 10.41 9.5 8.08 8.46 9.47 8.16 9.21 9.0 9.3 8.21 9.76 8.98 
199.16 207.3 188.22 214.46 213.31 260.19 195.24 241.63 229.58 196.14 206.01 235.98 196.05 192.03 196.86 211.36 233.11 179.84 168.34 232.63 199.51 194.33 222.44 223.63 215.26 214.74 223.65 178.32 202.1 203.99 164.03 
50.12 56.66 44.57 49.85 47.12 51.78 50.84 48.06 52.98 51.94 52.72 54.33 55.72 39.73 50.61 45.23 49.74 40.34 44.66 51.35 41.88 48.43 50.49 50.23 50.48 43.77 51.0 42.46 58.62 50.47 
324.9 312.26 358.5 279.12 331.4 334.03 372.84 259.14 372.57 348.05 348.93 353.83 358.03 295.6 311.78 302.77 282.01 327.04 301.12 362.72 318.86 304.34 362.36 357.79 366.98 401.8 295.56 290.47 307.38 342.37 348.31 
31.43 31.79 31.85 30.22 33.68 28.36 28.38 34.1 28.85 38.09 36.78 29.81 33.88 35.66 32.3 32.47 29.84 32.71 28.39 37.58 32.49 34.83 26.08 35.82 31.01 30.04 41.23 34.09 34.12 37.83 
88.83 96.49 103.35 98.39 83.16 81.19 85.08 82.77 78.06 91.21 95.77 99.47 81.85 85.02 91.16 100.97 106.38 87.32 84.54 97.02 90.83 91.85 90.34 86.39 94.62 100.4 84.53 81.16 82.92 86.54 103.09 
