34.16 29.8 31.0 36.07 36.77 29.83 35.35 33.38 33.64 33.7 30.72 30.73 27.36 33.42 30.0 34.05 32.88 35.16 30.89 26.64 35.41 31.72 34.13 31.9 29.16 30.93 33.06 31.67 35.89 33.16 29.02 
163.76 163.14 140.88 141.03 160.82 196.0 141.86 166.54 194.4 167.88 195.48 182.18 176.0 196.45 177.42 193.12 192.53 149.04 149.92 154.92 143.28 164.32 153.2 173.89 154.7 207.4 190.01 140.19 
59.24 59.59 69.48 72.41 52.79 60.03 55.35 63.57 53.43 65.5 63.23 66.66 63.32 57.93 67.4 64.79 59.9 61.18 59.12 56.36 65.48 66.36 54.55 61.53 50.48 51.23 66.05 60.41 62.53 65.26 66.42 
87.23 97.4 77.33 94.05 94.88 80.43 101.75 79.29 90.03 79.17 75.94 89.84 75.11 63.87 85.88 89.48 102.47 75.92 87.41 70.72 72.97 82.72 66.55 82.69 84.79 76.75 82.07 99.87 73.97 85.24 
144.36 175.51 159.73 150.85 169.82 173.31 165.32 152.66 154.18 140.25 161.48 143.34 161.16 151.05 158.08 178.92 122.28 172.89 179.89 137.11 159.03 168.61 144.6 158.56 155.49 145.89 164.23 151.8 155.81 172.42 142.53 
176.97 150.7 201.58 159.45 182.1 171.46 149.4 179.08 201.64 169.84 205.72 199.3 163.84 169.16 158.16 177.88 168.11 159.65 158.72 182.47 203.3 192.07 171.5 180.22 155.53 163.49 191.51 210.41 188.55 201.02 
186.87 199.51 199.45 175.58 193.5 189.88 198.41 216.53 199.33 214.42 217.61 197.63 174.24 189.39 180.11 208.74 193.38 220.17 147.71 194.92 214.57 213.99 191.59 223.64 215.56 211.08 198.93 201.83 195.35 170.98 220.74 
208.73 182.24 197.28 190.02 203.66 199.83 164.1 196.29 171.22 180.9 181.11 227.55 184.56 212.9 214.24 219.86 196.06 220.57 178.97 219.55 198.91 188.5 192.33 186.56 171.57 182.06 205.38 214.63 185.99 226.34 222.53 
194.92 169.86 158.97 151.91 175.09 164.28 177.06 167.25 162.19 184.61 148.25 197.82 167.85 168.58 167.96 163.09 181.36 180.47 196.93 138.91 158.38 196.92 175.15 149.03 163.41 140.78 190.68 170.16 201.21 144.18 
38.01 36.81 28.39 35.5 24.97 32.53 24.71 32.91 32.83 33.76 32.92 29.93 33.39 33.72 31.1 32.38 32.01 29.77 33.36 27.38 32.51 33.71 27.36 28.38 35.2 27.89 29.98 34.98 39.3 34.86 34.46 
65.58 62.54 63.32 65.77 62.15 60.47 65.21 65.78 57.1 67.52 69.72 70.85 60.87 63.72 62.46 73.19 60.78 71.24 64.23 70.12 67.27 59.84 66.89 54.77 65.44 64.75 61.38 65.42 68.1 60.09 
5.3 5.24 4.84 4.34 5.17 5.49 5.81 5.2 5.18 5.16 6.3 4.97 5.56 5.93 5.5 5.95 5.62 4.89 5.94 5.59 5.55 6.72 6.73 6.94 5.71 5.51 5.38 6.76 6.63 6.92 5.74 
