59.87 64.67 67.11 65.72 69.78 62.73 62.88 64.38 63.29 81.31 67.05 66.76 76.31 58.32 73.06 73.12 61.63 62.01 71.01 67.86 79.6 64.09 63.47 65.33 71.47 65.31 71.46 72.69 61.91 66.78 69.42 
170.48 142.18 142.91 155.85 150.55 158.76 138.39 161.81 167.46 125.05 133.83 156.19 132.38 157.39 154.51 195.5 169.39 122.29 161.74 152.22 152.03 154.54 140.95 160.0 148.97 144.47 121.7 134.02 
137.86 146.68 171.8 135.04 159.24 165.99 181.47 155.22 157.84 169.75 159.56 163.47 153.04 149.68 173.73 131.24 152.09 154.41 152.63 167.21 168.04 145.9 148.6 167.58 144.56 150.44 167.64 142.05 153.87 150.76 151.55 
218.1 173.13 203.1 221.87 192.72 235.7 191.52 187.17 216.15 213.88 207.37 223.84 225.55 234.71 237.25 233.97 216.21 223.59 199.56 209.51 190.14 207.84 229.26 216.09 222.31 194.77 216.1 179.5 211.07 151.5 
99.92 124.17 116.52 137.08 113.05 114.58 105.04 121.3 117.24 139.48 120.21 103.52 102.97 112.68 116.17 107.17 115.52 104.67 126.22 91.72 127.36 134.31 121.58 106.34 110.91 110.96 136.6 123.7 115.85 105.1 115.68 
317.76 410.37 336.7 410.02 348.46 444.78 398.47 319.44 366.7 374.35 450.62 435.07 341.65 346.05 389.54 444.44 376.7 355.83 400.33 318.51 414.79 359.18 408.89 305.24 361.38 384.63 329.47 365.09 381.84 369.54 
334.38 338.23 326.89 404.83 371.13 298.2 300.13 326.66 307.69 354.88 354.95 286.36 306.49 280.48 311.04 289.02 301.1 301.88 369.66 331.55 289.45 337.65 301.09 307.55 337.16 374.45 345.37 276.39 281.1 374.05 302.76 
289.42 241.33 287.58 244.76 247.87 253.58 268.7 252.87 265.67 238.11 268.9 241.46 280.41 292.03 264.7 244.68 318.82 277.31 262.78 269.57 250.93 227.13 284.58 288.79 237.62 269.75 240.85 254.27 271.1 249.02 289.79 
126.5 127.46 135.97 126.74 115.34 120.8 129.13 118.5 121.1 131.34 128.48 127.69 130.52 110.39 106.87 114.39 119.17 92.97 130.26 111.94 119.08 95.39 132.93 115.29 121.64 147.21 110.3 132.78 101.89 117.93 
58.34 50.09 52.37 45.98 51.53 58.16 49.38 49.35 43.93 42.13 56.57 50.7 62.62 48.91 53.05 52.15 53.33 36.69 54.79 63.3 50.12 42.84 41.49 45.22 45.41 51.83 64.08 63.81 54.54 52.45 56.51 
202.49 197.4 199.93 205.39 252.36 200.15 231.71 176.55 196.85 195.94 217.42 241.69 248.45 224.08 213.8 244.58 179.28 195.85 246.0 227.26 199.58 195.74 213.26 239.11 211.81 202.98 193.25 184.83 203.79 199.53 
112.44 115.73 124.93 101.85 128.27 111.21 128.46 91.4 114.42 108.97 108.66 124.13 85.89 96.33 120.04 101.12 109.4 122.51 104.19 114.24 115.72 107.79 119.11 111.17 103.21 114.2 109.72 104.41 93.89 108.89 99.75 
