131.43 145.77 113.49 148.31 155.47 124.66 135.66 130.89 116.57 137.59 148.96 148.41 157.86 143.1 134.59 148.77 137.75 108.42 121.68 150.47 153.75 132.96 160.68 158.57 145.6 158.96 142.6 120.79 156.2 131.79 147.07 
25.3 22.92 26.13 25.32 24.55 22.35 28.07 27.93 24.52 29.09 22.3 32.73 26.7 27.18 21.76 21.37 26.04 23.87 29.41 21.32 29.36 27.29 22.89 25.0 21.59 29.32 25.91 22.54 25.62 
55.69 62.11 61.24 57.87 57.15 63.19 42.93 73.79 54.43 65.94 61.87 57.5 62.33 68.28 64.05 62.1 60.3 66.09 58.14 56.4 69.11 66.06 56.01 66.76 63.33 64.37 63.29 69.94 64.17 57.98 53.87 
275.73 275.51 241.54 241.85 236.89 220.02 245.68 208.97 257.2 266.6 264.37 303.43 247.45 239.21 262.65 254.71 248.63 235.24 262.25 263.3 263.79 246.3 263.65 231.37 239.23 251.56 301.04 227.55 272.84 232.58 
255.79 251.62 287.4 240.44 238.35 290.01 310.28 261.91 299.28 265.76 262.95 248.79 265.01 268.83 268.51 259.59 278.22 295.07 292.79 314.13 227.33 293.12 284.74 266.16 240.14 239.16 229.4 285.62 224.26 275.54 297.01 
223.16 276.93 294.44 263.45 286.33 267.03 263.99 234.31 213.55 268.44 275.6 293.25 313.68 249.43 247.07 266.52 247.03 286.62 296.73 261.86 296.35 306.34 264.96 243.35 268.09 261.83 306.41 281.44 279.19 278.66 
78.74 69.37 71.07 76.9 75.35 77.59 75.4 85.6 91.44 78.35 85.89 69.93 70.15 82.89 69.28 73.05 80.78 74.71 75.58 77.01 75.5 81.46 78.32 78.09 77.28 75.11 79.32 65.58 70.01 83.95 70.55 
176.99 125.49 160.06 132.19 172.52 144.16 145.37 165.32 147.92 174.49 124.65 191.07 145.55 185.86 167.4 116.56 144.64 147.8 145.81 159.43 141.91 161.89 156.32 134.3 147.67 155.57 155.7 131.79 147.81 163.23 160.91 
213.22 295.52 222.41 217.67 253.2 221.27 265.35 218.27 271.59 243.81 245.52 266.17 248.91 237.39 267.39 230.75 194.02 209.59 233.66 244.7 242.44 295.82 247.91 280.27 278.15 247.63 298.07 247.55 233.3 244.73 
147.73 135.74 158.79 138.64 155.54 124.35 143.89 143.34 151.77 141.97 138.18 144.59 134.06 152.15 146.23 147.91 141.16 155.81 128.11 143.21 119.22 104.72 146.8 148.81 153.14 142.67 146.47 137.94 147.32 161.56 149.65 
93.43 79.92 73.47 110.52 89.46 101.73 105.07 93.4 105.5 75.47 95.75 80.81 91.79 89.01 89.35 84.4 101.28 96.2 99.32 100.78 81.25 112.77 97.3 96.99 88.87 86.7 87.28 97.75 73.79 83.79 
61.51 64.56 68.76 56.45 64.29 60.45 69.55 57.53 60.3 57.34 58.86 55.76 62.56 61.46 68.79 63.74 56.22 57.14 69.3 63.54 53.45 46.82 69.55 53.61 74.25 62.78 55.69 55.86 62.21 66.69 57.74 
