79.2 63.13 74.93 79.73 54.44 71.02 59.34 56.21 67.78 80.17 76.15 69.82 72.29 57.51 75.99 66.17 81.18 68.84 76.78 62.02 76.78 56.76 64.04 76.64 76.98 88.52 72.52 74.78 81.51 77.17 65.69 
27.07 23.36 29.84 29.35 28.96 23.06 32.7 27.36 26.04 28.63 31.22 26.52 31.86 31.7 30.58 29.67 24.27 24.71 33.21 28.53 27.63 27.33 24.13 31.95 30.76 19.62 26.52 28.07 
165.85 202.71 155.2 215.84 188.41 157.22 171.2 194.48 150.37 163.99 211.64 201.18 174.54 158.35 172.36 189.13 182.56 175.61 172.65 191.1 220.47 202.08 159.37 173.07 208.41 206.38 134.82 199.32 224.51 194.83 232.98 
153.5 138.67 139.48 159.88 154.93 142.19 164.69 137.3 148.67 149.62 163.91 120.5 142.28 133.32 143.4 175.13 138.66 132.65 159.16 161.11 127.36 138.52 156.89 180.03 142.42 133.52 146.68 163.25 155.52 164.52 
86.09 84.06 77.38 83.3 82.79 77.7 78.81 98.49 101.62 86.96 94.86 77.08 83.87 92.73 83.45 81.66 83.7 101.21 95.42 91.75 82.96 93.11 79.37 88.02 92.29 93.35 77.86 88.26 88.19 91.77 96.44 
298.64 309.86 326.63 315.11 325.66 294.35 305.2 273.53 263.66 267.36 342.87 418.24 327.89 317.53 328.96 299.54 321.95 283.64 384.44 299.66 279.07 303.41 267.09 285.91 256.81 279.7 267.93 315.84 313.04 290.41 
86.18 97.12 89.27 85.12 99.77 102.23 69.96 78.49 104.11 88.22 84.18 88.43 74.38 73.47 64.99 79.39 84.09 88.25 83.66 89.1 96.54 76.63 69.01 102.24 88.29 93.94 82.26 91.54 77.39 102.67 72.87 
97.4 94.08 101.11 90.84 94.12 83.63 75.14 95.42 90.83 90.3 84.0 78.47 75.45 83.97 88.01 90.3 95.13 82.95 89.46 87.43 86.25 85.7 93.47 86.41 89.58 81.23 64.36 87.24 79.65 86.55 85.47 
176.41 181.27 160.94 141.65 149.42 168.54 163.73 169.55 168.01 184.64 164.26 188.67 180.13 151.47 172.98 132.67 148.0 161.79 181.01 200.24 158.8 173.79 165.44 188.99 158.7 173.89 188.59 180.87 173.09 159.45 
88.93 99.48 93.75 84.78 88.77 90.61 85.61 85.22 92.93 88.19 94.99 102.91 101.27 78.92 77.96 91.42 80.38 80.05 70.87 89.88 91.66 96.97 93.49 82.21 92.53 81.84 76.35 77.31 89.35 99.51 89.27 
130.81 134.97 155.1 156.49 148.22 120.88 166.35 135.71 131.15 140.89 165.27 126.41 130.21 122.7 141.49 132.58 132.02 155.7 125.94 130.1 107.83 134.65 132.72 137.18 158.32 134.0 130.2 106.72 150.0 120.84 
46.15 41.18 47.61 50.47 39.83 47.59 43.09 48.25 42.82 52.12 42.54 44.35 47.41 45.13 43.56 43.03 45.84 42.13 53.55 42.18 42.25 49.81 49.17 43.41 45.07 43.71 53.84 47.68 51.49 54.25 46.61 
