119.59 153.04 128.7 159.88 135.64 123.36 140.47 146.24 145.0 137.56 136.59 153.5 153.39 139.21 138.95 144.72 156.32 117.65 142.65 133.3 120.51 177.23 127.79 154.51 116.37 142.24 130.68 143.74 133.75 117.81 140.07 
61.53 64.87 59.03 63.73 57.11 57.21 47.88 55.11 55.93 54.91 48.65 62.84 55.04 65.18 57.37 64.65 52.84 58.17 53.48 72.25 57.77 57.33 63.68 52.82 57.79 52.12 59.96 57.83 
69.97 58.58 70.21 74.79 57.09 65.32 76.1 55.85 65.1 57.92 65.03 70.05 69.86 56.19 59.77 70.09 68.46 63.78 67.14 72.49 66.42 71.9 64.17 57.5 68.63 66.7 57.36 67.3 61.95 67.07 74.08 
101.43 123.62 101.28 112.59 105.08 107.11 97.55 90.74 116.61 113.28 103.09 124.16 91.71 100.87 123.4 125.47 99.93 112.59 111.8 99.45 114.23 115.38 86.53 113.74 96.51 114.51 111.84 103.86 102.77 118.15 
133.05 184.43 187.64 127.97 179.77 164.43 147.77 167.65 146.38 167.28 173.8 143.99 185.07 180.42 169.64 169.98 190.18 133.39 155.86 187.98 147.21 180.78 152.79 159.82 163.42 169.31 178.86 168.93 168.91 172.73 173.44 
237.43 236.43 263.55 236.71 291.71 252.71 307.32 277.32 301.26 260.61 282.9 249.87 295.77 217.72 291.08 267.38 304.23 258.63 306.99 339.83 250.21 315.8 269.18 267.68 305.99 283.47 263.95 283.3 313.53 303.99 
164.54 196.53 169.24 171.05 178.45 156.95 174.49 159.4 173.55 184.06 156.53 150.66 161.68 152.83 163.43 157.66 134.5 155.44 154.63 162.7 127.57 184.55 168.42 150.21 139.62 173.57 164.86 175.12 151.21 183.73 157.62 
326.37 307.09 289.83 284.46 280.78 350.09 311.58 308.79 313.16 301.99 315.97 343.23 298.62 263.92 298.87 332.29 256.96 319.48 272.31 332.77 274.27 287.4 299.97 351.74 307.51 321.33 359.51 279.88 341.98 271.99 323.87 
239.1 236.62 267.96 236.17 253.21 225.83 215.47 228.43 227.96 280.94 227.75 219.82 247.09 205.52 258.32 212.56 183.42 201.41 221.66 210.76 229.49 243.43 244.13 214.16 205.95 216.05 228.88 234.03 224.27 223.93 
23.99 23.49 20.7 26.41 25.15 25.59 21.85 25.11 23.36 26.27 25.08 22.15 29.28 27.1 24.01 24.99 20.92 26.99 26.03 22.3 27.32 17.77 26.27 21.13 25.86 18.94 21.6 27.78 24.3 22.93 23.37 
127.33 128.99 142.42 129.37 147.92 136.48 120.55 107.41 118.06 137.61 127.84 142.49 115.11 136.11 145.83 148.66 131.91 118.97 140.74 123.29 126.56 132.36 135.04 119.74 123.97 125.53 118.62 134.3 152.57 127.52 
169.48 157.03 136.52 170.71 162.53 146.04 168.08 171.34 155.3 163.15 155.04 162.33 185.88 169.69 147.43 157.93 159.85 175.6 145.67 154.5 153.88 166.72 177.05 163.57 171.88 180.84 165.27 159.43 211.51 155.57 176.76 
