101.76 95.05 94.42 100.19 87.65 112.43 98.89 95.3 100.7 98.02 106.18 93.52 98.85 114.32 109.94 83.32 91.37 95.59 92.55 93.99 97.26 99.13 102.76 109.68 89.36 93.21 100.29 99.39 97.25 103.86 79.78 
218.94 210.03 239.64 212.24 201.93 222.23 240.22 243.0 244.06 249.44 248.74 283.08 249.17 239.21 234.79 214.91 221.53 228.4 249.1 237.98 207.69 223.04 260.0 223.89 248.04 252.38 245.98 266.91 
123.41 124.58 124.59 115.54 101.61 92.83 107.78 133.05 94.63 120.25 111.52 114.13 122.76 98.47 126.28 107.55 110.22 108.8 98.16 99.32 113.97 115.03 117.78 98.1 96.74 99.61 114.4 110.28 121.88 123.63 119.97 
65.93 71.96 79.63 88.01 74.75 81.48 80.5 84.27 80.19 73.06 94.7 84.81 73.96 70.45 76.93 68.77 75.49 88.04 85.91 81.2 87.66 77.99 87.2 74.66 81.81 83.27 72.37 79.76 78.7 74.87 
114.06 106.21 124.68 123.77 136.1 122.64 130.29 102.02 124.63 119.97 122.64 114.16 123.91 111.12 116.82 126.74 113.75 116.77 121.86 131.74 122.25 119.57 102.36 114.07 125.82 132.87 142.39 106.76 114.99 106.31 99.31 
192.34 235.39 236.12 209.46 179.43 227.13 177.61 245.99 193.54 225.9 202.85 205.26 217.54 191.55 191.6 202.21 220.05 166.96 204.79 231.77 229.24 223.87 243.58 193.88 216.76 202.72 214.09 170.41 211.53 231.1 
225.51 189.84 190.24 226.75 278.75 232.05 186.42 201.96 199.63 213.22 215.56 190.42 205.63 190.96 220.53 157.45 192.2 228.71 231.64 211.37 243.56 204.73 240.56 246.77 233.5 211.59 205.86 192.64 181.8 206.75 222.61 
313.9 388.71 335.18 311.49 398.56 360.38 330.2 356.74 411.76 295.02 321.6 355.61 404.79 377.44 399.43 347.71 339.93 366.94 358.4 396.75 412.04 369.23 314.86 397.14 367.97 389.35 326.48 357.48 388.92 339.81 421.08 
80.81 97.9 99.18 99.45 104.71 87.78 97.94 98.21 101.44 99.83 117.23 94.57 106.87 95.96 94.72 85.47 99.75 93.18 90.64 95.63 107.0 99.29 93.98 104.85 89.06 100.57 108.98 101.67 91.48 99.18 
27.27 28.73 26.63 24.39 22.58 23.74 25.63 26.09 26.51 25.84 26.06 28.8 26.64 21.15 28.96 25.18 23.94 24.06 23.73 25.82 18.57 27.16 23.33 22.85 26.68 26.33 26.21 28.46 23.28 28.63 23.33 
24.78 34.62 26.27 32.77 35.93 31.57 28.14 26.66 27.22 34.57 32.84 31.96 28.95 27.07 30.59 28.79 30.66 34.5 31.88 29.56 32.74 26.24 28.21 33.11 27.74 33.17 26.21 25.32 30.98 31.1 
89.03 81.71 87.01 87.52 105.15 79.84 72.22 90.87 73.36 100.79 84.26 103.15 104.55 84.39 104.92 92.97 99.46 89.65 94.05 87.7 83.36 79.31 93.56 95.46 91.53 96.66 89.34 74.33 85.7 83.12 86.9 
