265.11 207.16 202.1 246.25 230.89 233.83 166.33 248.6 256.39 206.09 207.48 213.67 237.82 213.31 230.65 240.44 254.06 230.46 225.2 273.7 243.75 209.12 206.17 226.84 236.58 187.81 245.62 225.22 181.55 182.93 231.88 
75.71 104.36 93.12 90.66 95.55 81.68 100.99 80.16 93.56 78.07 99.69 79.01 82.02 86.78 87.25 79.66 80.63 84.15 92.49 82.75 80.0 92.76 90.62 82.68 108.35 88.96 70.2 81.86 80.33 
130.25 155.16 146.37 128.32 118.39 158.15 144.21 114.94 142.92 166.35 179.6 156.13 136.41 176.75 140.01 147.03 130.19 170.61 141.31 143.3 142.12 142.92 168.74 140.52 148.77 119.5 144.41 137.59 162.14 161.62 152.04 
44.17 43.27 42.17 39.01 38.61 49.79 46.91 47.4 39.79 45.08 41.43 34.49 49.68 43.44 46.47 40.49 46.25 41.23 43.27 39.51 42.47 34.81 46.23 49.23 41.21 38.17 43.36 46.03 43.74 34.24 
150.34 130.03 165.69 154.49 160.2 139.75 142.95 169.86 162.89 155.45 203.08 154.73 162.9 153.65 137.74 138.26 146.09 165.33 157.88 148.06 166.58 162.31 124.65 153.75 135.97 162.13 148.28 145.44 141.88 139.54 165.0 
373.99 407.1 390.16 435.71 360.36 461.01 387.4 389.94 463.5 380.37 379.55 441.22 429.26 399.48 393.24 347.42 328.32 393.51 305.87 421.84 350.13 371.46 465.16 327.16 382.08 349.56 380.39 402.69 360.7 392.82 
270.54 263.7 244.93 227.12 193.78 204.22 224.21 211.81 247.26 262.55 199.93 219.87 217.74 242.5 279.3 243.31 230.27 234.72 285.67 226.39 224.1 231.28 216.61 260.6 227.7 228.2 230.91 227.82 209.63 252.48 225.26 
65.77 64.65 67.67 65.41 74.49 71.3 62.43 62.55 55.4 62.66 69.23 64.09 60.77 63.77 61.39 76.24 57.24 62.37 68.02 55.73 58.78 61.0 67.59 72.6 67.15 68.24 68.19 72.52 70.04 62.42 70.2 
242.26 247.82 206.2 204.74 237.33 228.28 234.08 224.59 215.63 209.74 202.22 224.15 145.08 257.12 236.64 234.36 190.7 236.49 255.91 195.52 173.07 197.77 214.04 225.8 218.27 238.04 220.91 247.91 225.39 239.38 
39.18 45.2 46.23 35.78 39.11 41.67 37.78 33.63 44.03 37.96 29.48 42.37 40.16 43.48 44.46 45.2 42.58 43.26 43.23 36.23 38.37 34.91 44.17 45.54 35.15 38.24 46.7 37.24 43.29 27.47 42.53 
34.17 29.91 38.06 33.28 37.64 32.15 38.36 29.37 34.16 34.59 33.81 30.69 27.52 35.12 30.96 32.53 33.91 32.1 30.56 31.05 31.59 35.21 39.07 35.3 33.05 26.64 31.62 28.4 38.77 31.04 
23.55 24.26 26.84 22.93 21.5 18.48 18.76 23.31 18.01 18.09 22.2 24.48 22.41 20.94 22.54 19.87 19.84 21.85 24.17 22.0 23.64 25.11 19.96 22.25 23.5 21.77 20.78 20.68 17.75 22.56 19.36 
