18.84 16.9 16.11 16.17 15.48 16.03 15.38 18.05 14.81 14.4 13.53 13.8 18.92 14.19 14.99 16.27 15.56 13.08 16.56 15.75 20.4 17.74 14.0 15.28 16.4 17.54 17.33 17.74 14.99 15.19 18.56 
65.09 68.13 65.86 63.98 69.21 59.03 69.58 64.49 69.76 62.22 71.42 65.75 65.87 62.92 81.31 76.52 73.63 79.32 61.27 62.55 70.49 69.91 78.16 65.43 74.04 76.57 63.94 71.71 
193.03 168.99 195.59 173.58 190.81 182.24 190.09 204.33 185.53 198.45 178.81 199.11 200.89 188.2 183.45 195.7 218.1 201.55 193.97 215.85 188.3 207.6 168.6 167.27 145.68 160.3 155.51 165.11 181.05 164.26 195.7 
60.54 59.84 55.64 52.74 61.96 64.49 53.12 55.79 54.9 60.39 47.5 59.02 54.91 52.26 66.82 53.51 54.92 67.73 44.96 66.95 56.68 52.61 59.61 54.26 55.38 55.66 58.73 65.77 57.83 50.41 
171.37 193.05 204.31 206.44 196.52 207.8 177.49 202.0 169.79 190.09 180.73 201.99 219.87 173.07 217.09 202.92 217.49 179.87 209.77 187.67 211.95 182.67 190.11 161.21 172.95 158.62 156.87 162.14 152.17 181.83 192.27 
241.87 228.52 257.79 265.31 248.84 224.86 262.31 257.22 291.77 272.2 308.69 268.79 272.1 285.91 223.45 252.78 294.48 259.01 240.74 227.68 246.75 228.8 257.34 259.22 275.09 279.17 260.37 231.32 254.09 272.68 
412.7 454.93 488.35 480.26 504.54 456.21 497.11 472.57 457.58 525.2 444.74 505.87 445.98 493.03 409.52 507.05 472.55 474.94 385.12 496.61 464.58 461.81 486.21 445.35 383.29 358.8 472.77 378.56 425.84 442.05 546.67 
432.73 335.79 312.52 365.41 412.0 341.39 396.23 345.48 415.14 362.78 409.24 392.17 314.55 362.31 295.3 416.85 403.78 339.14 398.43 376.69 365.88 397.69 297.45 314.15 384.53 350.96 340.82 410.62 398.67 340.38 337.91 
174.2 136.65 144.54 157.53 148.34 163.22 142.91 155.45 157.84 147.67 162.71 155.19 166.4 163.37 172.31 163.52 138.85 146.24 158.96 144.42 178.6 135.64 148.71 164.04 172.55 143.2 168.99 151.41 139.61 172.99 
126.27 110.54 113.14 128.77 102.57 121.91 119.71 94.23 80.85 100.93 115.44 109.05 126.87 122.99 101.01 123.53 107.27 79.63 113.98 118.12 134.12 121.13 105.16 126.84 148.96 121.87 127.23 119.78 117.14 112.45 106.49 
52.64 45.39 58.61 48.92 50.77 69.35 55.67 61.35 59.25 54.58 45.77 45.9 60.58 46.6 57.82 48.95 45.63 54.73 55.25 50.26 45.1 48.62 58.4 48.11 52.0 53.36 56.43 56.96 53.21 48.54 
10.34 10.21 9.45 9.48 8.17 10.86 10.87 10.26 8.05 10.58 10.65 8.26 11.05 9.86 11.69 10.43 7.68 6.86 9.93 10.35 9.39 9.75 9.64 9.57 11.08 9.26 8.32 10.99 8.83 10.37 8.69 
