142.88 160.74 145.97 145.43 137.23 130.6 155.49 158.26 123.02 119.69 130.4 120.68 121.08 146.15 142.99 157.81 135.9 138.2 156.78 139.72 136.95 123.97 150.87 141.01 139.5 139.43 126.78 162.66 153.34 156.95 153.25 
137.79 117.04 141.92 119.79 118.84 152.07 154.65 151.97 158.09 144.73 161.18 161.25 167.92 188.23 130.54 156.54 143.93 134.09 141.91 156.84 156.64 150.04 152.14 155.92 127.15 161.06 123.46 159.03 
216.04 258.24 228.65 233.25 264.74 191.96 213.56 257.99 223.8 224.89 226.99 242.22 248.79 227.11 239.91 212.4 243.58 226.65 241.58 221.28 226.81 231.19 222.85 231.81 226.74 233.25 229.6 262.69 223.85 248.5 221.22 
105.04 148.5 119.19 103.06 111.53 116.26 111.78 126.98 121.04 139.52 110.67 125.33 104.44 105.87 118.93 114.66 129.29 132.07 126.08 132.85 130.97 136.34 124.47 105.76 126.82 92.7 122.31 151.6 134.67 134.13 
113.01 101.26 124.21 91.84 115.92 99.43 112.4 119.8 107.23 124.27 119.06 121.27 103.14 109.42 122.01 112.5 92.48 98.69 106.99 92.45 109.15 124.46 107.83 88.06 131.16 117.66 110.5 129.21 100.57 135.39 107.13 
217.41 211.55 202.38 167.51 175.03 187.79 194.78 201.81 201.16 192.3 183.39 196.78 142.41 167.72 217.0 150.16 173.41 235.04 193.77 194.53 162.46 194.35 191.21 223.43 167.4 213.37 201.99 160.71 201.74 214.19 
105.56 93.88 107.75 110.33 121.46 99.18 129.2 109.47 120.18 107.08 134.76 110.14 112.14 92.26 119.41 126.06 119.67 109.07 135.19 107.4 107.62 103.48 117.03 93.5 126.88 122.29 129.56 99.24 120.66 101.04 107.18 
145.88 134.38 154.88 151.01 132.65 148.93 161.87 153.47 103.06 153.24 159.11 156.29 180.67 158.45 120.01 167.21 170.29 135.6 110.93 145.41 159.01 145.57 178.86 146.88 145.44 136.78 169.75 146.23 145.12 138.97 166.55 
113.41 119.41 99.22 110.29 106.92 122.1 110.02 108.79 111.36 85.35 117.92 118.6 109.62 121.67 109.96 101.12 119.56 104.64 97.13 110.8 105.93 100.19 110.08 99.6 111.67 92.01 102.82 113.75 114.12 85.77 
29.05 26.92 35.47 31.72 39.19 40.53 37.2 26.76 32.71 37.8 36.79 32.45 37.59 34.16 37.74 31.1 38.16 39.22 34.12 33.26 31.25 35.65 33.36 37.37 35.37 35.35 31.48 31.59 36.29 36.0 36.15 
73.24 78.32 90.76 77.19 80.95 91.15 85.79 96.2 77.89 73.91 80.86 79.79 93.4 75.77 95.87 73.09 81.76 84.19 60.56 85.43 82.84 101.42 103.7 71.85 68.88 90.33 107.74 93.31 80.53 90.65 
59.58 63.49 61.61 54.48 61.26 58.84 51.86 59.44 59.89 52.7 60.19 55.62 58.07 63.48 55.8 67.81 46.76 63.78 58.3 57.53 60.79 52.53 52.35 54.06 55.14 55.35 58.86 60.91 53.46 55.8 48.5 
