pressure:
[0. 0. 0. 0. 0. 0. 0. 0. 0. 0. 0. 0. 0.]
[0. 0. 0. 0. 0. 0. 0. 0. 0. 0. 0. 0. 0.]
[0. 0. 0. 0. 0. 0. 0. 0. 0. 0. 0. 0. 0.]
[0. 0. 0. 0. 0. 0. 0. 0. 0. 0. 0. 0. 0.]
[991.         932.66666667 827.41666667 632.42857143 478.5
 329.         239.33333333 189.         129.8         97.66666667
  66.16666667  50.33333333  19.09090909]
[0. 0. 0. 0. 0. 0. 0. 0. 0. 0. 0. 0. 0.]
[985. 925. 850. 700. 500. 350. 250. 200. 150. 100.   0.   0.   0.]
[997.5        957.5        811.33333333 652.         438.33333333
 298.         245.5        171.         139.          97.6
  69.75        50.5         24.72727273]
[1004.          960.66666667  797.77777778  653.77777778  483.
  361.5         250.5         195.33333333  129.          101.33333333
   67.           50.25         26.75      ]
[1013.          962.71428571  821.6         636.25        465.
  329.88888889  249.5         174.          133.           93.
   65.           48.           17.33333333]
[1011.          955.4         873.75        653.25        446.66666667
  308.33333333  226.25        162.          117.66666667   87.5
   65.           44.5          21.625     ]
[0. 0. 0. 0. 0. 0. 0. 0. 0. 0. 0. 0. 0.]
temperature:
[0. 0. 0. 0. 0. 0. 0. 0. 0. 0. 0. 0. 0.]
[0. 0. 0. 0. 0. 0. 0. 0. 0. 0. 0. 0. 0.]
[0. 0. 0. 0. 0. 0. 0. 0. 0. 0. 0. 0. 0.]
[0. 0. 0. 0. 0. 0. 0. 0. 0. 0. 0. 0. 0.]
[ 21.          18.16666667  15.66666667   2.14285714 -10.
 -24.8        -42.         -53.33333333 -62.4        -69.66666667
 -67.33333333 -60.         -47.54545455]
[0. 0. 0. 0. 0. 0. 0. 0. 0. 0. 0. 0. 0.]
[ 30.  28.  23.  13.  -4. -20. -35. -47. -61. -73.   0.   0.   0.]
[ 21.5         21.5         10.16666667   0.25       -19.33333333
 -38.5        -44.         -53.25       -58.         -62.4
 -61.25       -57.83333333 -50.        ]
[ 20.          21.16666667  10.11111111   3.11111111 -11.16666667
 -24.9        -43.         -57.         -65.6        -66.
 -61.75       -58.5        -51.16666667]
[ 10.           9.14285714   1.8         -6.25       -20.375
 -38.44444444 -47.         -56.         -63.         -65.6
 -63.16666667 -60.66666667 -48.5       ]
[  3.           2.4         -0.5        -12.75       -33.5
 -49.66666667 -54.         -52.5        -57.         -57.5
 -56.66666667 -56.         -47.0625    ]
[0. 0. 0. 0. 0. 0. 0. 0. 0. 0. 0. 0. 0.]
dewpoint:
[0. 0. 0. 0. 0. 0. 0. 0. 0. 0. 0. 0. 0.]
[0. 0. 0. 0. 0. 0. 0. 0. 0. 0. 0. 0. 0.]
[0. 0. 0. 0. 0. 0. 0. 0. 0. 0. 0. 0. 0.]
[0. 0. 0. 0. 0. 0. 0. 0. 0. 0. 0. 0. 0.]
[ 14.           9.5         -8.83333333 -24.14285714 -12.25
 -28.8        -44.66666667 -59.66666667 -13.8          0.
   0.           0.           0.        ]
[0. 0. 0. 0. 0. 0. 0. 0. 0. 0. 0. 0. 0.]
[ 23.  17.   7. -15. -33. -47. -63. -71.   0.   0.   0.   0.   0.]
[  9.           5.5         -5.16666667 -25.         -46.
 -61.         -65.25       -72.75       -38.           0.
   0.           0.           0.        ]
[ 13.          10.          -5.33333333 -39.77777778 -51.5
 -36.2        -47.         -39.           0.           0.
   0.           0.           0.        ]
[  8.           4.           0.2         -8.25       -30.875
 -54.44444444 -66.         -35.5          0.           0.
   0.           0.           0.        ]
[ -3.          -3.6        -16.5        -42.75       -56.
 -70.         -73.         -71.5        -76.         -76.5
 -75.66666667 -75.         -67.9375    ]
[0. 0. 0. 0. 0. 0. 0. 0. 0. 0. 0. 0. 0.]
