pressure:
[1000.          943.85714286  784.55555556  685.          439.2
  322.25        232.8         159.          115.5          88.
   63.5          48.           25.53333333]
[1008.          944.5         841.42857143  647.8         459.25
  301.          224.4         154.          109.           88.5
   64.8          47.           17.71428571]
[0. 0. 0. 0. 0. 0. 0. 0. 0. 0. 0. 0. 0.]
[0. 0. 0. 0. 0. 0. 0. 0. 0. 0. 0. 0. 0.]
[992.         938.5        820.5        626.4        473.42857143
 338.25       239.         190.25       129.4         96.
  69.          53.25        28.77777778]
[992.         942.8        775.33333333 630.66666667 493.88888889
 339.6        237.         201.5        139.66666667 103.66666667
  69.          47.5         20.61538462]
[991.         944.         802.25       605.1        466.8
 353.8        254.5        191.4        141.66666667 102.5
  73.6         50.5         17.72727273]
[0. 0. 0. 0. 0. 0. 0. 0. 0. 0. 0. 0. 0.]
[0. 0. 0. 0. 0. 0. 0. 0. 0. 0. 0. 0. 0.]
[1004.          963.25        813.5         623.11111111  486.875
  318.66666667  225.          150.          131.5          94.66666667
   64.33333333   50.           22.70588235]
[1009.          955.          789.2         605.          446.4
  302.33333333  225.          165.33333333  115.33333333   91.5
   64.6          44.14285714   25.        ]
[1019.          973.66666667  767.75        615.          441.5
  290.          225.25        156.          115.           94.25
   68.66666667   47.           24.75      ]
temperature:
[  7.           8.42857143   3.88888889   2.5        -25.2
 -43.5        -56.2        -56.         -60.5        -60.5
 -60.5        -58.5        -53.4       ]
[  5.           1.25        -2.42857143  -9.2        -22.25
 -46.         -57.2        -55.33333333 -60.         -63.5
 -61.4        -56.5        -51.85714286]
[0. 0. 0. 0. 0. 0. 0. 0. 0. 0. 0. 0. 0.]
[0. 0. 0. 0. 0. 0. 0. 0. 0. 0. 0. 0. 0.]
[ 28.          26.5         18.33333333  -0.8         -9.
 -23.75       -43.         -53.5        -65.2        -69.4
 -68.5        -61.         -55.22222222]
[ 27.          26.2         12.16666667   2.          -7.44444444
 -26.4        -43.         -51.         -60.33333333 -66.
 -64.         -59.5        -46.92307692]
[ 27.          24.66666667  15.25         3.6         -6.
 -18.6        -35.75       -49.8        -60.66666667 -68.83333333
 -70.6        -61.5        -46.81818182]
[0. 0. 0. 0. 0. 0. 0. 0. 0. 0. 0. 0. 0.]
[0. 0. 0. 0. 0. 0. 0. 0. 0. 0. 0. 0. 0.]
[ 15.          13.           5.          -5.11111111 -16.25
 -40.33333333 -53.         -57.         -57.75       -64.33333333
 -63.66666667 -59.66666667 -53.41176471]
[  5.           1.5        -10.1        -14.66666667 -27.6
 -47.         -48.5        -52.         -59.33333333 -62.
 -59.4        -57.14285714 -53.09090909]
[ -1.          -3.33333333 -16.25       -20.         -33.
 -48.33333333 -47.25       -48.         -56.         -58.
 -61.66666667 -62.8        -54.6875    ]
dewpoint:
[  4.           5.85714286 -13.33333333 -40.5        -42.4
 -55.25       -65.4        -68.           0.           0.
   0.           0.           0.        ]
[ -6.         -11.5         -9.71428571 -10.8        -24.625
 -51.         -64.         -66.33333333 -35.5          0.
   0.           0.           0.        ]
[0. 0. 0. 0. 0. 0. 0. 0. 0. 0. 0. 0. 0.]
[0. 0. 0. 0. 0. 0. 0. 0. 0. 0. 0. 0. 0.]
[ 16.           9.          -1.5        -12.4        -10.57142857
 -26.         -49.25       -31.25         0.           0.
   0.           0.           0.        ]
[ 16.           9.2          7.66666667  -5.5        -22.33333333
 -47.4        -57.         -66.         -48.33333333   0.
   0.           0.           0.        ]
[ 21.    21.    14.25  -1.9  -25.4  -42.4  -56.25 -67.6  -25.     0.
   0.     0.     0.  ]
[0. 0. 0. 0. 0. 0. 0. 0. 0. 0. 0. 0. 0.]
[0. 0. 0. 0. 0. 0. 0. 0. 0. 0. 0. 0. 0.]
[ 12.          11.           3.25        -9.44444444 -33.5
 -53.33333333 -63.83333333 -69.         -52.           0.
   0.           0.           0.        ]
[  0.          -7.         -23.5        -40.66666667 -51.
 -66.33333333 -67.5        -70.66666667   0.           0.
   0.           0.           0.        ]
[-18.         -21.         -32.75       -36.66666667 -44.
 -59.33333333 -58.25       -59.5        -67.         -51.5
   0.           0.           0.        ]
