pressure:
[1022.          974.75        810.57142857  641.85714286  488.90909091
  314.          235.6         176.          122.25         91.
   66.66666667   49.           21.66666667]
[1010.          965.5         788.09090909  649.63636364  465.5
  300.          220.66666667  153.33333333  108.5          91.33333333
   66.8          44.           20.        ]
[1000.          917.83333333  811.          625.625       466.
  329.          239.33333333  177.          134.66666667    0.
    0.            0.            0.        ]
[996.         951.66666667 785.375      632.75       486.33333333
 319.33333333 239.42857143 181.5        138.         100.
  70.5         48.          23.07692308]
[988.         920.66666667 821.6        630.33333333 472.
 325.2        247.5        196.         144.          94.25
  65.5         49.66666667  20.47058824]
[987.         945.5        823.66666667 631.66666667 452.66666667
 334.375      247.         186.         134.66666667 102.
  65.75        50.85714286  23.11111111]
[992.         943.33333333 822.         624.9        494.4375
 339.42857143 258.16666667 199.         133.          97.5
  69.          48.          21.77777778]
[996.         945.66666667 831.2        610.5        463.44444444
 333.1        247.66666667 189.6        143.5        102.8
  68.          50.          25.54545455]
[999.         949.66666667 816.125      633.         475.4
 347.33333333 255.8        191.33333333 132.          92.5
  63.5         47.          22.85714286]
[1016.          969.6         802.14285714  636.875       469.42857143
  324.5         231.5         170.2         114.           89.5
   63.           48.           24.72727273]
[1008.          953.6         812.875       666.5         484.25
  302.75        222.          164.33333333  113.33333333   89.5
   63.25         48.           22.64705882]
[1017.          958.83333333  842.          633.66666667  445.4
  325.75        215.75        150.          123.66666667   92.
   67.5          47.14285714   23.90909091]
temperature:
[ -2.          -2.25        -8.28571429 -13.14285714 -24.54545455
 -47.25       -51.         -52.33333333 -57.5        -62.66666667
 -66.66666667 -62.33333333 -48.41666667]
[  5.           1.75        -8.54545455 -14.27272727 -22.
 -46.         -54.83333333 -51.66666667 -61.5        -62.
 -62.         -59.75       -49.7       ]
[  9.           6.66666667   8.6         -2.125      -15.25
 -34.66666667 -53.33333333 -65.         -62.33333333   0.
   0.           0.           0.        ]
[ 25.          22.66666667  10.25         2.125      -11.5
 -38.         -51.71428571 -58.25       -58.66666667 -65.5
 -67.5        -67.         -51.61538462]
[ 29.          23.          17.2          2.         -12.6
 -31.4        -46.5        -55.66666667 -57.66666667 -63.25
 -67.         -59.         -48.        ]
[ 23.          20.5         12.           4.33333333  -8.88888889
 -20.5        -35.25       -49.         -62.33333333 -68.
 -67.75       -58.71428571 -47.22222222]
[ 29.          25.          16.66666667   4.3         -3.125
 -23.85714286 -38.         -49.33333333 -63.5        -68.
 -63.33333333 -61.         -47.88888889]
[ 20.          19.33333333  12.6         -3.16666667 -16.
 -32.6        -47.33333333 -50.6        -52.75       -58.
 -59.88888889 -57.75       -50.09090909]
[ 22.          19.33333333  11.625        3.8         -8.2
 -22.66666667 -38.6        -51.33333333 -67.25       -75.83333333
 -64.5        -60.2        -53.28571429]
[ 11.           9.6         -0.42857143  -9.75       -20.14285714
 -41.         -54.75       -56.2        -61.75       -62.
 -59.6        -57.33333333 -51.45454545]
[  4.           2.4         -0.375       -5.         -22.
 -47.25       -58.66666667 -61.         -61.33333333 -64.
 -61.75       -58.5        -46.29411765]
[  5.           3.66666667   0.         -10.         -29.8
 -46.75       -58.75       -57.         -57.66666667 -61.
 -59.5        -55.28571429 -46.09090909]
dewpoint:
[-16.         -21.75       -33.85714286 -37.         -32.81818182
 -59.75       -64.         -65.33333333 -17.           0.
   0.           0.           0.        ]
[ -5.          -6.75       -17.54545455 -34.09090909 -24.
 -50.         -62.5        -43.           0.           0.
   0.           0.           0.        ]
[  7.           5.66666667   7.6         -9.25       -20.25
 -40.33333333 -37.66666667   0.           0.           0.
   0.           0.           0.        ]
[ 14.           6.33333333 -10.75       -40.75       -51.66666667
 -70.         -79.57142857 -84.25       -56.           0.
   0.           0.           0.        ]
[ 14.          11.33333333  -2.2        -34.16666667 -48.4
 -39.4        -49.5        -58.66666667 -62.66666667   0.
   0.           0.           0.        ]
[ 13.          13.           9.16666667   0.         -20.22222222
 -28.625      -42.5        -58.         -22.33333333   0.
   0.           0.           0.        ]
[ 23.          21.          15.          -2.6        -20.3125
 -33.         -45.         -64.66666667   0.           0.
   0.           0.           0.        ]
[ 19.          14.66666667   8.4         -6.16666667 -31.44444444
 -42.5        -64.5        -70.4        -74.75       -80.
   0.           0.           0.        ]
[ 11.          11.33333333  10.5          0.8        -19.2
 -40.33333333 -49.2        -64.66666667   0.           0.
   0.           0.           0.        ]
[  0.          -7.8        -15.42857143 -12.375      -22.14285714
 -45.         -63.25       -65.8          0.           0.
   0.           0.           0.        ]
[  2.           1.         -15.         -46.25       -50.75
 -66.5        -24.66666667   0.           0.           0.
   0.           0.           0.        ]
[ -9.         -13.16666667 -21.2        -35.66666667 -49.4
 -63.75       -17.75         0.           0.           0.
   0.           0.           0.        ]
