pressure:
[1022.          948.          801.42857143  621.          451.66666667
  289.          229.33333333  168.          114.5         100.
   64.75         46.33333333   22.57142857]
[0. 0. 0. 0. 0. 0. 0. 0. 0. 0. 0. 0. 0.]
[993.         919.25       808.2        630.75       480.75
 339.66666667 223.375      155.33333333 118.          90.75
  66.          47.          22.5       ]
[989.         914.5        786.66666667 602.25       460.6
 339.33333333 226.2        172.5        118.33333333  92.75
  67.          47.2         20.5       ]
[0. 0. 0. 0. 0. 0. 0. 0. 0. 0. 0. 0. 0.]
[0. 0. 0. 0. 0. 0. 0. 0. 0. 0. 0. 0. 0.]
[993.         937.75       859.2        633.2        483.
 362.5        261.         187.5        136.         100.
  73.66666667  49.66666667  14.75      ]
[0. 0. 0. 0. 0. 0. 0. 0. 0. 0. 0. 0. 0.]
[1000.5         940.          837.16666667  630.72727273  478.75
  343.14285714  242.          183.          139.33333333   94.
   68.5          50.16666667   22.26666667]
[1021.          970.83333333  846.8         671.5         456.
  301.75        221.83333333  148.          115.5          91.
   59.66666667   48.           19.82352941]
[0. 0. 0. 0. 0. 0. 0. 0. 0. 0. 0. 0. 0.]
[0. 0. 0. 0. 0. 0. 0. 0. 0. 0. 0. 0. 0.]
temperature:
[ -2.          -7.         -12.28571429 -16.6        -29.16666667
 -52.33333333 -56.33333333 -54.         -59.5        -60.
 -62.         -65.         -52.28571429]
[0. 0. 0. 0. 0. 0. 0. 0. 0. 0. 0. 0. 0.]
[ 20.          14.5          8.8         -4.5        -18.
 -39.33333333 -58.5        -60.         -62.5        -64.25
 -60.         -60.5        -52.        ]
[ 27.          22.5         13.83333333  -4.         -18.8
 -36.         -59.         -62.75       -62.         -64.
 -62.66666667 -58.6        -48.92857143]
[0. 0. 0. 0. 0. 0. 0. 0. 0. 0. 0. 0. 0.]
[0. 0. 0. 0. 0. 0. 0. 0. 0. 0. 0. 0. 0.]
[ 31.          26.5         21.8          5.4         -5.3
 -17.5        -35.         -52.75       -66.25       -66.4
 -68.         -59.66666667 -45.375     ]
[0. 0. 0. 0. 0. 0. 0. 0. 0. 0. 0. 0. 0.]
[ 20.          17.75        15.5          0.45454545 -11.75
 -24.71428571 -41.         -55.         -62.33333333 -70.16666667
 -67.         -62.         -52.66666667]
[  2.           1.          -5.4         -7.5        -24.25
 -45.75       -54.16666667 -59.5        -62.         -63.75
 -62.33333333 -57.5        -52.11764706]
[0. 0. 0. 0. 0. 0. 0. 0. 0. 0. 0. 0. 0.]
[0. 0. 0. 0. 0. 0. 0. 0. 0. 0. 0. 0. 0.]
dewpoint:
[-19.         -24.33333333 -30.85714286 -41.2        -39.66666667
 -56.33333333 -63.         -65.           0.           0.
   0.           0.           0.        ]
[0. 0. 0. 0. 0. 0. 0. 0. 0. 0. 0. 0. 0.]
[  6.           3.         -11.4        -26.625      -39.75
 -58.33333333 -17.75         0.           0.           0.
   0.           0.           0.        ]
[ 16.          11.          -3.5        -18.25       -41.8
 -53.66666667 -13.8          0.           0.           0.
   0.           0.           0.        ]
[0. 0. 0. 0. 0. 0. 0. 0. 0. 0. 0. 0. 0.]
[0. 0. 0. 0. 0. 0. 0. 0. 0. 0. 0. 0. 0.]
[ 20.    22.    17.8    1.2  -10.3  -23.75 -46.   -30.75   0.     0.
   0.     0.     0.  ]
[0. 0. 0. 0. 0. 0. 0. 0. 0. 0. 0. 0. 0.]
[  2.          -0.5        -16.83333333 -14.27272727 -18.625
 -42.85714286 -66.         -77.           0.           0.
   0.           0.           0.        ]
[  0.          -1.         -16.3        -43.         -45.5
 -62.         -69.16666667 -37.           0.           0.
   0.           0.           0.        ]
[0. 0. 0. 0. 0. 0. 0. 0. 0. 0. 0. 0. 0.]
[0. 0. 0. 0. 0. 0. 0. 0. 0. 0. 0. 0. 0.]
