pressure:
[0. 0. 0. 0. 0. 0. 0. 0. 0. 0. 0. 0. 0.]
[1004.          956.33333333  778.57142857  633.71428571  428.
  298.2         219.25        154.          102.5          83.
   66.75         45.6          26.11111111]
[1009.          979.          784.66666667  682.          472.
  327.75        214.75        163.66666667  108.           94.33333333
   64.5          46.           22.86666667]
[995.         931.5        817.5        663.33333333 482.45454545
 343.         226.75       160.           0.         100.66666667
  67.33333333  46.          22.83333333]
[984.         944.5        798.14285714 633.66666667 458.66666667
 334.2        257.5        177.66666667 131.66666667  98.
  72.5         50.6         21.69565217]
[990.         929.         778.5        642.33333333 477.83333333
 347.4        253.71428571 180.85714286 131.33333333  92.57142857
  70.2         49.25        24.        ]
[991.         943.66666667 827.5        631.         494.9
 351.83333333 264.375      188.5        133.         102.
  71.          50.5         22.33333333]
[999.         938.2        797.66666667 628.125      491.5
 312.75       245.25       185.         150.         100.
  67.33333333  48.66666667  22.85714286]
[998.         957.5        807.         636.55555556 470.9
 369.6        263.33333333 196.         135.75        93.
  64.          45.          30.33333333]
[1005.          969.66666667  846.          662.33333333  470.75
  341.5         244.33333333  185.5         127.           92.5
   64.75         49.66666667   20.15384615]
[1018.          956.125       822.27272727  652.75        478.
  289.          225.          150.5         118.5          88.
   60.6          50.           21.85714286]
[1011.          958.25        781.33333333  638.66666667  434.66666667
  297.5         223.25        164.          115.           82.
   63.           44.4          20.30769231]
temperature:
[0. 0. 0. 0. 0. 0. 0. 0. 0. 0. 0. 0. 0.]
[ 12.           8.66666667  -4.14285714 -15.14285714 -36.5
 -54.4        -51.5        -54.66666667 -56.5        -59.
 -56.25       -60.6        -56.44444444]
[  9.           9.25        -4.33333333  -9.66666667 -31.6
 -46.25       -50.5        -53.33333333 -57.5        -62.33333333
 -60.5        -59.         -49.2       ]
[ 21.          20.16666667  13.7          0.         -19.18181818
 -34.75       -55.25       -50.           0.         -63.
 -66.         -59.33333333 -47.16666667]
[ 28.          25.5         15.28571429   3.33333333 -15.5
 -30.         -40.5        -57.33333333 -60.66666667 -61.25
 -64.5        -60.         -46.30434783]
[ 27.          24.5         14.           3.66666667  -8.66666667
 -25.1        -41.28571429 -58.         -62.33333333 -63.71428571
 -63.4        -58.         -48.77777778]
[ 27.          24.66666667  18.33333333   7.          -3.
 -18.33333333 -32.625      -50.         -62.5        -69.
 -68.8        -60.25       -49.66666667]
[ 23.          20.4         11.66666667  -0.375      -12.125
 -31.5        -39.         -51.         -58.         -67.
 -64.16666667 -59.         -49.78571429]
[ 24.          21.5         12.57142857   2.77777778 -12.2
 -20.8        -37.33333333 -53.66666667 -65.         -71.25
 -65.25       -55.5        -51.66666667]
[ 15.          13.33333333   9.25        -1.66666667 -16.75
 -31.5        -48.33333333 -57.         -65.         -68.25
 -61.5        -61.         -52.15384615]
[ -2.          -2.75        -7.54545455 -12.5        -28.5
 -50.         -52.         -53.5        -59.         -61.5
 -61.6        -60.         -53.5       ]
[  3.           1.5         -7.16666667 -15.         -32.66666667
 -50.         -54.75       -55.5        -58.75       -63.5
 -59.5        -53.4        -44.76923077]
dewpoint:
[0. 0. 0. 0. 0. 0. 0. 0. 0. 0. 0. 0. 0.]
[  0.          -0.66666667 -11.71428571 -21.28571429 -39.5
 -58.6        -62.75       -69.         -71.5          0.
   0.           0.           0.        ]
[  0.          -1.75       -17.83333333 -31.         -43.6
 -58.25       -62.5        -65.33333333 -69.5          0.
   0.           0.           0.        ]
[  6.           6.16666667  -0.3        -18.66666667 -32.18181818
 -48.         -67.5        -64.           0.           0.
   0.           0.           0.        ]
[ 15.          12.5         -3.42857143 -27.66666667 -42.5
 -42.6        -43.5        -19.33333333   0.           0.
   0.           0.           0.        ]
[ 18.          17.           4.75        -4.         -13.
 -31.4        -46.85714286 -26.42857143   0.           0.
   0.           0.           0.        ]
[ 22.          21.66666667  15.5          2.42857143 -22.2
 -36.83333333 -42.25       -65.75         0.           0.
   0.           0.           0.        ]
[ 16.          12.4         -1.44444444 -10.625      -34.625
 -54.         -60.75       -70.66666667 -77.           0.
   0.           0.           0.        ]
[ 16.          14.5          5.85714286 -13.88888889 -24.
 -23.         -41.66666667 -40.66666667   0.           0.
   0.           0.           0.        ]
[ -2.          -2.66666667  -5.          -8.88888889 -17.75
 -34.5        -54.33333333 -48.25         0.           0.
   0.           0.           0.        ]
[ -8.          -7.125      -28.36363636 -37.25       -50.5
 -67.5        -69.         -70.5          0.           0.
   0.           0.           0.        ]
[-14.         -16.5        -20.16666667 -28.66666667 -46.33333333
 -62.         -66.75       -67.5        -17.           0.
   0.           0.           0.        ]
