pressure:
[1014.          970.57142857  789.8         613.          474.8
  307.          223.66666667  155.33333333  105.           88.33333333
   63.8          44.           35.        ]
[991.         929.2        788.5        579.25       458.66666667
 316.5        221.5        152.         115.5         94.
  67.          45.          23.        ]
[998.         914.         807.         650.8        478.71428571
 297.         233.66666667 165.5        126.         101.5
  66.75        45.5         22.85714286]
[996.         951.2        778.66666667 612.22222222 469.5
 313.42857143 250.         178.         121.5         97.66666667
  67.          48.2         26.2       ]
[1000.          952.5         787.66666667  647.5         469.125
  317.66666667  250.5         181.25        125.5          97.75
   65.66666667   48.6          24.8       ]
[989.         958.33333333 804.85714286 639.         477.36363636
 327.66666667 224.5        178.2        142.          98.25
  67.83333333  50.33333333  21.21428571]
[991.         941.33333333 810.75       625.18181818 474.
 358.         245.         181.         134.33333333 103.66666667
  72.66666667  52.          19.91666667]
[998.         951.         811.27272727 638.7        495.
 356.8        259.         185.33333333 135.         103.66666667
  70.4         50.33333333  23.33333333]
[998.         943.66666667 780.5        671.14285714 461.55555556
 326.25       235.66666667 162.         130.          91.
  66.5         49.          24.        ]
[1011.          959.8         783.66666667  651.75        466.6
  338.75        232.16666667  157.          124.           94.
   70.5          47.25         21.46666667]
[1010.          957.6         834.55555556  644.          448.14285714
  344.33333333  229.6         167.          110.5          89.5
   66.           48.33333333   24.44444444]
[1026.          965.2         795.88888889  656.11111111  462.42857143
  310.          221.14285714  164.75        117.           89.
   63.           44.85714286   24.26666667]
temperature:
[ -3.          -1.57142857 -12.2        -21.33333333 -33.4
 -49.5        -52.33333333 -51.         -55.         -57.66666667
 -60.8        -51.33333333 -52.        ]
[ 10.           9.4          2.         -15.         -22.66666667
 -43.5        -58.16666667 -54.8        -59.         -63.66666667
 -62.66666667 -65.6        -59.41666667]
[ 22.          16.           9.875       -2.6        -17.57142857
 -42.         -56.         -60.         -59.         -64.
 -62.         -59.5        -50.71428571]
[ 23.          21.4          9.5         -4.         -15.16666667
 -35.71428571 -49.         -60.16666667 -62.5        -63.66666667
 -65.5        -58.8        -51.6       ]
[ 28.          25.          10.66666667   1.75       -15.125
 -36.         -44.         -52.75       -59.         -64.
 -66.33333333 -60.8        -50.53333333]
[ 30.          28.33333333  15.14285714   3.         -10.63636364
 -31.33333333 -49.75       -51.6        -55.         -64.25
 -60.33333333 -58.66666667 -47.        ]
[ 31.          27.66666667  18.625        7.          -3.125
 -16.8        -37.25       -51.5        -64.33333333 -71.66666667
 -71.66666667 -64.         -48.33333333]
[ 24.          21.5         14.18181818   6.3         -4.83333333
 -21.         -36.75       -51.         -65.         -71.33333333
 -68.         -60.66666667 -50.44444444]
[ 18.          16.33333333   1.5         -5.71428571 -20.88888889
 -34.         -44.66666667 -52.2        -56.71428571 -62.
 -62.         -54.8        -51.625     ]
[ 11.          12.2         -0.5         -5.25       -23.2
 -41.         -49.33333333 -53.5        -59.         -59.75
 -65.         -60.5        -53.        ]
[  7.           6.4          2.77777778  -7.22222222 -25.57142857
 -38.33333333 -57.2        -55.5        -61.         -63.75
 -64.4        -63.33333333 -58.22222222]
[ -4.          -5.         -13.44444444 -13.         -30.85714286
 -48.5        -50.57142857 -55.5        -59.5        -61.
 -62.         -59.28571429 -56.66666667]
dewpoint:
[-13.         -18.85714286 -26.6        -41.33333333 -50.4
 -65.5        -68.         -67.         -70.         -23.33333333
   0.           0.           0.        ]
[  3.          -3.2        -18.         -37.5        -48.33333333
 -63.5        -12.33333333   0.           0.           0.
   0.           0.           0.        ]
[  8.           4.          -4.5         -7.6        -37.71428571
 -57.         -43.33333333   0.           0.           0.
   0.           0.           0.        ]
[ 15.          14.2          7.33333333  -7.88888889 -34.33333333
 -44.71428571 -51.           0.           0.           0.
   0.           0.           0.        ]
[  7.           4.5         -6.5        -28.5        -41.125
 -57.66666667 -64.         -71.         -18.5          0.
   0.           0.           0.        ]
[ 16.          14.33333333   7.57142857 -12.33333333 -31.45454545
 -46.33333333 -63.5        -65.6        -33.5          0.
   0.           0.           0.        ]
[ 24.          24.          15.75         4.18181818 -14.375
 -34.         -51.25       -64.           0.           0.
   0.           0.           0.        ]
[ 17.          15.5          7.18181818  -2.4         -7.16666667
 -23.2        -47.5        -68.           0.           0.
   0.           0.           0.        ]
[  0.          -3.          -6.         -18.42857143 -44.55555556
 -55.         -63.66666667 -70.4        -30.71428571   0.
   0.           0.           0.        ]
[  0.          -5.2        -13.16666667 -30.5        -40.4
 -56.25       -64.         -67.5          0.           0.
   0.           0.           0.        ]
[  4.           4.4         -5.88888889 -19.77777778 -31.
 -42.33333333 -23.6          0.           0.           0.
   0.           0.           0.        ]
[-17.         -21.         -22.66666667 -28.11111111 -41.71428571
 -62.         -64.28571429 -69.5          0.           0.
   0.           0.           0.        ]
