pressure:
[997.         925.         780.75       590.33333333 463.57142857
 293.33333333 214.5        146.         105.          96.5
  64.6         44.66666667  20.91666667]
[989.         945.25       793.07692308 623.         460.83333333
 336.         233.         164.5        112.25        89.16666667
  65.5         51.66666667  22.21428571]
[991.         943.         828.4        627.8        464.66666667
 314.5        227.5        157.33333333 121.5         89.2
  68.5         44.66666667  22.85714286]
[981.         925.         788.25       646.         454.5
 322.8        225.33333333 163.5        120.66666667  90.25
  68.25        48.75        20.27777778]
[978.         937.66666667 811.33333333 653.75       450.75
 347.         238.         171.5          0.          94.25
  64.          48.33333333  23.41666667]
[973.         922.         787.5        643.2        456.4
 339.16666667 249.         192.         133.         100.
  66.6         49.83333333  23.91666667]
[975.         921.         814.5        629.14285714 483.26315789
 349.         239.33333333 184.         135.66666667 100.75
  68.16666667  45.66666667  25.55555556]
[985.         940.5        802.75       640.875      437.
 328.6        239.66666667 190.         134.          96.75
  69.6         51.8         20.45454545]
[984.         956.33333333 806.625      671.25       466.5
 355.66666667 266.66666667 192.         132.33333333  94.25
  67.5         49.          25.375     ]
[990.         952.75       816.4        672.         461.14285714
 321.5        248.         186.5        136.          98.
  64.5         46.          23.94117647]
[996.         948.         816.25       650.16666667 473.8
 321.33333333 235.75       160.33333333 109.          90.
  60.8         45.5         25.77777778]
[1001.          949.5         831.          655.          478.5
  306.          235.8         160.5         124.66666667   85.25
   65.           49.33333333   21.92307692]
temperature:
[ -1.          -6.         -11.75       -24.66666667 -33.28571429
 -43.         -50.75       -56.5        -61.         -63.
 -63.8        -63.16666667 -48.58333333]
[  8.           6.75        -3.69230769 -12.85714286 -28.16666667
 -41.5        -56.5        -53.         -56.25       -58.
 -59.25       -63.33333333 -50.85714286]
[ 10.           6.66666667  -0.6        -16.6        -28.
 -45.25       -50.25       -50.66666667 -54.5        -61.4
 -60.         -60.         -49.64285714]
[ 19.          15.           2.375       -6.8        -20.75
 -38.4        -49.16666667 -52.5        -57.66666667 -61.
 -65.25       -61.75       -50.38888889]
[ 25.          21.66666667  12.16666667   0.         -17.625
 -29.75       -48.75       -53.75         0.         -64.75
 -62.25       -59.         -49.08333333]
[ 27.          23.          12.625        3.2        -10.4
 -24.         -36.5        -49.         -60.         -65.
 -63.8        -57.66666667 -48.25      ]
[ 29.          26.5         21.75         4.07142857  -7.57894737
 -20.55555556 -39.         -52.33333333 -63.66666667 -69.
 -65.66666667 -57.         -52.        ]
[ 23.          20.5         10.           2.125      -18.83333333
 -32.2        -42.33333333 -51.         -60.25       -65.25
 -61.8        -58.2        -49.27272727]
[ 25.          24.33333333  11.625        2.5        -14.625
 -29.66666667 -45.         -55.         -62.33333333 -63.75
 -63.25       -60.4        -53.875     ]
[ 18.          18.25         9.           0.33333333 -18.28571429
 -39.25       -52.         -62.25       -63.5        -65.
 -62.         -59.         -54.35294118]
[  3.           0.          -4.125       -8.83333333 -20.4
 -41.66666667 -56.25       -56.33333333 -61.5        -60.
 -59.         -58.         -57.33333333]
[ -3.          -5.75        -2.6        -10.66666667 -26.83333333
 -49.5        -54.4        -54.5        -55.         -63.5
 -57.75       -52.         -53.61538462]
dewpoint:
[ -8.          -9.         -15.5        -28.66666667 -53.42857143
 -73.66666667 -79.         -83.           0.           0.
   0.           0.           0.        ]
[ -2.          -4.         -14.69230769 -35.         -44.16666667
 -59.5        -71.         -69.         -72.25       -36.33333333
   0.           0.           0.        ]
[-13.         -16.         -21.4        -31.4        -45.
 -59.25       -63.75       -64.66666667 -68.         -14.6
   0.           0.           0.        ]
[  1.          -3.          -9.125      -37.2        -53.5
 -61.         -69.66666667 -73.           0.           0.
   0.           0.           0.        ]
[  1.          -1.33333333  -7.66666667 -22.         -30.375
 -35.         -55.5        -61.75         0.           0.
   0.           0.           0.        ]
[ 15.          12.           4.625      -24.2        -37.6
 -31.33333333 -42.         -65.5        -49.33333333   0.
   0.           0.           0.        ]
[ 23.          16.5         -1.5        -11.35714286 -17.31578947
 -32.         -58.33333333 -69.33333333 -25.           0.
   0.           0.           0.        ]
[ 15.           9.75        -0.875      -29.25       -42.66666667
 -45.8        -60.33333333 -67.5        -18.25         0.
   0.           0.           0.        ]
[ 10.          10.66666667   4.375      -15.125      -37.625
 -49.66666667 -62.         -46.66666667   0.           0.
   0.           0.           0.        ]
[  1.          -1.25        -9.         -26.33333333 -38.85714286
 -55.25       -44.33333333   0.           0.           0.
   0.           0.           0.        ]
[  0.          -1.          -5.75       -10.5        -22.4
 -46.33333333 -61.5        -63.66666667   0.           0.
   0.           0.           0.        ]
[-19.         -22.         -23.8        -26.         -31.5
 -54.25       -64.4        -65.5        -21.33333333   0.
   0.           0.           0.        ]
