1.79 2.11 2.84 2.43 2.1 2.75 2.21 2.05 1.96 1.95 2.37 2.43 1.95 2.06 2.15 2.29 2.33 2.77 2.59 2.66 2.13 2.17 2.16 2.29 2.26 2.56 2.54 1.99 2.15 2.18 2.26 
7.19 7.19 7.27 7.73 6.38 7.43 6.72 7.07 6.24 6.68 5.48 6.43 6.09 6.03 7.0 7.84 7.22 6.95 6.9 6.78 6.81 5.53 5.98 7.1 5.72 5.77 7.22 7.04 5.36 
9.42 9.41 10.69 12.34 11.39 11.16 12.93 8.95 11.67 11.45 11.52 10.64 11.5 10.46 10.06 13.37 9.59 11.25 9.09 11.2 10.04 10.79 9.36 12.5 11.63 10.22 11.91 11.68 10.07 11.66 11.69 
20.3 20.3 20.64 14.67 19.79 17.32 20.52 21.52 20.39 21.42 24.48 17.58 15.38 18.76 21.49 18.61 20.34 21.49 14.79 21.04 17.93 17.6 15.79 19.46 22.2 18.04 21.53 20.66 20.52 21.57 
106.34 95.83 123.95 114.18 90.38 105.52 97.11 112.74 109.92 90.63 94.0 121.38 103.54 90.15 94.14 118.75 110.68 115.74 98.35 102.42 118.6 105.81 116.22 97.38 96.43 107.99 103.88 96.33 109.95 84.57 92.17 
242.26 213.65 243.56 208.48 231.98 212.3 180.65 183.74 219.09 219.29 239.91 243.38 205.36 257.55 213.27 244.76 217.96 160.53 267.64 194.63 245.02 201.05 237.02 239.72 188.07 226.76 188.38 197.18 210.25 234.28 
33.82 33.61 34.13 32.57 26.38 30.04 31.98 29.12 33.03 33.57 25.64 33.05 31.82 32.92 24.97 32.77 29.75 28.53 28.58 33.89 36.97 34.22 36.06 35.15 32.0 31.46 33.09 32.71 28.2 29.72 30.27 
36.17 31.06 27.75 27.27 33.15 30.42 29.79 30.61 34.7 25.9 35.29 28.8 19.15 32.0 30.37 33.39 31.16 28.46 32.81 34.06 29.18 28.13 22.0 27.81 30.87 35.96 34.18 29.95 30.98 33.33 34.81 
72.69 68.76 64.35 71.21 77.34 76.86 68.31 75.03 78.81 76.35 66.2 71.23 73.93 47.89 65.56 72.27 71.76 75.34 72.92 74.92 83.7 65.77 70.26 64.17 77.64 56.01 74.18 61.1 61.21 58.64 
16.34 21.11 19.45 17.04 17.45 17.33 17.17 19.52 16.74 18.46 16.31 18.76 15.05 16.3 21.67 18.91 15.05 19.22 16.54 19.58 17.56 19.04 17.82 17.51 16.68 17.91 17.4 18.4 19.66 16.3 17.53 
32.81 30.27 29.02 28.99 30.68 27.88 31.45 32.32 31.19 32.73 29.17 28.9 37.51 23.38 34.07 26.73 29.61 29.75 30.0 29.7 32.02 28.08 34.35 31.23 27.87 33.05 27.91 33.17 22.61 29.55 
1.08 1.12 0.94 1.05 1.2 1.06 0.88 1.14 1.13 0.95 1.05 0.83 1.12 0.93 0.97 0.81 0.92 1.11 1.14 0.97 0.98 1.1 0.94 1.05 1.03 1.12 1.12 1.13 1.22 1.05 0.78 
