3.67 3.2 3.88 3.08 3.63 3.55 3.28 4.03 3.35 3.46 3.78 3.23 4.04 3.5 3.58 3.81 3.09 2.95 2.96 3.41 3.75 3.1 3.66 3.55 4.14 3.51 3.1 3.29 3.19 2.69 4.0 
5.08 4.76 4.69 4.84 5.29 5.48 5.63 5.05 5.6 5.21 4.68 4.32 5.58 5.05 5.68 4.39 4.76 5.42 5.68 4.52 4.67 5.25 4.83 6.02 4.97 5.27 6.3 5.01 
4.47 3.95 3.68 4.96 3.64 4.0 3.86 4.31 3.95 3.67 3.61 4.31 4.04 3.63 4.42 4.28 4.6 4.64 4.09 4.19 4.42 4.66 4.53 5.08 5.02 3.53 4.02 4.47 4.05 3.6 4.33 
2.41 3.03 2.81 2.75 3.65 3.0 3.16 2.8 3.2 2.87 2.82 2.89 2.7 3.67 3.01 2.71 3.04 3.32 2.96 2.84 2.82 3.09 3.06 2.7 2.86 2.82 3.26 2.58 3.26 2.48 
41.78 53.12 49.86 50.03 47.43 49.01 49.93 42.9 55.85 44.6 54.5 52.86 53.42 55.18 44.47 56.11 54.7 50.42 49.15 48.8 53.13 49.67 55.51 57.58 57.58 54.47 49.04 55.87 50.04 49.32 52.0 
96.34 102.97 90.52 90.43 81.05 106.83 81.29 99.58 104.43 100.81 94.22 87.71 100.61 97.48 90.94 87.53 81.02 85.7 101.16 85.62 107.29 99.48 110.35 107.98 92.54 107.24 78.76 77.18 81.02 99.78 
72.77 75.52 71.53 74.77 63.49 62.0 68.33 63.79 80.65 77.56 72.12 54.95 56.75 63.36 64.89 73.39 72.72 68.17 78.98 80.27 73.3 70.32 74.61 71.51 64.56 76.51 72.7 62.04 72.25 67.39 70.34 
213.61 211.52 173.68 208.32 202.22 223.33 173.58 198.54 213.6 211.88 148.07 211.02 188.71 147.19 163.31 193.07 178.18 184.11 179.36 202.66 181.91 192.27 186.83 205.51 213.13 196.96 210.5 187.3 192.41 167.83 229.24 
36.66 33.14 39.74 34.7 37.64 34.18 40.36 37.97 34.69 29.84 45.36 36.67 39.8 43.13 42.55 36.08 39.12 31.31 38.48 45.02 32.67 38.87 35.56 39.98 42.36 36.7 30.33 37.85 39.59 42.82 
4.34 5.34 4.66 5.59 4.1 4.57 4.1 4.18 3.45 4.89 4.89 4.88 4.46 4.19 4.57 4.12 4.53 4.42 3.97 4.17 4.56 4.71 4.59 4.38 4.34 4.69 4.66 5.05 4.65 4.58 4.28 
7.11 7.83 6.81 8.3 7.9 7.57 6.43 7.54 7.03 7.31 7.08 7.04 7.31 7.03 6.95 6.21 7.37 8.15 6.53 6.59 6.62 6.88 6.18 6.84 6.83 7.97 7.29 7.52 7.85 7.21 
5.38 5.91 5.98 5.39 5.19 5.24 6.14 5.11 5.89 5.7 5.41 5.59 6.02 5.07 5.62 4.5 5.35 5.93 4.38 5.18 5.58 6.64 5.13 5.96 5.42 5.5 5.51 3.79 5.86 5.71 5.74 
