6.32 5.65 5.22 6.83 6.21 6.3 5.95 6.21 5.72 6.79 6.29 5.97 5.38 5.66 5.24 5.64 5.85 5.97 5.9 5.79 6.18 4.96 6.08 6.0 5.14 5.26 4.23 5.76 6.46 5.65 5.99 
6.23 6.18 6.66 4.77 6.06 6.09 6.59 6.24 6.28 5.77 6.38 5.85 5.83 4.92 5.91 5.04 5.73 6.3 5.95 4.43 4.39 4.18 6.05 5.87 5.99 5.52 6.25 7.19 
9.92 8.92 8.03 8.46 8.95 8.61 9.53 9.01 9.14 9.19 9.25 8.04 8.17 8.56 10.04 9.13 8.78 8.54 8.52 10.22 10.23 9.12 8.26 9.19 7.63 10.08 7.95 8.51 7.93 7.55 8.18 
25.37 24.08 30.41 27.26 28.96 27.67 24.86 30.34 24.0 27.72 25.21 26.76 20.86 23.68 29.73 30.52 24.49 25.43 27.9 24.88 25.8 29.29 21.71 27.86 24.97 27.59 31.99 25.33 24.69 26.8 
11.73 12.56 11.53 11.53 13.63 12.87 13.58 13.61 9.96 13.08 13.16 9.21 11.92 10.98 11.82 13.0 13.15 12.78 13.24 13.33 12.97 11.53 14.28 12.37 12.79 13.01 13.34 15.1 11.03 14.37 14.44 
207.59 156.73 165.53 185.1 185.65 200.38 183.22 204.39 191.86 207.85 164.62 160.03 165.94 171.2 197.56 220.31 144.97 202.56 190.72 187.0 201.37 229.31 165.87 156.43 200.3 201.49 215.57 205.19 199.57 187.04 
151.11 170.47 157.81 153.19 145.53 155.56 192.78 155.26 138.72 170.78 166.53 152.82 177.04 163.01 163.73 162.49 190.88 173.29 142.13 188.65 145.77 171.27 148.0 163.07 168.25 152.19 186.02 159.75 167.66 159.2 201.57 
108.63 140.87 103.75 129.42 126.0 123.21 131.81 122.4 109.69 113.68 113.73 128.42 128.4 131.36 118.72 151.31 123.25 111.53 127.83 120.53 137.1 121.34 129.67 127.62 110.28 128.98 132.58 130.33 125.79 121.8 114.61 
72.26 72.59 78.17 76.02 74.31 82.64 87.29 82.56 74.81 82.68 71.47 72.02 81.39 62.67 81.35 70.11 75.87 84.53 75.66 84.48 61.76 86.17 70.1 81.19 74.53 65.08 82.77 82.13 78.06 87.44 
16.63 15.61 15.17 13.89 14.81 14.45 14.22 14.77 14.11 15.88 16.44 18.82 16.01 15.78 15.1 13.94 14.73 15.12 14.86 14.17 14.24 14.07 12.91 16.79 15.46 15.75 13.89 13.08 16.02 15.16 14.19 
16.91 16.93 14.97 17.17 16.18 15.98 18.67 16.92 19.82 13.91 14.16 15.48 16.68 16.05 13.7 17.38 15.19 17.22 14.23 15.29 14.0 15.43 15.9 16.95 17.03 16.32 14.77 16.74 16.96 15.24 
4.0 3.77 4.71 4.33 4.55 3.6 4.51 4.61 4.65 4.02 4.13 3.99 4.14 4.04 4.2 3.69 4.0 4.14 4.35 4.87 4.01 4.34 3.83 4.77 4.49 4.08 4.68 4.3 4.06 4.26 4.45 
