1.66 1.71 1.67 1.7 1.83 1.67 1.69 1.96 1.93 1.57 1.77 1.84 1.8 1.72 1.58 1.49 1.82 1.81 2.01 1.95 2.05 2.09 1.55 1.58 1.72 1.95 1.69 1.95 1.94 1.52 1.84 
0.0 0.0 0.0 0.0 0.0 0.0 0.0 0.0 0.0 0.0 0.0 0.0 0.0 0.0 0.0 0.0 0.0 0.0 0.0 0.0 0.0 0.0 0.0 0.0 0.0 0.0 0.0 0.0 
13.21 11.61 13.23 11.08 13.0 11.31 10.78 14.08 11.22 11.65 12.21 11.44 10.71 12.63 12.11 11.28 10.72 12.71 13.62 13.05 13.28 13.69 10.82 11.67 13.02 13.61 13.88 12.92 12.56 13.16 12.76 
13.09 11.69 13.69 12.65 11.49 11.54 11.65 11.51 11.11 12.11 12.56 11.57 12.52 12.88 12.35 16.66 12.08 15.35 13.96 12.8 10.77 10.93 11.67 11.83 13.18 13.06 14.1 14.6 13.41 12.36 
89.01 76.81 78.9 89.21 91.73 97.75 110.9 95.68 77.72 84.38 84.51 83.88 90.89 86.32 96.27 93.93 91.18 104.01 81.67 95.58 82.3 94.63 81.8 96.61 78.3 84.75 99.82 92.97 87.28 82.17 83.58 
86.69 78.46 87.28 72.61 95.63 81.91 77.42 82.71 91.16 77.94 81.74 81.6 75.57 80.34 84.67 94.82 87.9 72.82 94.69 88.42 97.36 73.91 83.92 88.82 76.93 86.07 84.0 89.45 95.47 82.49 
165.57 145.3 168.44 167.23 169.93 163.56 183.69 143.96 126.62 137.89 152.38 148.89 182.93 173.83 158.28 165.23 155.04 167.67 153.67 169.55 160.52 173.93 166.47 152.44 146.92 152.12 162.35 153.6 129.32 151.9 178.21 
162.54 161.03 125.85 158.16 164.22 196.25 156.21 168.19 169.99 146.37 150.57 141.89 153.29 169.83 178.55 145.9 149.02 167.38 155.91 142.78 180.97 139.87 166.59 179.12 155.96 155.92 161.58 139.82 161.26 155.03 158.21 
70.9 79.19 71.76 63.5 75.73 58.56 73.19 74.11 60.13 63.31 59.92 66.8 70.07 76.37 55.91 69.98 65.1 58.62 72.46 73.68 66.11 66.05 74.86 73.18 75.26 62.3 70.98 75.59 73.1 68.81 
8.06 7.52 6.62 7.15 7.46 9.01 7.18 9.11 6.99 6.96 7.23 6.92 8.28 8.13 8.32 7.41 6.89 8.52 6.56 7.25 6.84 8.61 6.8 6.95 8.12 6.47 8.03 7.28 6.16 8.26 7.55 
10.05 11.27 10.58 10.36 12.06 8.99 8.53 10.95 10.54 11.64 10.45 10.1 9.5 11.53 10.65 10.86 9.68 11.66 12.97 13.08 11.29 10.9 11.62 12.56 10.77 12.31 11.61 11.77 11.36 10.04 
16.28 15.99 14.45 13.42 16.76 15.58 15.22 13.96 14.97 14.54 17.89 14.94 16.83 16.84 12.75 15.1 13.88 15.94 14.48 17.39 11.97 15.4 14.5 15.84 13.64 15.21 15.11 18.18 16.68 13.4 14.89 
