3.7 2.94 2.79 3.81 2.96 2.97 3.28 3.42 2.16 3.19 3.04 3.57 2.78 3.28 3.22 2.81 3.13 3.23 3.14 2.63 2.95 3.74 2.77 3.32 3.39 2.86 2.98 3.21 2.41 3.14 3.01 
8.82 9.73 8.61 8.86 9.13 6.76 9.45 8.85 8.45 7.68 7.54 8.42 8.28 8.55 8.89 8.81 8.18 8.06 8.11 7.46 8.66 8.19 7.67 7.88 10.2 7.72 8.07 7.99 8.38 
7.24 8.16 7.26 7.09 6.5 6.69 6.64 6.03 6.65 7.45 7.67 6.29 7.68 6.27 6.43 7.51 7.18 6.88 6.0 7.06 8.4 5.86 8.14 7.44 6.98 6.32 6.89 6.68 7.1 6.55 6.72 
6.65 6.87 5.59 6.47 6.42 5.76 6.36 6.93 6.28 7.2 6.25 6.11 6.64 5.96 6.28 6.6 5.63 6.82 7.0 6.04 5.93 5.93 5.99 6.34 6.23 5.59 7.19 5.66 6.21 6.7 
73.55 74.65 79.75 81.94 84.83 76.29 90.14 86.23 72.44 72.8 89.76 95.16 81.73 87.65 88.42 82.63 70.47 84.14 69.03 91.69 96.7 89.75 94.38 72.63 74.87 59.88 89.99 73.92 85.4 88.12 70.05 
196.95 211.16 167.55 175.93 221.81 199.91 189.99 223.55 195.57 172.85 183.66 168.29 185.2 213.66 205.42 186.22 225.86 171.71 214.03 197.59 213.39 235.58 199.19 206.11 197.22 192.75 211.95 224.87 206.59 167.12 
104.47 108.55 121.0 151.54 122.2 143.37 131.54 125.72 139.66 118.07 123.21 135.08 119.71 115.44 126.51 118.02 115.46 112.55 116.84 113.62 126.79 112.16 97.22 118.38 128.84 119.13 119.36 121.51 120.33 123.39 126.41 
158.01 178.89 157.95 124.14 134.76 114.55 154.32 140.57 147.31 142.63 133.52 137.6 131.37 156.68 142.47 150.42 143.8 135.95 156.82 132.57 139.48 135.63 146.3 147.24 134.25 137.65 137.73 134.04 127.12 142.07 156.25 
192.81 168.85 152.45 160.95 167.49 156.35 167.61 178.53 163.06 221.95 189.22 164.64 170.6 171.46 175.89 155.82 163.47 160.89 175.4 166.29 185.98 197.78 135.1 156.77 175.46 196.81 186.41 159.8 180.43 196.81 
14.14 12.92 12.66 12.28 12.11 10.98 11.65 12.68 12.62 12.87 15.5 15.94 14.81 14.5 13.61 11.64 12.79 12.72 15.32 11.51 12.46 13.14 14.61 13.42 13.97 11.43 13.55 14.95 11.27 13.94 12.9 
31.32 31.74 28.15 32.59 32.7 29.45 31.11 33.57 35.13 26.38 27.33 30.35 32.08 26.37 31.37 24.87 25.52 29.7 33.87 34.48 30.87 33.75 27.54 36.14 35.17 29.25 33.6 28.43 34.72 29.92 
0.47 0.35 0.41 0.44 0.36 0.4 0.35 0.49 0.39 0.44 0.42 0.33 0.42 0.33 0.38 0.4 0.41 0.43 0.4 0.42 0.41 0.45 0.35 0.48 0.35 0.43 0.38 0.44 0.36 0.45 0.39 
