7.86 8.16 7.53 8.54 7.62 7.52 7.92 7.66 8.37 7.49 7.12 6.58 7.84 6.27 7.77 7.73 8.13 6.91 7.49 7.21 7.53 7.05 6.55 5.58 7.28 6.96 8.12 7.13 8.92 6.0 6.14 
5.56 5.24 6.02 4.63 5.16 5.31 4.93 4.76 4.1 4.95 4.48 4.87 5.03 5.11 5.4 5.32 4.78 5.3 5.66 4.61 4.53 5.27 4.85 5.35 4.8 4.68 6.05 5.06 
10.06 10.22 10.55 10.02 10.58 9.55 10.74 10.19 9.76 11.76 10.24 11.54 12.13 10.94 11.53 9.73 11.01 9.29 11.67 11.91 8.58 9.62 8.59 9.87 10.21 12.63 10.95 8.47 11.84 10.65 8.91 
7.84 8.46 7.42 10.12 8.41 7.8 9.26 7.65 8.31 8.54 8.53 7.7 7.37 7.56 7.65 8.9 7.68 9.46 7.46 7.82 9.84 8.8 9.13 9.2 7.47 9.91 8.65 7.94 8.94 7.86 
79.31 86.43 88.5 75.18 93.63 84.45 70.14 89.78 87.03 89.61 79.72 72.44 78.76 70.63 81.45 77.46 84.28 88.13 82.62 84.92 87.89 85.52 83.17 89.41 67.72 86.6 68.12 71.26 80.82 77.08 74.46 
63.24 88.1 76.02 87.64 87.51 73.29 79.77 83.38 84.56 77.36 68.8 92.88 87.76 94.95 75.09 83.25 76.42 63.2 83.9 73.35 87.49 91.35 80.76 88.2 82.53 72.51 82.37 79.49 72.92 84.94 
161.75 181.39 170.01 150.76 154.96 183.17 181.33 189.67 186.07 156.24 151.86 162.26 177.81 149.69 166.13 168.93 160.98 163.27 166.3 158.39 160.19 133.93 144.1 158.12 180.1 179.27 154.5 170.78 212.0 139.62 151.35 
136.49 124.93 164.41 141.11 134.73 156.77 123.74 152.56 146.33 143.7 147.27 155.77 158.54 129.43 122.87 146.2 156.11 137.63 161.62 133.06 130.32 167.2 142.6 130.33 140.57 160.06 153.71 147.37 145.07 176.33 148.47 
66.81 57.77 78.46 57.32 65.07 52.56 64.68 66.31 58.94 67.62 49.96 66.29 62.23 64.29 70.7 52.45 61.25 69.19 55.5 58.35 58.78 62.38 60.24 66.35 55.65 62.92 76.07 66.89 55.59 52.15 
11.19 12.22 10.67 11.9 14.92 14.8 13.46 11.65 12.6 13.52 11.93 12.02 13.56 12.7 11.69 12.39 12.46 13.69 12.02 13.15 13.14 11.8 12.61 7.91 12.03 11.21 14.22 12.49 11.36 11.63 13.75 
54.41 50.57 53.56 52.13 55.36 54.34 65.07 50.32 49.19 49.93 49.58 56.87 55.89 61.53 68.51 51.6 49.94 60.85 42.97 53.54 67.53 51.48 46.26 54.98 55.78 61.25 53.69 54.46 57.41 48.26 
4.56 5.52 6.19 5.64 3.75 5.04 4.7 5.58 4.07 4.78 5.53 5.05 5.1 5.9 5.1 5.49 4.32 5.28 5.33 5.75 5.13 4.32 5.33 5.4 5.1 5.07 5.57 4.5 5.2 5.23 4.88 
