3.51 4.3 4.55 3.79 4.09 4.41 4.05 4.1 4.14 4.33 3.55 4.28 3.3 3.69 4.6 3.46 3.98 4.1 4.45 4.38 3.66 5.36 3.91 4.26 4.08 4.09 3.92 3.78 3.71 4.61 3.56 
5.8 6.77 6.85 5.48 5.89 6.25 5.66 6.44 5.86 6.38 6.88 5.8 5.77 5.71 5.68 6.13 5.67 5.58 6.2 5.48 5.6 5.1 4.25 5.24 5.25 5.19 6.02 5.31 
13.3 15.94 10.51 13.96 11.76 12.25 15.78 15.68 14.12 12.94 12.13 13.55 13.56 15.55 12.86 16.78 12.72 14.86 11.77 13.5 11.61 11.74 14.08 12.97 12.48 14.19 14.14 14.75 13.32 13.21 11.45 
28.75 27.04 30.29 29.01 24.44 29.37 26.42 29.99 29.43 32.49 28.09 35.07 29.82 27.17 27.38 22.38 30.22 25.56 28.44 31.41 24.09 27.96 27.94 32.65 26.37 28.15 26.07 28.29 28.34 26.4 
74.38 53.73 63.49 66.66 62.96 58.19 61.92 58.07 58.06 65.62 73.25 63.83 64.05 65.89 67.88 67.45 62.19 59.53 58.68 71.08 60.38 60.01 65.47 73.1 66.01 66.45 59.7 71.29 58.92 68.66 74.08 
121.24 127.28 97.08 135.04 144.83 119.73 135.95 140.89 111.17 139.31 115.44 131.18 125.57 144.99 140.53 132.71 122.66 121.03 128.59 122.29 139.52 124.84 115.73 145.55 104.83 137.01 124.68 121.14 128.7 132.91 
62.56 67.12 72.99 76.16 49.97 58.06 75.36 62.1 76.06 63.17 60.99 52.83 52.19 58.23 59.66 73.08 62.77 63.1 65.25 66.76 75.86 61.47 59.23 60.45 70.19 77.42 65.86 61.04 61.91 50.87 65.52 
173.9 191.53 216.88 165.06 186.75 180.55 175.34 162.06 161.56 167.66 199.04 164.34 188.85 163.09 162.46 182.81 192.49 177.82 152.4 192.41 141.64 203.81 193.45 165.69 175.76 212.83 191.58 147.41 197.11 179.55 177.14 
3.71 4.66 4.55 4.96 5.28 4.37 4.13 3.63 4.84 4.68 4.78 4.52 4.92 4.38 5.81 4.74 4.58 4.44 4.48 4.41 4.94 4.37 4.51 5.12 4.55 5.44 5.95 5.93 4.19 4.81 
44.22 43.6 37.29 38.3 47.69 38.11 32.32 43.92 36.57 40.73 46.1 44.0 45.15 33.99 46.23 38.11 42.36 37.98 40.2 48.9 45.78 37.74 41.05 41.62 44.1 38.33 39.62 42.25 40.92 41.6 40.15 
4.81 4.81 4.56 3.98 4.01 4.06 4.44 4.34 5.05 4.7 4.39 4.32 4.52 5.79 4.96 5.27 5.05 4.95 4.65 4.56 4.65 5.16 4.94 4.32 5.53 4.76 4.47 5.15 5.03 4.89 
9.84 8.87 10.11 9.05 6.65 9.57 8.4 7.57 9.49 7.25 9.48 7.6 8.81 7.84 7.24 8.93 8.95 8.17 8.74 7.8 9.3 7.93 7.78 8.0 8.64 8.06 9.81 7.47 8.48 8.84 8.9 
