0501 19.4
0501 16.2
0502 15.0
0502 19.0
0503 15.0
0503 23.6
0504 17.2
0504 19.0
0505 16.2
0505 17.2
0506 16.0
0506 19.8
0507 15.4
0507 19.0
0508 18.2
0508 19.0
0509 16.0
0509 21.0
0510 13.8
0510 25.8
0511 16.2
0511 23.8
0512 14.0
0512 27.4
0513 17.6
0513 27.4
0514 19.0
0514 24.4
0515 19.4
0515 22.2
0516 18.6
0516 19.2
0517 16.6
0517 18.6
0518 15.8
0518 24.0
0519 19.4
0519 25.4
0520 18.2
0520 29.0
0521 17.6
0521 29.2
0522 22.0
0522 29.4
0523 21.8
0523 25.8
0524 21.4
0524 24.2
0525 18.6
0525 21.8
0526 18.4
0526 29.2
0527 21.6
0527 27.8
0528 24.4
0528 22.2
0529 17.6
0529 20.2
0530 16.6
0530 22.4
0531 18.4
0531 24.0
0701 22.4
0701 26.2
0702 23.6
0702 28.4
0703 24.8
0703 29.4
0704 25.6
0704 22.2
0705 21.8
0705 31.6
0706 24.0
0706 30.6
0707 25.0
0707 28.0
0708 25.4
0708 26.4
0709 24.0
0709 23.4
0710 22.0
0710 21.4
0711 21.2
0711 24.0
0712 22.8
0712 26.8
0713 23.6
0713 25.0
0714 23.0
0714 31.0
0715 25.4
0715 28.0
0716 21.8
0716 26.4
0717 23.6
0717 25.6
0718 22.0
0718 25.0
0719 22.6
0719 26.0
0720 21.8
0720 28.6
0721 24.0
0721 25.4
0722 23.0
0722 30.0
0723 23.6
0723 28.6
0724 23.8
0724 28.6
0725 22.6
0725 26.4
0726 23.6
0726 29.2
0727 24.0
0727 30.4
0728 24.8
0728 30.6
0729 22.8
0729 26.2
0730 22.2
0730 29.8
0731 24.4
0731 30.2
0801 23.2
0801 25.6
0802 22.8
0802 29.2
0803 23.4
0803 30.6
0804 22.0
0804 26.2
0805 23.2
0805 29.8
0806 26.4
0806 25.4
0807 22.8
0807 21.0
0808 19.6
0808 24.2
0809 18.8
0809 27.2
0810 22.8
0810 28.4
0811 23.8
0811 26.6
0812 23.6
0812 27.8
0813 21.8
0813 29.6
0814 23.0
0814 30.8
0815 24.6
0815 30.2
0816 23.0
0816 31.8
0817 23.6
0817 29.6
0818 23.2
0818 31.0
0819 24.8
0819 23.6
0820 22.6
0820 27.0
0821 22.8
0821 29.4
0822 23.2
0822 29.6
0823 22.6
0823 31.0
0824 24.0
0824 31.6
0825 24.2
0825 28.8
0826 23.6
0826 27.4
0827 25.0
0827 30.0
0828 25.6
0828 23.8
0829 21.6
0829 27.0
0830 21.0
0830 26.8
0831 23.0
0831 23.4
0901 20.6
0901 19.8
0902 19.0
0902 21.8
0903 20.4
0903 22.2
0904 16.6
0904 18.4
0905 16.8
0905 19.0
0906 17.0
0906 20.0
0907 17.0
0907 18.4
0908 17.8
0908 21.8
0909 18.8
0909 24.0
0910 19.8
0910 24.4
0911 18.8
0911 23.2
0912 17.6
0912 24.6
0913 18.0
0913 25.0
0914 21.4
0914 26.0
0915 22.2
0915 26.0
0916 23.0
0916 24.4
0917 22.4
0917 22.8
0918 21.4
0918 24.2
0919 22.2
0919 20.6
0920 19.4
0920 22.0
0921 20.0
0921 22.6
0922 20.8
0922 21.8
0923 21.2
0923 20.4
0924 18.8
0924 23.2
0925 18.2
0925 20.0
0926 14.6
0926 15.0
0927 14.4
0927 17.8
0928 15.6
0928 18.2
0929 16.6
0929 18.0
0930 15.4
0930 21.6
1001 18.4
1001 20.2
1002 17.6
1002 19.2
1003 16.2
1003 21.6
1004 17.4
1004 20.2
1005 17.4
1005 19.2
1006 13.8
1006 20.4
1007 15.6
1007 21.0
1008 15.6
1008 22.4
1009 14.2
1009 21.4
1010 19.2
1010 22.2
1011 16.6
1011 22.4
1012 17.0
1012 22.2
1013 21.0
1013 21.4
1014 20.4
1014 18.2
1015 16.6
1015 15.0
1016 12.6
1016 15.4
1017 13.2
1017 14.2
1018 14.0
1018 15.0
1019 14.2
1019 16.6
1020 15.0
1020 15.0
1021 13.2
1021 16.6
1022 14.2
1022 17.0
1023 13.2
1023 17.6
1024 13.6
1024 16.8
1025 14.6
1025 17.2
1026 15.0
1026 16.2
1027 14.2
1027 17.0
1028 14.6
1028 14.6
1029 13.2
1029 14.6
1030 13.0
1030 15.2
1031 13.6
1031 14.8
1101 11.6
1101 15.6
1102 13.8
1102 14.0
1103 13.0
1103 14.6
1104 13.0
1104 14.0
1105 13.2
1105 14.4
1106 12.4
1106 14.4
1107 13.2
1107 14.2
1108 12.6
1108 16.4
1109 14.4
1109 16.6
1110 13.4
1110 14.6
1111 12.0
1111 12.4
1112 10.6
1112 13.8
1113 11.0
1113 11.4
1114 10.4
1114 10.8
1115 10.6
1115 10.4
1116 5.8
1116 12.6
1117 6.6
1117 13.8
1118 6.6
1118 11.8
1119 6.4
1119 13.8
1120 11.8
1120 14.6
1121 13.0
1121 12.6
1122 12.6
1122 13.4
1123 11.8
1123 8.4
1124 6.2
1124 7.8
1125 7.8
1125 9.0
1126 7.6
1126 10.2
1127 7.8
1127 11.2
1128 4.8
1128 9.0
1129 5.4
1129 7.2
1130 2.4
1130 7.4
