0501 19.4
0501 16.2
0502 15.0
0502 19.0
0503 15.0
0503 23.6
0504 17.2
0504 19.0
0505 16.2
0505 17.2
0506 16.0
0506 19.8
0507 15.4
0507 19.0
0508 18.2
0508 19.0
0509 16.0
0509 21.0
0510 13.8
0510 25.8
0511 16.2
0511 23.8
0512 14.0
0512 27.4
0513 17.6
0513 27.4
0514 19.0
0514 24.4
0515 19.4
0515 22.2
0516 18.6
0516 19.2
0517 16.6
0517 18.6
0518 15.8
0518 24.0
0519 19.4
0519 25.4
0520 18.2
0520 29.0
0521 17.6
0521 29.2
0522 22.0
0522 29.4
0523 21.8
0523 25.8
0524 21.4
0524 24.2
0525 18.6
0525 21.8
0526 18.4
0526 29.2
0527 21.6
0527 27.8
0528 24.4
0528 22.2
0529 17.6
0529 20.2
0530 16.6
0530 22.4
0531 18.4
0531 24.0
0701 22.4
0701 26.2
0702 23.6
0702 28.4
0703 24.8
0703 29.4
0704 25.6
0704 22.2
0705 21.8
0705 31.6
0706 24.0
0706 30.6
0707 25.0
0707 28.0
0708 25.4
0708 26.4
0709 24.0
0709 23.4
0710 22.0
0710 21.4
0711 21.2
0711 24.0
0712 22.8
0712 26.8
0713 23.6
0713 25.0
0714 23.0
0714 31.0
0715 25.4
0715 28.0
0716 21.8
0716 26.4
0717 23.6
0717 25.6
0718 22.0
0718 25.0
0719 22.6
0719 26.0
0720 21.8
0720 28.6
0721 24.0
0721 25.4
0722 23.0
0722 30.0
0723 23.6
0723 28.6
0724 23.8
0724 28.6
0725 22.6
0725 26.4
0726 23.6
0726 29.2
0727 24.0
0727 30.4
0728 24.8
0728 30.6
0729 22.8
0729 26.2
0730 22.2
0730 29.8
0731 24.4
0731 30.2
0801 23.2
0801 25.6
0802 22.8
0802 29.2
0803 23.4
0803 30.6
0804 22.0
0804 26.2
0805 23.2
0805 29.8
0806 26.4
0806 25.4
0807 22.8
0807 21.0
0808 19.6
0808 24.2
0809 18.8
0809 27.2
0810 22.8
0810 28.4
0811 23.8
0811 26.6
0812 23.6
0812 27.8
0813 21.8
0813 29.6
0814 23.0
0814 30.8
0815 24.6
0815 30.2
0816 23.0
0816 31.8
0817 23.6
0817 29.6
0818 23.2
0818 31.0
0819 24.8
0819 23.6
0820 22.6
0820 27.0
0821 22.8
0821 29.4
0822 23.2
0822 29.6
0823 22.6
0823 31.0
0824 24.0
0824 31.6
0825 24.2
0825 28.8
0826 23.6
0826 27.4
0827 25.0
0827 30.0
0828 25.6
0828 23.8
0829 21.6
0829 27.0
0830 21.0
0830 26.8
0831 23.0
0831 23.4
0901 20.6
0901 19.8
0902 19.0
0902 21.8
0903 20.4
0903 22.2
0904 16.6
0904 18.4
0905 16.8
0905 19.0
0906 17.0
0906 20.0
0907 17.0
0907 18.4
0908 17.8
0908 21.8
0909 18.8
0909 24.0
0910 19.8
0910 24.4
0911 18.8
0911 23.2
0912 17.6
0912 24.6
0913 18.0
0913 25.0
0914 21.4
0914 26.0
0915 22.2
0915 26.0
0916 23.0
0916 24.4
0917 22.4
0917 22.8
0918 21.4
0918 24.2
0919 22.2
0919 20.6
0920 19.4
0920 22.0
0921 20.0
0921 22.6
0922 20.8
0922 21.8
0923 21.2
0923 20.4
0924 18.8
0924 23.2
0925 18.2
0925 20.0
0926 14.6
0926 15.0
0927 14.4
0927 17.8
0928 15.6
0928 18.2
0929 16.6
0929 18.0
0930 15.4
0930 21.6
1001 18.4
1001 20.2
1002 17.6
1002 19.2
1003 16.2
1003 21.6
1004 17.4
1004 20.2
1005 17.4
1005 19.2
1006 13.8
1006 20.4
1007 15.6
1007 21.0
1008 15.6
1008 22.4
1009 14.2
1009 21.4
1010 19.2
1010 22.2
1011 16.6
1011 22.4
1012 17.0
1012 22.2
1013 21.0
1013 21.4
1014 20.4
1014 18.2
1015 16.6
1015 15.0
1016 12.6
1016 15.4
1017 13.2
1017 14.2
1018 14.0
1018 15.0
1019 14.2
1019 16.6
1020 15.0
1020 15.0
1021 13.2
1021 16.6
1022 14.2
1022 17.0
1023 13.2
1023 17.6
1024 13.6
1024 16.8
1025 14.6
1025 17.2
1026 15.0
1026 16.2
1027 14.2
1027 17.0
1028 14.6
1028 14.6
1029 13.2
1029 14.6
1030 13.0
1030 15.2
1031 13.6
1031 14.8
1101 11.6
1101 15.6
1102 13.8
1102 14.0
1103 13.0
1103 14.6
1104 13.0
1104 14.0
1105 13.2
1105 14.4
1106 12.4
1106 14.4
1107 13.2
1107 14.2
1108 12.6
1108 16.4
1109 14.4
1109 16.6
1110 13.4
1110 14.6
1111 12.0
1111 12.4
1112 10.6
1112 13.8
1113 11.0
1113 11.4
1114 10.4
1114 10.8
1115 10.6
1115 10.4
1116 5.8
1116 12.6
1117 6.6
1117 13.8
1118 6.6
1118 11.8
1119 6.4
1119 13.8
1120 11.8
1120 14.6
1121 13.0
1121 12.6
1122 12.6
1122 13.4
1123 11.8
1123 8.4
1124 6.2
1124 7.8
1125 7.8
1125 9.0
1126 7.6
1126 10.2
1127 7.8
1127 11.2
1128 4.8
1128 9.0
1129 5.4
1129 7.2
1130 2.4
1130 7.4
0101 4.6
0102 3.0
0102 4.0
0103 1.6
0103 4.2
0104 -2.5
0104 8.0
0105 5.0
0105 4.8
0106 4.4
0106 8.0
0107 4.6
0107 8.4
0108 4.6
0108 3.6
0109 2.4
0109 7.6
0110 4.0
0111 3.4
0111 6.0
0112 4.8
0112 6.2
0113 -1.5
0113 4.6
0114 4.2
0114 5.6
0115 3.8
0115 6.2
0116 2.2
0116 7.8
0117 0.4
0117 8.4
0118 5.4
0118 5.4
0119 5.6
0119 7.8
0120 1.8
0120 8.6
0121 2.6
0121 7.8
0122 -0.3
0122 7.0
0123 -0.3
0123 7.2
0124 1.6
0124 12.2
0125 2.8
0125 10.4
0126 6.8
0126 11.0
0127 6.0
0127 11.0
0128 6.8
0128 11.2
0129 4.6
0129 7.8
0130 8.4
0130 8.4
0131 7.0
0131 8.4
0201 2.4
0201 12.2
0202 9.6
0202 14.8
0203 10.6
0203 14.4
0204 10.4
0204 11.0
0205 9.8
0205 8.6
0206 4.4
0206 4.8
0207 4.0
0207 6.4
0208 4.4
0208 4.8
0209 3.4
0209 4.2
0210 1.0
0210 1.8
0211 -0.5
0211 3.6
0212 2.0
0212 2.2
0213 1.2
0213 4.8
0214 2.6
0214 5.8
0215 3.4
0215 4.6
0216 3.4
0216 6.0
0217 4.0
0217 5.4
0218 1.0
0218 8.0
0219 4.6
0219 8.4
0220 5.6
0220 7.0
0221 4.8
0221 8.8
0222 5.6
0222 10.2
0223 6.4
0223 11.4
0224 7.2
0224 12.0
0225 8.6
0225 9.6
0226 8.8
0226 10.2
0227 8.2
0227 10.4
0228 7.8
0228 9.2
0501 17.2
0501 22.4
0502 16.4
0502 18.4
0503 14.4
0503 16.8
0504 14.2
0504 20.0
0505 15.2
0505 22.6
0506 12.6
0506 21.8
0507 14.2
0507 22.4
0508 16.6
0508 18.2
0509 16.4
0509 20.4
0510 16.2
0510 20.0
0511 16.8
0511 22.8
0512 18.0
0512 23.6
0513 18.6
0513 23.8
0514 18.4
0514 20.4
0515 15.8
0515 18.6
0516 15.4
0516 22.0
0517 17.2
0517 23.8
0518 18.2
0518 24.6
0519 19.0
0519 24.2
0520 18.0
0520 19.4
0521 18.4
0521 24.4
0522 19.6
0522 22.2
0523 19.4
0523 23.0
0524 20.2
0524 25.8
0525 21.6
0525 20.6
0526 17.8
0526 25.6
0527 19.8
0527 24.8
0528 20.2
0528 26.2
0529 19.6
0529 26.0
0530 20.6
0530 28.4
0531 21.6
0531 29.2
0601 22.4
0601 29.8
0602 24.0
0602 28.0
0603 23.4
0603 23.2
0604 22.2
0604 24.2
0605 20.6
0605 26.8
0606 22.0
0606 26.0
0607 20.8
0607 28.0
0608 21.8
0608 24.8
0609 20.4
0609 22.4
0610 19.8
0610 23.0
0611 20.2
0611 22.2
0612 20.0
0612 17.2
0613 17.6
0613 19.4
0614 18.4
0614 23.0
0615 20.2
0615 24.0
0616 20.0
0616 26.2
0617 20.6
0617 28.2
0618 20.8
0618 29.8
0619 24.0
0619 22.8
0620 20.4
0620 22.4
0621 20.0
0621 26.8
0622 21.0
0622 21.6
0623 19.2
0623 20.6
0624 18.6
0624 20.8
0625 19.8
0625 25.6
0626 21.2
0626 26.2
0627 22.6
0627 26.4
0628 22.6
0628 23.2
0629 20.6
0629 24.6
0630 22.0
0630 22.6
0701 19.2
0701 25.0
0702 20.2
0702 26.6
0703 22.8
0703 26.0
0704 21.4
0704 29.8
0705 24.2
0705 27.2
0706 23.2
0706 24.2
0707 23.2
0707 24.6
0708 23.0
0708 29.0
0709 24.0
0709 25.2
0710 21.2
0710 23.2
0711 21.2
0711 26.0
0712 21.6
0712 28.0
0713 21.4
0713 28.6
0714 22.6
0714 27.2
0715 21.8
0715 26.2
0716 21.4
0716 28.2
0717 22.6
0717 30.2
0718 22.0
0718 29.8
0719 21.2
0719 26.6
0720 23.2
0720 27.8
0721 23.2
0721 26.0
0722 23.4
0722 27.4
0723 23.4
0723 27.2
0724 23.2
0724 29.6
0725 21.4
0725 31.4
0726 22.6
0726 31.0
0727 23.6
0727 30.8
0728 23.2
0728 27.0
0729 23.4
0729 28.8
0730 25.0
0730 28.2
0731 23.4
0731 23.2
1001 20.0
1001 22.8
1002 17.4
1002 23.8
1003 20.0
1003 21.8
1004 16.8
1004 21.8
1005 14.4
1005 21.8
1006 14.8
1006 20.8
1007 17.4
1007 22.4
1008 20.2
1008 20.0
1009 17.4
1009 19.6
1010 19.0
1010 19.4
1011 16.8
1011 15.2
1012 13.8
1012 13.8
1013 12.8
1013 13.8
1014 10.4
1014 15.4
1015 14.4
1015 14.6
1016 13.6
1016 15.8
1017 14.6
1017 17.6
1018 15.6
1018 17.8
1019 15.4
1019 17.8
1020 15.6
1020 20.0
1021 16.2
1021 19.2
1022 17.0
1022 17.4
1023 12.8
1023 18.2
1024 13.6
1024 16.2
1025 12.0
1025 18.2
1026 16.6
1026 19.0
1027 16.8
1027 17.4
1028 16.8
1028 18.4
1029 16.6
1029 17.8
1030 15.2
1030 16.6
1031 15.4
1031 16.4
1101 14.4
1101 13.4
1102 10.6
1102 12.2
1103 9.0
1103 14.8
1104 11.8
1104 13.6
1105 8.4
1105 13.4
1106 12.0
1106 14.0
1107 12.4
1107 14.4
1108 11.4
1108 10.4
1109 10.8
1109 11.2
1110 10.8
1110 11.4
1111 8.4
1111 13.8
1112 11.6
1112 14.4
1113 6.2
1113 10.6
1114 11.2
1114 11.2
1115 6.6
1115 13.0
1116 11.2
1116 11.6
1117 10.0
1117 11.8
1118 9.0
1118 10.6
1119 6.0
1119 11.0
1120 10.0
1120 11.2
1121 9.8
1121 11.2
1122 9.8
1122 12.2
1123 10.6
1123 12.2
1124 11.4
1124 10.4
1125 8.6
1125 11.4
1126 9.8
1126 10.8
1127 10.0
1127 13.6
1128 11.0
1128 12.4
1129 10.4
1129 12.4
1130 10.8
1130 13.0
1201 9.0
1201 10.6
1202 8.8
1202 11.2
1203 9.0
1203 10.0
1204 7.0
1204 8.6
1205 4.6
1205 7.6
1206 8.4
1206 9.8
1207 1.6
1207 7.6
1208 2.4
1208 8.4
1209 6.8
1209 7.8
1210 5.0
1210 5.2
1211 4.4
1211 3.6
1212 0.6
1212 4.4
1213 4.0
1213 6.4
1214 4.8
1214 7.4
1215 5.0
1215 8.4
1216 2.8
1216 6.4
1217 2.2
1217 5.8
1218 2.8
1218 2.6
1219 -2.3
1219 4.4
1220 4.0
1220 6.0
1221 -0.7
1221 3.6
1222 3.4
1222 5.6
1223 1.4
1223 5.2
1224 -1.3
1224 6.8
1225 4.8
1225 8.8
1226 7.0
1226 7.4
1227 1.4
1227 5.2
1228 -0.5
1228 7.0
1229 2.8
1229 4.4
1230 3.2
1230 6.0
1231 4.8
1231 4.8
