0101 -5.5
0101 -12.1
0102 -13.3
0102 -11.1
0103 -11.1
0103 -9.7
0104 -7.1
0104 -4.5
0105 -5.1
0105 -5.9
0106 -7.9
0106 -2.5
0107 -2.1
0107 -3.5
0108 -8.7
0108 -9.3
0109 -9.1
0109 -7.5
0110 -4.1
0110 -1.5
0111 0.2
0111 0.6
0112 -3.3
0112 -0.3
0113 -1.9
0113 1.0
0114 -1.7
0114 -7.1
0115 -6.5
0115 -3.7
0116 -11.7
0116 -10.3
0117 -10.1
0117 -7.9
0118 -2.7
0118 0.6
0119 -2.5
0119 -3.3
0120 -2.7
0120 -1.9
0121 -2.1
0121 -6.3
0122 -10.1
0122 -7.7
0123 -3.5
0123 -1.3
0124 -7.5
0124 -6.9
0125 -11.7
0125 -7.7
0126 -10.3
0126 -7.5
0127 -9.3
0127 -4.3
0128 0.2
0128 -1.1
0129 -2.1
0129 -0.5
0130 -0.3
0130 1.6
0131 1.4
0131 5.0
0201 3.2
0201 -3.5
0202 -6.7
0202 -2.9
0203 -0.3
0203 -0.5
0204 -5.7
0204 -6.9
0205 -5.1
0205 -3.7
0206 -5.5
0206 -8.5
0207 -15.1
0207 -11.7
0208 -14.1
0208 -10.5
0209 -5.5
0209 -2.5
0210 -6.9
0210 -7.1
0211 -8.7
0211 -4.5
0212 -3.9
0212 -1.7
0213 -0.5
0213 1.6
0214 -1.3
0214 -2.1
0215 -5.9
0215 -4.5
0216 -2.7
0216 1.6
0217 1.8
0217 1.0
0218 -4.3
0218 -3.9
0219 -7.1
0219 -6.5
0220 -3.7
0220 -1.1
0221 -3.9
0221 0.6
0222 -2.5
0222 -2.5
0223 -0.9
0223 1.6
0224 -0.9
0224 1.4
0225 -0.9
0225 1.2
0226 3.6
0226 2.6
0227 -1.3
0227 0.2
0228 0.6
0228 2.4
0301 -2.9
0301 -1.7
0302 -4.9
0302 -3.3
0303 0.0
0303 2.4
0304 0.2
0304 3.4
0305 3.8
0305 6.8
0306 1.6
0306 3.0
0307 3.2
0307 6.4
0308 6.4
0308 5.4
0309 10.2
0309 1.4
0310 -3.7
0310 0.2
0311 1.4
0311 3.2
0312 2.8
0312 0.6
0313 -4.5
0313 -2.5
0314 -2.9
0314 0.2
0315 2.4
0315 4.0
0316 1.8
0316 2.4
0317 5.0
0317 5.2
0318 4.2
0318 -0.5
0319 -0.1
0319 0.2
0320 -4.3
0320 -3.5
0321 0.8
0321 3.6
0322 -1.5
0322 0.4
0323 0.8
0323 1.8
0324 -2.9
0324 -0.9
0325 0.0
0325 2.2
0326 2.4
0326 6.0
0327 4.2
0327 6.6
0328 3.0
0328 4.0
0329 2.4
0329 4.8
0330 2.6
0330 1.0
0331 1.4
0331 2.6
0401 3.8
0401 2.6
0402 3.2
0402 6.2
0403 9.4
0403 8.6
0404 7.0
0404 5.6
0405 6.0
0405 2.6
0406 1.8
0406 -57.5
0407 2.0
0407 4.4
0408 5.4
0408 7.0
0409 2.4
0409 4.0
0410 5.4
0410 5.6
0411 5.2
0411 6.4
0412 6.6
0412 10.2
0413 10.0
0413 10.2
0414 4.6
0414 6.0
0415 5.6
0415 4.8
0416 7.0
0416 8.6
0417 7.6
0417 9.4
0418 4.8
0418 6.6
0419 6.0
0419 6.6
0420 5.6
0420 8.0
0421 10.0
0421 10.4
0422 7.8
0422 9.2
0423 7.8
0423 9.2
0424 9.2
0424 12.8
0425 11.2
0425 12.6
0426 14.4
0426 14.2
0427 14.8
0427 9.8
0428 9.0
0428 8.4
0429 14.4
0429 14.0
0430 14.4
0430 13.0
0501 9.8
0501 13.8
0502 14.0
0502 16.2
0503 13.8
0503 14.6
0504 14.8
0504 16.4
0505 14.2
0505 19.8
0506 16.0
0506 22.2
0507 15.2
0507 14.2
0508 13.8
0508 14.6
0509 12.8
0509 10.4
0510 12.4
0510 19.4
0511 19.6
0511 22.4
0512 16.2
0512 17.8
0513 11.2
0513 14.2
0514 16.0
0514 14.4
0515 16.0
0515 16.0
0516 17.6
0516 15.2
0517 14.4
0517 14.8
0518 15.2
0518 13.2
0519 13.2
0519 14.8
0520 18.4
0520 16.2
0521 17.6
0521 14.4
0522 15.0
0522 18.6
0523 17.0
0523 14.2
0524 18.2
0524 21.0
0525 15.8
0525 16.2
0526 15.8
0526 15.4
0527 15.2
0527 14.6
0528 15.0
0528 17.2
0529 17.8
0529 21.2
0530 22.8
0530 21.0
0531 19.6
0531 18.0
0601 17.2
0601 19.0
0602 17.2
0602 19.6
0603 18.2
0603 18.6
0604 14.0
0604 14.6
0605 15.0
0605 15.0
0606 16.6
0606 17.6
0607 17.4
0607 17.0
0608 18.6
0608 21.2
0609 22.0
0609 23.8
0610 20.0
0610 24.2
0611 19.0
0611 16.4
0612 16.6
0612 19.8
0613 18.4
0613 18.4
0614 19.0
0614 18.8
0615 18.4
0615 19.0
0616 19.0
0616 18.4
0617 18.4
0617 19.8
0618 19.4
0618 20.6
0619 21.8
0619 25.8
0620 24.2
0620 26.2
0621 24.2
0621 27.0
0622 23.6
0622 21.0
0623 18.4
0623 18.8
0624 19.2
0624 20.4
0625 20.8
0625 20.0
0626 20.8
0626 24.2
0627 22.2
0627 22.2
0628 21.2
0628 21.4
0629 21.6
0629 24.6
0630 22.6
0630 22.4
0701 21.4
0701 21.6
0702 22.8
0702 24.8
0703 26.6
0703 27.8
0704 26.6
0704 24.8
0705 24.0
0705 26.4
0706 26.4
0706 23.4
0707 21.4
0707 21.2
0708 22.2
0708 24.4
0709 21.0
0709 22.2
0710 20.8
0710 21.6
0711 22.8
0711 22.8
0712 24.0
0712 25.6
0713 22.6
0713 22.2
0714 22.0
0714 22.0
0715 22.8
0715 23.6
0716 22.6
0716 23.6
0717 23.6
0717 23.0
0718 21.0
0718 22.8
0719 23.6
0719 24.8
0720 22.0
0720 24.4
0721 23.8
0721 24.8
0722 21.0
0722 22.2
0723 23.6
0723 23.4
0724 24.2
0724 26.8
0725 25.8
0725 27.0
0726 25.4
0726 25.2
0727 23.0
0727 22.8
0728 25.0
0728 27.8
0729 27.0
0729 26.2
0730 20.4
0730 21.8
0731 23.6
0731 25.2
0801 22.8
0801 23.4
0802 23.6
0802 25.0
0803 24.8
0803 25.0
0804 24.2
0804 27.2
0805 24.6
0805 25.6
0806 25.4
0806 26.2
0807 24.0
0807 28.4
0808 25.2
0808 26.6
0809 25.8
0809 26.6
0810 26.8
0810 27.4
0811 25.4
0811 27.0
0812 26.8
0812 27.0
0813 27.8
0813 27.2
0814 26.2
0814 27.4
0815 26.2
0815 27.2
0816 27.4
0816 28.0
0817 26.6
0817 29.0
0818 26.8
0818 25.8
0819 25.6
0819 26.8
0820 25.4
0820 25.8
0821 25.6
0821 24.2
0822 25.0
0822 25.2
0823 -68.5
0823 26.0
0824 25.0
0824 26.6
0825 25.8
0825 25.6
0826 23.0
0826 23.2
0827 21.8
0827 23.8
0828 24.8
0828 23.4
0829 23.2
0829 21.6
0830 18.2
0830 20.8
0831 21.8
0831 21.6
0901 20.8
0901 22.4
0902 19.2
0902 21.0
0903 21.2
0903 21.4
0904 20.2
0904 21.2
0905 19.2
0905 21.6
0906 20.8
0906 21.4
0907 20.0
0907 21.8
0908 21.0
0908 22.0
0909 22.4
0909 21.0
0910 19.8
0910 21.2
0911 20.6
0911 22.2
0912 20.6
0912 22.6
0913 21.4
0913 22.6
0914 -61.7
0914 23.2
0915 20.2
0915 21.6
0916 19.6
0916 22.8
0917 23.0
0917 24.4
0918 22.0
0918 21.8
0919 22.8
0919 22.8
0920 22.8
0920 23.2
0921 21.8
0921 21.8
0922 21.6
0922 22.0
0923 22.6
0923 14.2
0924 13.8
0924 16.2
0925 16.8
0925 16.6
0926 16.8
0926 18.0
0927 19.6
0927 20.2
0928 19.2
0928 18.2
0929 17.4
0929 19.0
0930 17.4
0930 19.4
1001 19.0
1001 16.2
1002 12.8
1002 14.8
1003 13.8
1003 15.2
1004 19.0
1004 20.8
1005 18.4
1005 18.0
1006 16.2
1006 18.4
1007 16.4
1007 17.8
1008 14.0
1008 16.0
1009 16.8
1009 19.4
1010 19.6
1010 19.8
1011 15.2
1011 15.8
1012 16.6
1012 19.0
1013 18.0
1013 17.8
1014 14.0
1014 8.2
1015 5.2
1015 8.2
1016 8.2
1016 13.2
1017 12.0
1017 13.2
1018 14.4
1018 15.4
1019 15.6
1019 15.0
1020 12.8
1020 11.4
1021 9.8
1021 12.4
1022 9.8
1022 13.8
1023 12.0
1023 11.2
1024 8.4
1024 9.2
1025 10.2
1025 10.6
1026 9.4
1026 12.4
1027 13.0
1027 13.6
1028 14.6
1028 12.6
1029 8.4
1029 8.2
1030 8.4
1030 10.2
1031 11.2
1031 12.6
1101 10.8
1101 13.0
1102 12.2
1102 13.6
1103 12.4
1103 11.4
1104 10.6
1104 10.6
1105 12.4
1105 14.4
1106 14.0
1106 14.2
1107 8.0
1107 10.0
1108 10.0
1108 13.0
1109 14.0
1109 6.2
1110 -0.9
1110 5.8
1111 2.4
1111 3.8
1112 7.4
1112 5.0
1113 4.6
1113 9.6
1114 11.4
1114 9.4
1115 10.2
1115 12.0
1116 10.8
1116 6.4
1117 3.4
1117 4.6
1118 2.4
1118 4.2
1119 1.0
1119 1.8
1120 2.4
1120 2.0
1121 1.8
1121 6.8
1122 5.8
1122 9.0
1123 9.0
1123 10.2
1124 10.0
1124 4.4
1125 1.8
1125 3.2
1126 4.4
1126 0.4
1127 -4.1
1127 -1.5
1128 -2.1
1128 0.2
1129 1.0
1129 7.0
1130 4.6
1130 2.2
1201 1.6
1201 6.4
1202 6.0
1202 6.8
1203 6.0
1203 7.2
1204 7.2
1204 7.8
1205 3.0
1205 2.2
1206 4.4
1206 5.8
1207 4.0
1207 6.4
1209 -0.3
1209 -0.3
1210 -1.5
1210 3.0
1211 -2.9
1211 -2.1
1212 1.4
1212 -3.9
1213 -3.3
1213 -3.5
1214 -3.5
1214 -1.7
1215 -3.1
1215 -1.5
1216 -1.7
1216 1.2
1217 -1.7
1217 -3.1
1218 -7.1
1218 -5.9
1219 -7.5
1219 -4.7
1220 -6.3
1220 -4.9
1221 -5.7
1221 -4.9
1222 -5.9
1222 -2.7
1223 -3.1
1223 -2.7
1224 -5.3
1224 -1.1
1225 1.2
1225 2.4
1226 -6.3
1226 -5.5
1227 -5.9
1227 -5.5
1228 -4.5
1228 -3.9
1229 -0.5
1229 1.8
1230 1.8
1230 3.2
1231 4.2
1231 5.0
