0101 -5.5
0101 -12.1
0102 -13.3
0102 -11.1
0103 -11.1
0103 -9.7
0104 -7.1
0104 -4.5
0105 -5.1
0105 -5.9
0106 -7.9
0106 -2.5
0107 -2.1
0107 -3.5
0108 -8.7
0108 -9.3
0109 -9.1
0109 -7.5
0110 -4.1
0110 -1.5
0111 0.2
0111 0.6
0112 -3.3
0112 -0.3
0113 -1.9
0113 1.0
0114 -1.7
0114 -7.1
0115 -6.5
0115 -3.7
0116 -11.7
0116 -10.3
0117 -10.1
0117 -7.9
0118 -2.7
0118 0.6
0119 -2.5
0119 -3.3
0120 -2.7
0120 -1.9
0121 -2.1
0121 -6.3
0122 -10.1
0122 -7.7
0123 -3.5
0123 -1.3
0124 -7.5
0124 -6.9
0125 -11.7
0125 -7.7
0126 -10.3
0126 -7.5
0127 -9.3
0127 -4.3
0128 0.2
0128 -1.1
0129 -2.1
0129 -0.5
0130 -0.3
0130 1.6
0131 1.4
0131 5.0
0201 3.2
0201 -3.5
0202 -6.7
0202 -2.9
0203 -0.3
0203 -0.5
0204 -5.7
0204 -6.9
0205 -5.1
0205 -3.7
0206 -5.5
0206 -8.5
0207 -15.1
0207 -11.7
0208 -14.1
0208 -10.5
0209 -5.5
0209 -2.5
0210 -6.9
0210 -7.1
0211 -8.7
0211 -4.5
0212 -3.9
0212 -1.7
0213 -0.5
0213 1.6
0214 -1.3
0214 -2.1
0215 -5.9
0215 -4.5
0216 -2.7
0216 1.6
0217 1.8
0217 1.0
0218 -4.3
0218 -3.9
0219 -7.1
0219 -6.5
0220 -3.7
0220 -1.1
0221 -3.9
0221 0.6
0222 -2.5
0222 -2.5
0223 -0.9
0223 1.6
0224 -0.9
0224 1.4
0225 -0.9
0225 1.2
0226 3.6
0226 2.6
0227 -1.3
0227 0.2
0228 0.6
0228 2.4
0301 -2.9
0301 -1.7
0302 -4.9
0302 -3.3
0303 0.0
0303 2.4
0304 0.2
0304 3.4
0305 3.8
0305 6.8
0306 1.6
0306 3.0
0307 3.2
0307 6.4
0308 6.4
0308 5.4
0309 10.2
0309 1.4
0310 -3.7
0310 0.2
0311 1.4
0311 3.2
0312 2.8
0312 0.6
0313 -4.5
0313 -2.5
0314 -2.9
0314 0.2
0315 2.4
0315 4.0
0316 1.8
0316 2.4
0317 5.0
0317 5.2
0318 4.2
0318 -0.5
0319 -0.1
0319 0.2
0320 -4.3
0320 -3.5
0321 0.8
0321 3.6
0322 -1.5
0322 0.4
0323 0.8
0323 1.8
0324 -2.9
0324 -0.9
0325 0.0
0325 2.2
0326 2.4
0326 6.0
0327 4.2
0327 6.6
0328 3.0
0328 4.0
0329 2.4
0329 4.8
0330 2.6
0330 1.0
0331 1.4
0331 2.6
0401 3.8
0401 2.6
0402 3.2
0402 6.2
0403 9.4
0403 8.6
0404 7.0
0404 5.6
0405 6.0
0405 2.6
0406 1.8
0406 -57.5
0407 2.0
0407 4.4
0408 5.4
0408 7.0
0409 2.4
0409 4.0
0410 5.4
0410 5.6
0411 5.2
0411 6.4
0412 6.6
0412 10.2
0413 10.0
0413 10.2
0414 4.6
0414 6.0
0415 5.6
0415 4.8
0416 7.0
0416 8.6
0417 7.6
0417 9.4
0418 4.8
0418 6.6
0419 6.0
0419 6.6
0420 5.6
0420 8.0
0421 10.0
0421 10.4
0422 7.8
0422 9.2
0423 7.8
0423 9.2
0424 9.2
0424 12.8
0425 11.2
0425 12.6
0426 14.4
0426 14.2
0427 14.8
0427 9.8
0428 9.0
0428 8.4
0429 14.4
0429 14.0
0430 14.4
0430 13.0
0501 9.8
0501 13.8
0502 14.0
0502 16.2
0503 13.8
0503 14.6
0504 14.8
0504 16.4
0505 14.2
0505 19.8
0506 16.0
0506 22.2
0507 15.2
0507 14.2
0508 13.8
0508 14.6
0509 12.8
0509 10.4
0510 12.4
0510 19.4
0511 19.6
0511 22.4
0512 16.2
0512 17.8
0513 11.2
0513 14.2
0514 16.0
0514 14.4
0515 16.0
0515 16.0
0516 17.6
0516 15.2
0517 14.4
0517 14.8
0518 15.2
0518 13.2
0519 13.2
0519 14.8
0520 18.4
0520 16.2
0521 17.6
0521 14.4
0522 15.0
0522 18.6
0523 17.0
0523 14.2
0524 18.2
0524 21.0
0525 15.8
0525 16.2
0526 15.8
0526 15.4
0527 15.2
0527 14.6
0528 15.0
0528 17.2
0529 17.8
0529 21.2
0530 22.8
0530 21.0
0531 19.6
0531 18.0
0601 17.2
0601 19.0
0602 17.2
0602 19.6
0603 18.2
0603 18.6
0604 14.0
0604 14.6
0605 15.0
0605 15.0
0606 16.6
0606 17.6
0607 17.4
0607 17.0
0608 18.6
0608 21.2
0609 22.0
0609 23.8
0610 20.0
0610 24.2
0611 19.0
0611 16.4
0612 16.6
0612 19.8
0613 18.4
0613 18.4
0614 19.0
0614 18.8
0615 18.4
0615 19.0
0616 19.0
0616 18.4
0617 18.4
0617 19.8
0618 19.4
0618 20.6
0619 21.8
0619 25.8
0620 24.2
0620 26.2
0621 24.2
0621 27.0
0622 23.6
0622 21.0
0623 18.4
0623 18.8
0624 19.2
0624 20.4
0625 20.8
0625 20.0
0626 20.8
0626 24.2
0627 22.2
0627 22.2
0628 21.2
0628 21.4
0629 21.6
0629 24.6
0630 22.6
0630 22.4
0701 21.4
0701 21.6
0702 22.8
0702 24.8
0703 26.6
0703 27.8
0704 26.6
0704 24.8
0705 24.0
0705 26.4
0706 26.4
0706 23.4
0707 21.4
0707 21.2
0708 22.2
0708 24.4
0709 21.0
0709 22.2
0710 20.8
0710 21.6
0711 22.8
0711 22.8
0712 24.0
0712 25.6
0713 22.6
0713 22.2
0714 22.0
0714 22.0
0715 22.8
0715 23.6
0716 22.6
0716 23.6
0717 23.6
0717 23.0
0718 21.0
0718 22.8
0719 23.6
0719 24.8
0720 22.0
0720 24.4
0721 23.8
0721 24.8
0722 21.0
0722 22.2
0723 23.6
0723 23.4
0724 24.2
0724 26.8
0725 25.8
0725 27.0
0726 25.4
0726 25.2
0727 23.0
0727 22.8
0728 25.0
0728 27.8
0729 27.0
0729 26.2
0730 20.4
0730 21.8
0731 23.6
0731 25.2
0801 22.8
0801 23.4
0802 23.6
0802 25.0
0803 24.8
0803 25.0
0804 24.2
0804 27.2
0805 24.6
0805 25.6
0806 25.4
0806 26.2
0807 24.0
0807 28.4
0808 25.2
0808 26.6
0809 25.8
0809 26.6
0810 26.8
0810 27.4
0811 25.4
0811 27.0
0812 26.8
0812 27.0
0813 27.8
0813 27.2
0814 26.2
0814 27.4
0815 26.2
0815 27.2
0816 27.4
0816 28.0
0817 26.6
0817 29.0
0818 26.8
0818 25.8
0819 25.6
0819 26.8
0820 25.4
0820 25.8
0821 25.6
0821 24.2
0822 25.0
0822 25.2
0823 -68.5
0823 26.0
0824 25.0
0824 26.6
0825 25.8
0825 25.6
0826 23.0
0826 23.2
0827 21.8
0827 23.8
0828 24.8
0828 23.4
0829 23.2
0829 21.6
0830 18.2
0830 20.8
0831 21.8
0831 21.6
0901 20.8
0901 22.4
0902 19.2
0902 21.0
0903 21.2
0903 21.4
0904 20.2
0904 21.2
0905 19.2
0905 21.6
0906 20.8
0906 21.4
0907 20.0
0907 21.8
0908 21.0
0908 22.0
0909 22.4
0909 21.0
0910 19.8
0910 21.2
0911 20.6
0911 22.2
0912 20.6
0912 22.6
0913 21.4
0913 22.6
0914 -61.7
0914 23.2
0915 20.2
0915 21.6
0916 19.6
0916 22.8
0917 23.0
0917 24.4
0918 22.0
0918 21.8
0919 22.8
0919 22.8
0920 22.8
0920 23.2
0921 21.8
0921 21.8
0922 21.6
0922 22.0
0923 22.6
0923 14.2
0924 13.8
0924 16.2
0925 16.8
0925 16.6
0926 16.8
0926 18.0
0927 19.6
0927 20.2
0928 19.2
0928 18.2
0929 17.4
0929 19.0
0930 17.4
0930 19.4
1001 19.0
1001 16.2
1002 12.8
1002 14.8
1003 13.8
1003 15.2
1004 19.0
1004 20.8
1005 18.4
1005 18.0
1006 16.2
1006 18.4
1007 16.4
1007 17.8
1008 14.0
1008 16.0
1009 16.8
1009 19.4
1010 19.6
1010 19.8
1011 15.2
1011 15.8
1012 16.6
1012 19.0
1013 18.0
1013 17.8
1014 14.0
1014 8.2
1015 5.2
1015 8.2
1016 8.2
1016 13.2
1017 12.0
1017 13.2
1018 14.4
1018 15.4
1019 15.6
1019 15.0
1020 12.8
1020 11.4
1021 9.8
1021 12.4
1022 9.8
1022 13.8
1023 12.0
1023 11.2
1024 8.4
1024 9.2
1025 10.2
1025 10.6
1026 9.4
1026 12.4
1027 13.0
1027 13.6
1028 14.6
1028 12.6
1029 8.4
1029 8.2
1030 8.4
1030 10.2
1031 11.2
1031 12.6
1101 10.8
1101 13.0
1102 12.2
1102 13.6
1103 12.4
1103 11.4
1104 10.6
1104 10.6
1105 12.4
1105 14.4
1106 14.0
1106 14.2
1107 8.0
1107 10.0
1108 10.0
1108 13.0
1109 14.0
1109 6.2
1110 -0.9
1110 5.8
1111 2.4
1111 3.8
1112 7.4
1112 5.0
1113 4.6
1113 9.6
1114 11.4
1114 9.4
1115 10.2
1115 12.0
1116 10.8
1116 6.4
1117 3.4
1117 4.6
1118 2.4
1118 4.2
1119 1.0
1119 1.8
1120 2.4
1120 2.0
1121 1.8
1121 6.8
1122 5.8
1122 9.0
1123 9.0
1123 10.2
1124 10.0
1124 4.4
1125 1.8
1125 3.2
1126 4.4
1126 0.4
1127 -4.1
1127 -1.5
1128 -2.1
1128 0.2
1129 1.0
1129 7.0
1130 4.6
1130 2.2
1201 1.6
1201 6.4
1202 6.0
1202 6.8
1203 6.0
1203 7.2
1204 7.2
1204 7.8
1205 3.0
1205 2.2
1206 4.4
1206 5.8
1207 4.0
1207 6.4
1209 -0.3
1209 -0.3
1210 -1.5
1210 3.0
1211 -2.9
1211 -2.1
1212 1.4
1212 -3.9
1213 -3.3
1213 -3.5
1214 -3.5
1214 -1.7
1215 -3.1
1215 -1.5
1216 -1.7
1216 1.2
1217 -1.7
1217 -3.1
1218 -7.1
1218 -5.9
1219 -7.5
1219 -4.7
1220 -6.3
1220 -4.9
1221 -5.7
1221 -4.9
1222 -5.9
1222 -2.7
1223 -3.1
1223 -2.7
1224 -5.3
1224 -1.1
1225 1.2
1225 2.4
1226 -6.3
1226 -5.5
1227 -5.9
1227 -5.5
1228 -4.5
1228 -3.9
1229 -0.5
1229 1.8
1230 1.8
1230 3.2
1231 4.2
1231 5.0
0101 4.4
0102 1.2
0102 5.6
0103 1.6
0103 -0.5
0104 -3.3
0104 0.0
0105 2.2
0105 -1.9
0106 -1.5
0106 2.8
0107 4.6
0107 -0.5
0108 -6.7
0108 -8.9
0109 -8.5
0109 -3.3
0110 -4.3
0111 -0.9
0111 0.8
0112 -6.9
0112 -8.7
0113 -4.5
0113 -1.3
0114 -4.3
0114 -1.7
0115 -1.9
0115 1.2
0116 0.2
0116 0.0
0117 -3.5
0117 -3.7
0118 -2.5
0118 -4.1
0119 3.2
0120 -3.5
0120 -7.5
0121 -7.9
0121 -4.7
0122 -0.7
0122 2.4
0123 2.4
0123 4.4
0124 4.2
0124 3.2
0125 -0.1
0125 -4.5
0126 -6.9
0126 -0.5
0127 2.4
0127 2.4
0128 -4.5
0128 -1.5
0129 1.2
0129 4.0
0130 1.8
0130 -1.7
0131 1.6
0131 3.6
0201 0.6
0201 1.6
0202 4.0
0202 -1.1
0203 -7.3
0203 -6.7
0204 -7.7
0204 -5.1
0205 -4.9
0205 -3.1
0206 -2.5
0206 -2.7
0207 -5.5
0207 -4.5
0208 -8.5
0208 -5.1
0209 -9.9
0209 -8.1
0210 -10.1
0210 -7.5
0211 -8.1
0211 -3.3
0212 -3.3
0212 -2.9
0213 -6.3
0213 -2.1
0214 -1.9
0214 1.2
0215 1.0
0215 2.0
0216 1.0
0216 1.2
0217 -1.1
0217 -1.9
0218 -4.7
0218 -2.1
0219 -2.5
0219 -3.1
0220 -3.9
0220 -1.1
0221 -0.5
0221 2.8
0222 2.0
0222 1.6
0223 1.2
0223 1.4
0224 1.4
0224 2.8
0225 0.6
0225 1.0
0226 0.2
0226 1.4
0227 2.2
0227 0.4
0228 -1.9
0228 1.4
0301 -0.7
0301 1.6
0302 0.2
0302 0.6
0303 1.2
0303 3.6
0304 1.8
0304 -55.7
0305 -0.7
0305 0.6
0306 -0.7
0306 -1.7
0307 0.0
0307 -55.9
0308 -54.3
0308 3.2
0309 -0.1
0309 -0.7
0310 -1.5
0310 2.4
0311 5.2
0311 7.0
0312 3.2
0312 3.2
0313 1.0
0313 2.0
0314 1.4
0314 3.2
0315 5.6
0315 9.0
0316 7.4
0316 5.0
0317 10.0
0317 12.0
0318 3.8
0318 7.6
0320 4.2
0320 5.2
0321 7.4
0321 11.6
0322 12.2
0322 9.0
0323 7.2
0323 9.0
0324 3.8
0324 7.4
0325 3.6
0325 4.0
0326 3.4
0326 8.6
0327 8.8
0327 9.2
0328 9.4
0328 9.2
0329 9.8
0329 12.4
0330 9.6
0330 14.8
0331 14.2
0331 12.8
0401 13.8
0401 12.2
0402 12.2
0402 12.4
0403 8.2
0403 7.4
0404 5.6
0404 6.8
0405 5.8
0406 9.8
0406 13.2
0407 14.0
0407 14.8
0408 11.4
0408 5.8
0409 6.4
0409 7.2
0410 9.0
0410 13.6
0411 11.4
0411 11.2
0412 8.2
0412 8.4
0413 9.0
0413 11.2
0414 8.8
0414 13.0
0415 11.4
0415 15.4
0416 14.2
0416 13.0
0417 11.8
0417 11.8
0418 11.8
0418 14.6
0419 13.0
0419 12.4
0420 11.8
0420 14.2
0421 13.8
0421 17.6
0422 15.8
0422 18.4
0423 16.6
0423 16.4
0424 15.6
0424 16.0
0425 13.8
0425 15.4
0426 13.8
0426 12.4
0427 10.2
0427 12.0
0428 13.2
0428 15.2
0429 16.0
0429 14.6
0430 16.0
0430 18.8
0501 19.2
0501 18.4
0502 16.0
0502 10.0
0503 12.4
0503 13.2
0504 11.4
0504 9.8
0505 11.4
0505 11.0
0506 11.4
0506 14.4
0507 10.6
0507 13.0
0508 12.0
0508 16.6
0509 14.2
0509 13.2
0510 14.0
0510 12.8
0511 11.0
0511 10.6
0512 14.2
0512 16.8
0513 21.2
0513 23.8
0514 19.4
0514 17.6
0515 17.8
0515 17.8
0516 17.2
0516 18.4
0517 18.8
0517 20.2
0518 19.4
0518 19.2
0519 15.8
0519 16.0
0520 15.8
0520 17.0
0521 17.6
0521 18.6
0522 17.4
0522 14.4
0523 13.6
0523 17.8
0524 16.2
0524 15.2
0525 16.4
0525 18.6
0526 23.8
0526 26.6
0527 23.4
0527 24.6
0528 21.8
0528 22.8
0529 23.4
0529 25.4
0530 20.2
0530 21.2
0531 17.4
0531 15.6
0601 19.6
0601 18.4
0602 19.8
0602 18.4
0603 19.6
0603 19.2
0604 19.4
0604 20.8
0605 21.2
0605 22.6
0606 20.2
0606 19.0
0607 18.0
0607 17.0
0608 19.4
0608 18.8
0609 18.6
0609 18.0
0610 16.4
0610 16.8
0611 19.2
0611 21.8
0612 21.0
0612 22.0
0613 23.0
0613 24.6
0614 24.0
0614 25.4
0615 25.0
0615 26.4
0616 25.8
0616 26.4
0617 23.4
0617 23.8
0618 18.2
0618 20.2
0619 21.4
0619 22.6
0620 19.8
0620 19.4
0621 19.4
0621 21.2
0622 21.6
0622 21.8
0623 21.2
0623 23.2
0624 25.0
0624 24.6
0625 23.4
0625 21.8
0626 21.4
0626 23.0
0627 22.0
0627 24.0
0628 23.6
0628 25.2
0629 24.2
0629 26.2
0630 25.0
0630 24.2
0701 23.4
0701 23.0
0702 22.2
0702 22.0
0703 21.6
0703 23.4
0704 22.0
0704 23.0
0705 23.2
0705 23.0
0706 23.0
0706 24.4
0707 23.4
0707 24.6
0708 24.6
0708 24.2
0709 25.0
0709 25.6
0710 27.0
0710 28.6
0711 26.8
0711 27.8
0712 25.2
0712 27.4
0713 25.4
0713 27.0
0714 24.8
0714 25.4
0715 24.2
0715 23.2
0716 23.0
0716 23.8
0717 21.2
0717 24.2
0718 24.6
0718 24.4
0719 23.4
0719 25.6
0720 25.0
0720 27.0
0721 23.8
0721 -67.7
0722 24.6
0722 27.0
0723 25.8
0723 25.6
0724 24.0
0724 21.8
0725 19.6
0725 21.4
0726 22.6
0726 24.4
0727 23.4
0727 23.6
0728 23.0
0728 22.6
0729 20.2
0729 22.2
0730 20.6
0730 22.2
0731 22.4
0731 22.6
0801 25.2
0801 25.6
0802 27.2
0802 28.2
0803 28.2
0803 28.8
0804 27.0
0804 27.0
0805 24.0
0805 23.0
0806 24.2
0806 26.0
0807 25.2
0807 26.2
0808 25.0
0808 24.2
0809 23.4
0809 23.2
0810 24.0
0811 24.6
0811 27.4
0812 26.0
0812 28.0
0813 25.0
0813 24.2
0814 23.2
0814 24.4
0815 23.8
0815 23.6
0816 24.2
0816 25.0
0817 24.2
0817 24.4
0818 23.4
0818 23.4
0819 23.4
0819 25.2
0820 24.2
0820 25.2
0821 23.2
0821 26.2
0822 25.2
0822 26.6
0823 24.2
0823 24.4
0824 24.4
0824 22.4
0825 21.2
0825 24.0
0826 23.8
0826 25.0
0827 22.6
0827 23.4
0828 23.8
0828 23.2
0829 23.6
0829 23.8
0830 23.2
0830 23.4
0831 23.0
0831 23.8
0901 24.0
0901 23.6
0902 24.2
0902 19.4
0903 19.4
0903 20.8
0904 22.2
0904 24.0
0905 24.8
0905 22.8
0906 20.2
0906 22.6
0907 23.0
0907 23.2
0908 23.0
0908 23.0
0909 21.4
0909 22.2
0910 21.8
0910 22.4
0911 22.4
0911 22.0
0912 22.2
0912 21.8
0913 21.0
0913 21.8
0914 21.2
0914 19.4
0915 20.4
0915 21.4
0916 19.4
0916 21.2
0917 20.4
0917 19.6
0918 19.8
0918 20.0
0919 19.0
0919 19.8
0920 20.6
0920 18.2
0921 17.4
0921 19.0
0922 19.6
0923 20.0
0923 20.2
0924 17.0
0924 18.2
0925 17.2
0925 19.4
0926 17.0
0926 22.0
0927 20.0
0927 20.2
0928 17.8
0928 18.4
0929 17.4
0929 9.0
0930 8.6
0930 11.8
1001 12.8
1001 15.8
1002 14.6
1002 11.0
1003 12.2
1003 14.6
1004 13.0
1004 15.2
1005 14.2
1005 15.2
1006 12.8
1006 14.2
1007 14.4
1007 16.2
1008 16.0
1008 17.0
1009 16.8
1009 16.2
1010 15.2
1010 16.8
1011 17.4
1011 17.6
1012 15.0
1012 13.0
1013 8.4
1013 11.0
1014 9.4
1014 13.8
1015 14.8
1015 16.2
1016 11.6
1016 14.6
1017 15.4
1017 17.4
1018 15.4
1018 16.6
1019 16.4
1019 15.6
1020 14.8
1020 12.0
1021 8.4
1021 10.0
1022 8.2
1022 11.2
1023 13.6
1023 15.2
1024 15.2
1024 16.4
1025 16.4
1025 18.2
1026 12.6
1026 9.0
1027 4.4
1027 6.4
1028 7.0
1028 10.2
1029 11.2
1029 12.2
1030 13.2
1030 13.6
1031 13.2
1031 13.2
1101 12.2
1101 12.6
1102 7.2
1102 9.6
1103 9.0
1103 11.4
1104 12.6
1104 12.4
1105 12.2
1105 12.4
1106 5.0
1106 5.0
1107 3.2
1107 5.4
1108 5.8
1108 8.4
1109 8.2
1109 9.8
1110 9.4
1110 11.2
1111 11.4
1111 8.8
1112 6.8
1112 2.8
1113 0.4
1113 6.4
1114 5.0
1114 4.6
1115 4.6
1115 8.8
1116 5.2
1116 5.0
1117 3.4
1117 4.6
1118 3.8
1118 8.0
1119 6.8
1119 9.6
1120 9.8
1120 11.6
1121 8.4
1121 9.0
1122 5.0
1122 7.8
1123 7.8
1123 10.4
1124 7.4
1124 3.4
1125 0.6
1125 5.4
1126 5.6
1126 8.0
1127 7.6
1127 7.0
1128 5.0
1128 3.8
1129 4.0
1129 7.8
1130 7.2
1130 2.0
1201 -3.5
1201 -2.7
1202 -6.7
1202 -0.9
1203 -1.7
1203 -1.5
1204 -2.9
1204 -4.3
1205 -5.5
1205 -3.7
1206 -4.3
1206 -4.9
1207 -3.5
1207 -1.9
1208 -4.1
1208 -1.5
1209 -1.9
1209 3.4
1210 4.2
1210 3.0
1211 -6.1
1211 -5.3
1212 -0.3
1212 -0.9
1213 -3.3
1213 -2.9
1214 1.8
1214 1.0
1215 1.8
1215 -2.3
1216 -5.3
1216 -5.1
1217 -4.5
1217 -3.5
1218 -0.3
1218 4.4
1219 5.4
1219 0.2
1220 -4.3
1220 -3.9
1221 -5.7
1221 -2.1
1222 0.8
1222 3.0
1223 3.8
1223 4.8
1224 -2.9
1224 -2.1
1225 0.6
1225 0.0
1226 -0.7
1226 1.6
1227 1.2
1227 3.6
1228 2.2
1228 3.2
1229 2.4
1229 6.2
1230 0.0
1230 0.8
1231 -4.3
1231 -2.9
0101 -4.5
0102 -4.5
0102 -4.5
0103 0.8
0103 4.6
0104 2.0
0104 1.4
0105 5.2
0105 0.0
0106 -5.7
0106 -2.9
0107 -4.9
0107 -6.5
0108 -6.1
0108 0.0
0109 -2.3
0109 -0.9
0110 1.2
0110 3.8
0111 -4.7
0111 -4.1
0112 -5.1
0112 -1.3
0113 -0.7
0113 1.8
0114 1.0
0114 1.2
0115 -4.7
0115 -4.9
0116 -4.7
0116 -5.7
0117 -3.1
0117 -0.5
0118 1.6
0118 1.8
0119 -4.1
0119 -2.5
0120 0.0
0120 3.6
0121 -0.7
0121 -3.7
0122 -5.3
0122 -1.5
0123 0.6
0123 3.2
0124 -0.3
0124 1.0
0125 -0.7
0125 0.8
0126 0.4
0126 -4.7
0127 -10.3
0127 -7.1
0128 -8.5
0128 -6.7
0129 -4.9
0129 -0.5
0130 -7.3
0130 -5.5
0131 -6.3
0131 -3.3
0201 -2.3
0202 -1.5
0202 0.4
0203 0.4
0203 0.2
0204 -3.1
0204 -2.5
0205 -4.3
0205 -1.7
0206 0.8
0206 2.8
0207 -1.1
0207 -7.1
0208 -10.9
0208 -7.7
0209 -2.7
0209 0.0
0210 2.6
0210 2.6
0211 -0.7
0211 0.2
0212 -3.9
0212 -3.1
0213 -1.5
0213 2.0
0214 2.8
0214 6.8
0215 2.6
0215 4.6
0216 3.4
0216 1.0
0217 -1.1
0217 1.2
0218 -1.3
0218 -0.5
0219 -2.3
0219 1.0
0220 2.4
0220 3.0
0221 3.6
0221 1.8
0222 -2.3
0222 -1.1
0223 -0.9
0223 -0.5
0224 -0.9
0224 3.0
0225 2.8
0225 -2.1
0226 -4.5
0226 -1.7
0227 -4.3
0227 -2.7
0228 -1.7
0228 0.2
0301 1.2
0301 4.2
0302 3.4
0302 5.8
0303 0.2
0303 -0.7
0304 -2.7
0304 -2.5
0305 -2.3
0305 0.6
0306 1.0
0306 2.4
0307 2.8
0307 4.2
0308 4.2
0308 0.4
0309 -5.1
0309 -4.1
0310 -2.7
0310 0.4
0311 -0.7
0311 0.2
0312 1.8
0312 3.6
0313 1.2
0313 2.8
0314 0.8
0314 3.2
0315 4.8
0315 7.2
0316 2.6
0316 5.0
0317 4.8
0317 7.8
0318 5.8
0318 8.4
0319 7.2
0319 12.6
0320 9.4
0320 9.8
0321 10.2
0321 10.6
0322 3.0
0322 4.4
0323 3.6
0323 6.6
0324 4.0
0324 3.8
0325 4.4
0325 6.4
0326 7.8
0326 10.6
0327 9.8
0327 8.8
0328 8.2
0328 7.4
0329 7.4
0329 3.8
0330 4.2
0330 5.2
0331 5.4
0331 9.2
0401 8.4
0401 10.8
0402 7.4
0402 7.6
0403 5.4
0403 9.8
0404 7.4
0404 6.4
0405 8.0
0405 8.8
0406 1.6
0406 4.0
0407 3.2
0407 3.6
0408 4.4
0408 4.8
0409 6.6
0409 7.2
0410 8.8
0410 7.6
0411 7.2
0411 7.0
0412 7.0
0412 9.0
0413 9.2
0413 11.4
0414 9.6
0414 11.2
0415 13.6
0415 15.6
0416 10.6
0416 12.0
0417 13.4
0417 12.2
0418 10.2
0418 9.4
0419 10.6
0419 12.0
0420 10.6
0420 13.8
0421 15.2
0421 13.8
0422 14.4
0422 14.8
0423 13.4
0423 17.2
0424 16.4
0424 18.4
0425 16.0
0425 20.0
0426 20.8
0426 18.4
0427 18.2
0427 17.2
0428 11.0
0428 12.0
0429 14.8
0429 17.2
0430 16.0
0430 17.4
0501 16.4
0501 15.0
0502 11.6
0502 11.2
0503 12.4
0503 16.8
0504 14.0
0504 14.0
0505 14.0
0505 20.4
0506 15.0
0506 15.2
0507 13.0
0507 10.8
0508 11.4
0508 11.4
0509 10.0
0509 14.0
0510 13.0
0510 13.0
0511 13.4
0511 9.8
0512 12.4
0512 14.4
0513 21.2
0513 21.6
0514 17.4
0514 20.4
0515 17.4
0515 18.0
0516 19.6
0516 19.2
0517 17.4
0517 16.8
0518 13.0
0518 17.2
0519 18.8
0519 19.0
0520 16.0
0520 20.8
0521 24.0
0521 21.2
0522 19.6
0522 18.4
0523 18.2
0523 17.0
0524 19.6
0524 20.8
0525 22.6
0525 20.4
0526 21.8
0526 21.6
0527 20.4
0527 18.4
0528 18.4
0528 19.2
0529 18.2
0529 17.8
0530 19.4
0530 23.0
0531 21.4
0531 22.2
0601 20.8
0601 21.2
0602 16.6
0602 21.8
0603 20.6
0603 24.4
0604 24.2
0604 22.0
0605 17.2
0605 19.4
0606 18.4
0606 20.0
0607 20.6
0607 19.2
0608 18.0
0608 21.4
0609 20.6
0609 16.2
0610 17.8
0610 19.6
0611 17.6
0611 21.0
0612 20.0
0612 23.0
0613 20.6
0613 22.0
0614 22.0
0614 23.4
0615 22.6
0615 23.0
0616 23.0
0616 22.4
0617 21.8
0617 21.8
0618 21.4
0618 23.0
0619 20.8
0619 21.6
0620 20.8
0620 23.4
0621 23.4
0621 22.0
0622 21.8
0622 20.6
0623 21.6
0623 21.0
0624 22.0
0624 21.6
0625 21.8
0625 20.8
0626 22.0
0626 24.6
0627 25.4
0627 23.8
0628 24.6
0628 23.8
0629 22.4
0629 21.6
0630 17.8
0630 20.0
0701 23.0
0701 25.4
0702 22.2
0702 24.6
0703 20.6
0703 22.8
0704 22.0
0704 22.8
0705 21.6
0705 22.0
0706 21.6
0706 22.0
0707 21.4
0707 22.4
0708 23.0
0708 26.0
0709 24.8
0709 22.8
0710 22.6
0710 23.4
0711 23.8
0711 24.2
0712 23.8
0713 26.6
0713 28.6
0714 27.6
0714 30.2
0715 28.2
0715 25.4
0716 23.4
0716 22.4
0717 23.6
0717 23.0
0718 22.4
0718 22.4
0719 23.0
0719 23.0
0720 22.6
0720 21.8
0721 23.0
0721 23.6
0722 23.8
0722 23.8
0723 25.4
0723 24.8
0724 23.6
0724 24.0
0725 24.4
0725 25.0
0726 25.0
0726 26.0
0727 25.4
0727 26.6
0728 26.6
0728 26.2
0729 26.0
0729 26.6
0730 23.8
0730 25.8
0731 24.0
0731 24.2
0801 24.6
0801 25.8
0802 26.2
0802 27.2
0803 26.4
0803 23.6
0804 23.6
0804 26.6
0805 24.4
0805 25.0
0806 22.8
0806 22.6
0807 23.6
0807 25.0
0808 23.8
0808 23.8
0809 24.2
0809 26.4
0810 25.8
0810 26.0
0811 25.4
0811 26.8
0812 26.4
0812 28.0
0813 26.6
0813 27.4
0814 27.4
0814 26.8
0815 27.0
0815 24.6
0816 24.8
0816 26.4
0817 24.8
0817 26.0
0818 25.8
0818 26.0
0819 25.2
0819 25.0
0820 24.2
0820 24.4
0821 22.6
0821 14.2
0822 24.2
0823 24.0
0823 24.0
0824 24.0
0824 25.0
0825 24.0
0825 24.2
0826 24.2
0826 25.2
0827 24.2
0827 23.8
0828 24.0
0828 24.8
0829 23.0
0829 24.4
0830 23.0
0830 22.6
0831 22.8
0831 23.4
0901 22.2
0901 22.0
0902 19.6
0902 22.8
0903 23.2
0903 24.4
0904 23.8
0904 23.4
0905 21.8
0905 22.8
0906 20.8
0906 23.0
0907 21.4
0907 22.2
0908 21.8
0908 23.4
0909 23.2
0909 22.4
0910 19.4
0910 21.2
0911 18.6
0911 20.6
0912 17.6
0912 18.0
0913 21.2
0913 22.0
0914 21.6
0914 21.6
0915 21.0
0915 21.6
0916 20.6
0916 22.2
0917 20.8
0917 22.0
0918 20.8
0918 22.4
0919 20.8
0919 21.8
0920 20.2
0920 21.4
0921 21.2
0921 21.0
0922 21.4
0922 21.6
0923 21.4
0923 22.0
0924 19.6
0924 21.0
0925 19.6
0925 20.2
0926 19.8
0926 21.2
0927 20.6
0927 20.8
0928 20.6
0928 18.4
0929 17.4
0929 18.2
0930 17.2
0930 19.8
1001 16.8
1001 15.8
1002 18.4
1002 20.2
1003 14.4
1003 16.6
1004 19.2
1004 18.6
1005 18.6
1005 19.2
1006 18.6
1006 19.0
1007 18.6
1007 18.8
1008 15.2
1008 14.4
1009 14.4
1009 13.0
1010 10.2
1010 11.2
1011 11.8
1011 12.8
1012 14.0
1012 14.2
1013 18.4
1013 17.6
1014 15.8
1014 16.6
1015 17.0
1015 17.4
1016 16.6
1016 17.0
1017 15.6
1017 17.0
1018 13.0
1018 12.2
1019 14.4
1019 16.0
1020 15.6
1020 16.2
1021 11.6
1021 11.8
1022 12.4
1022 11.2
1023 11.8
1023 14.8
1024 14.2
1024 9.8
1025 8.2
1025 11.4
1026 12.0
1026 12.6
1027 10.4
1027 12.0
1028 8.0
1028 9.0
1029 6.4
1029 7.0
1030 7.0
1030 7.6
1031 6.8
1031 9.2
1101 9.4
1101 11.8
1102 11.6
1102 12.6
1103 13.4
1103 14.6
1104 14.2
1104 15.8
1105 14.6
1105 6.2
1106 4.8
1106 2.6
1107 6.8
1107 2.0
1108 2.4
1108 2.2
1109 1.6
1109 2.6
1110 2.0
1110 3.4
1111 5.2
1111 5.8
1112 5.0
1112 10.2
1113 9.4
1113 12.4
1114 11.2
1114 11.8
1115 11.0
1115 8.8
1116 4.6
1116 5.0
1117 3.4
1117 1.2
1118 0.4
1118 1.4
1119 2.0
1119 -0.7
1120 -1.7
1120 1.2
1121 -0.5
1121 -1.1
1122 -3.1
1122 -4.7
1123 -4.3
1123 -7.1
1124 -10.3
1124 -7.7
1125 -7.7
1125 -6.3
1126 -8.5
1126 -6.5
1127 -7.1
1127 1.2
1128 1.2
1128 2.2
1129 4.0
1129 1.2
1130 -2.5
1130 2.0
1201 7.0
1201 8.0
1202 3.4
1202 3.2
1203 -0.3
1203 0.4
1204 -0.3
1204 3.2
1205 2.2
1205 0.8
1206 -1.3
1206 4.0
1207 1.8
1207 2.0
1208 2.8
1208 6.0
1209 7.8
1209 8.8
1210 7.8
1210 1.6
1211 -2.3
1211 -1.9
1212 0.4
1212 2.8
1213 1.2
1213 2.6
1214 0.2
1214 3.2
1215 1.8
1215 1.2
1216 -3.9
1216 -3.3
1217 -5.1
1217 -0.7
1218 2.4
1218 -0.5
1219 -1.7
1219 2.0
1220 5.2
1220 5.6
1221 3.0
1221 3.8
1222 3.0
1222 3.8
1223 3.6
1223 1.2
1224 -0.9
1224 -2.7
1225 -1.7
1225 2.8
1226 -2.9
1226 -8.1
1227 -12.5
1227 -8.5
1228 -2.5
1228 -1.3
1229 0.8
1229 2.6
1230 0.2
1230 -2.1
1231 -2.5
1231 2.2
0101 5.8
0102 2.8
0102 4.4
0103 -0.3
0103 -1.9
0104 -4.3
0104 -2.7
0105 -3.9
0105 -1.9
0106 -2.5
0106 -4.5
0107 -5.9
0107 -2.5
0108 -4.3
0108 -4.7
0109 -1.3
0109 0.2
0110 -4.5
0110 -6.3
0111 -8.3
0111 -7.5
0112 -8.3
0112 -5.5
0113 -4.5
0113 -4.3
0114 -3.5
0114 -1.1
0115 -1.3
0115 0.4
0116 -2.1
0116 -20.1
0117 -9.5
0117 -11.1
0118 -13.9
0118 -11.7
0119 -13.7
0119 -12.5
0120 -13.1
0120 -9.5
0121 -11.3
0121 -9.9
0122 -11.9
0122 -13.1
0123 -18.1
0123 -17.3
0124 -15.7
0124 -7.3
0125 -8.3
0125 -3.7
0126 -2.7
0126 -4.3
0127 -2.9
0127 -0.9
0128 -1.3
0128 0.0
0129 -7.1
0129 -7.7
0130 -12.5
0130 -10.1
0131 -8.9
0131 -7.9
0201 -8.1
0201 -5.5
0202 -3.5
0202 -1.7
0203 -3.3
0203 -0.9
0204 -3.3
0204 -2.5
0205 -2.5
0205 -3.3
0206 -5.1
0206 -4.1
0207 -1.7
0207 0.8
0208 0.6
0208 0.8
0209 -0.7
0209 1.6
0210 2.4
0210 3.8
0211 5.0
0211 4.8
0212 4.2
0212 5.6
0213 -0.3
0213 -4.9
0214 -8.5
0214 8.0
0215 -6.3
0215 -2.7
0216 -2.1
0216 0.8
0217 -1.7
0217 2.2
0218 2.2
0219 0.8
0219 2.2
0220 -2.3
0220 -1.5
0221 -3.9
0221 1.0
0222 1.8
0222 1.4
0223 -5.3
0223 -4.7
0224 -5.1
0224 -0.5
0225 -1.3
0225 -0.9
0226 2.0
0227 0.6
0227 1.2
0228 -0.7
0228 -0.9
0229 -5.5
0229 -4.7
0301 -0.5
0301 4.2
0302 5.4
0302 7.4
0303 1.2
0303 3.8
0304 3.4
0304 5.4
0305 5.6
0305 5.4
0306 1.8
0306 4.8
0307 5.2
0307 3.8
0308 -3.1
0308 -1.7
0309 -3.3
0309 -2.7
0310 -1.5
0310 -2.1
0311 0.4
0311 0.8
0312 0.6
0312 3.0
0313 3.8
0313 1.8
0314 0.8
0314 4.4
0315 4.8
0315 6.0
0316 4.8
0316 6.2
0317 5.0
0317 6.8
0318 7.2
0318 6.4
0319 5.4
0319 7.6
0320 4.6
0320 7.6
0321 8.8
0321 10.2
0322 6.8
0322 9.4
0323 4.4
0323 6.0
0324 4.4
0324 6.4
0325 3.6
0325 5.4
0326 5.2
0326 9.4
0327 8.2
0327 10.4
0328 10.8
0328 11.8
0329 9.2
0329 12.4
0330 10.6
0330 9.4
0331 13.4
0331 14.4
0401 10.6
0401 10.4
0402 10.4
0402 6.4
0403 9.0
0403 9.4
0404 9.8
0404 12.4
0405 12.4
0405 12.8
0406 10.2
0406 9.4
0407 9.6
0407 15.0
0408 12.4
0408 14.8
0409 15.0
0409 12.2
0410 10.0
0410 9.6
0411 6.6
0411 6.8
0412 9.0
0412 11.6
0413 9.2
0413 10.4
0414 10.8
0414 14.4
0415 13.0
0415 14.0
0416 8.6
0416 9.0
0417 10.6
0417 11.2
0418 8.2
0418 7.8
0419 9.0
0419 9.6
0420 11.2
0420 8.4
0421 9.0
0421 8.8
0422 12.4
0422 14.2
0423 14.6
0423 13.6
0424 14.2
0424 15.6
0425 15.4
0425 18.8
0426 15.6
0426 17.2
0427 14.4
0427 16.4
0428 14.6
0428 17.0
0429 16.0
0429 14.6
0430 19.6
0430 16.2
0501 13.2
0501 15.4
0502 12.2
0502 11.2
0503 12.2
0504 17.8
0504 17.6
0505 17.8
0505 10.0
0506 13.0
0506 15.6
0507 16.6
0507 18.2
0508 17.0
0508 16.2
0509 17.6
0509 15.0
0510 15.2
0510 19.8
0511 17.6
0511 18.6
0512 15.0
0512 10.6
0513 14.6
0513 15.8
0514 15.0
0514 12.2
0515 10.6
0515 15.0
0516 19.4
0516 19.6
0517 23.4
0517 20.6
0518 19.0
0518 18.6
0519 19.0
0519 18.2
0520 17.8
0520 20.0
0521 20.0
0521 23.0
0522 21.4
0522 20.2
0523 18.4
0523 14.6
0524 15.2
0524 18.6
0525 19.6
0525 19.8
0526 18.8
0526 22.8
0527 19.0
0527 19.4
0528 21.6
0528 22.6
0529 21.8
0529 23.4
0530 22.0
0530 21.0
0531 20.8
0531 20.8
0601 21.0
0601 22.6
0602 24.4
0602 22.6
0603 21.2
0603 20.4
0604 20.2
0604 17.0
0605 21.8
0606 21.8
0606 20.0
0607 19.8
0607 21.8
0608 19.8
0608 21.4
0609 21.0
0609 21.2
0610 20.2
0610 20.0
0611 18.4
0611 22.2
0612 21.2
0612 20.6
0613 22.6
0613 24.6
0614 21.4
0614 18.6
0615 16.4
0615 19.2
0616 21.4
0616 21.4
0617 22.6
0617 25.4
0618 21.8
0618 21.6
0619 23.6
0619 26.0
0620 20.4
0620 19.2
0621 20.0
0621 21.4
0622 20.4
0622 20.0
0623 21.8
0623 22.0
0624 21.0
0624 22.4
0625 25.8
0625 27.0
0626 25.0
0626 28.2
0627 24.2
0627 25.0
0628 21.4
0628 21.8
0629 20.8
0629 22.4
0630 22.8
0630 21.0
0701 21.2
0701 22.6
0702 23.8
0702 25.6
0703 24.6
0703 21.6
0704 19.6
0704 23.4
0705 19.6
0705 21.2
0706 21.6
0706 21.2
0707 22.0
0707 22.2
0708 23.0
0708 23.6
0709 23.6
0709 24.6
0710 26.4
0710 26.4
0711 27.2
0711 24.4
0712 25.6
0712 25.6
0713 25.4
0713 28.0
0714 27.0
0714 28.4
0715 25.6
0715 20.6
0716 19.8
0716 22.0
0717 22.4
0717 24.0
0718 22.8
0718 23.2
0719 23.0
0719 22.8
0720 23.4
0720 23.4
0721 22.8
0721 22.4
0722 23.8
0722 24.0
0723 25.4
0723 24.8
0724 26.8
0724 26.2
0725 25.8
0725 28.0
0726 24.4
0726 24.6
0727 23.8
0727 27.0
0728 27.2
0728 26.2
0729 24.2
0729 24.4
0730 24.2
0730 24.4
0731 25.4
0731 28.0
0801 25.2
0801 23.2
0802 23.8
0802 25.6
0803 24.0
0803 25.2
0805 -65.1
0805 27.6
0806 27.4
0806 27.0
0807 26.8
0807 23.6
0808 24.2
0808 26.4
0809 26.4
0809 26.8
0810 28.0
0810 27.2
0811 27.6
0811 28.0
0812 28.2
0812 28.6
0813 28.0
0813 28.2
0814 27.0
0814 29.4
0815 27.8
0815 25.6
0816 26.8
0816 28.0
0817 26.8
0817 26.4
0818 26.2
0818 26.6
0819 26.0
0819 23.2
0820 23.2
0820 24.6
0821 25.2
0821 28.0
0822 26.2
0822 28.2
0823 26.0
0823 27.6
0824 26.2
0824 26.8
0825 23.6
0825 20.8
0826 20.6
0826 23.0
0827 21.8
0827 22.8
0828 22.2
0828 23.4
0829 23.6
0829 24.8
0830 21.4
0830 23.0
0831 22.0
0831 19.8
0901 18.8
0901 19.8
0902 21.8
0902 21.4
0903 21.6
0903 21.4
0904 20.8
0904 21.8
0905 21.0
0905 22.8
0906 24.0
0906 25.8
0907 24.4
0907 20.2
0908 20.6
0908 21.8
0909 21.6
0909 22.4
0910 22.6
0910 19.8
0911 19.8
0911 20.0
0912 20.8
0912 20.8
0913 20.2
0913 21.2
0914 20.4
0914 22.0
0915 21.8
0915 23.0
0916 22.4
0916 21.8
0917 21.6
0917 22.2
0918 18.8
0918 20.0
0919 18.0
0919 20.0
0920 18.0
0920 18.8
0921 19.0
0921 18.6
0922 20.4
0922 20.0
0923 20.6
0923 21.0
0924 21.0
0924 22.8
0925 21.2
0925 20.8
0926 21.2
0926 21.0
0927 21.4
0927 15.6
0928 11.2
0928 14.6
0929 12.6
0929 15.6
0930 17.2
0930 18.8
1001 18.2
1001 19.0
1002 19.4
1002 19.2
1003 18.4
1003 20.4
1004 15.2
1004 17.2
1005 12.4
1005 13.8
1006 11.2
1006 15.6
1007 15.4
1007 14.8
1008 16.0
1008 12.6
1009 10.0
1009 12.4
1010 14.8
1010 17.6
1011 13.0
1011 13.2
1012 12.2
1012 14.4
1013 17.2
1013 18.6
1014 18.8
1014 17.0
1015 17.0
1015 18.0
1016 17.6
1016 16.6
1017 16.8
1017 13.8
1018 14.2
1018 15.6
1019 17.2
1019 17.8
1020 15.2
1020 13.0
1021 13.8
1021 17.2
1022 6.6
1022 6.6
1023 6.2
1023 9.6
1024 10.4
1024 13.6
1025 11.4
1025 14.0
1026 10.6
1026 8.4
1027 8.0
1027 13.4
1028 7.2
1028 8.4
1029 6.8
1029 6.6
1030 11.2
1030 13.4
1031 -0.3
1031 1.2
1101 1.2
1101 4.4
1102 6.2
1102 9.4
1103 -58.3
1104 13.2
1105 14.2
1105 6.6
1106 3.0
1106 6.8
1107 5.6
1107 0.2
1108 -0.5
1108 1.0
1109 0.2
1109 7.4
1110 8.8
1110 8.0
1111 7.0
1111 11.4
1112 8.2
1112 8.4
1113 10.8
1113 12.4
1114 11.4
1114 6.4
1115 0.2
1115 3.0
1116 9.8
1116 11.8
1117 7.4
1117 11.4
1118 12.2
1118 12.2
1119 8.8
1119 0.6
1120 0.0
1120 3.4
1121 1.2
1121 -4.3
1122 -6.7
1122 -4.9
1123 -3.3
1123 -0.5
1124 -1.5
1124 1.4
1125 3.2
1125 5.0
1126 6.0
1126 5.4
1127 5.8
1127 0.4
1128 -1.5
1128 4.6
1129 1.4
1129 5.6
1130 5.6
1130 6.6
1201 4.4
1201 3.0
1202 4.8
1202 7.2
1203 10.2
1204 8.6
1204 5.2
1205 -1.1
1205 -1.3
1206 2.0
1206 6.6
1207 -0.7
1207 -0.3
1208 5.2
1208 2.0
1209 -2.5
1209 -1.3
1210 -1.3
1210 2.2
1211 0.6
1211 5.6
1212 7.6
1212 0.0
1213 -3.5
1213 -5.1
1214 -7.3
1214 -6.3
1215 -4.5
1215 -6.3
1216 -3.5
1216 4.4
1217 4.4
1217 5.0
1218 6.6
1218 6.0
1219 1.6
1219 2.6
1220 2.0
1220 2.6
1221 2.2
1221 1.2
1222 -5.9
1222 -4.3
1223 -5.3
1223 -4.1
1224 -4.1
1224 1.0
1225 2.6
1225 4.2
1226 -1.9
1226 -6.7
1227 -8.9
1227 -8.1
1228 -3.1
1228 -1.3
1229 -5.1
1229 -1.9
1230 -0.7
1230 1.4
1231 1.0
1231 3.0
0101 5.4
0102 1.4
0103 2.8
0103 2.8
0104 -1.3
0104 3.8
0105 2.6
0105 2.6
0106 0.8
0106 3.2
0107 3.4
0107 2.8
0108 -2.1
0108 -1.3
0109 -3.7
0109 -4.1
0110 -4.5
0110 -3.3
0111 -2.3
0111 1.8
0112 -3.1
0112 -3.1
0113 -6.1
0113 -4.1
0114 -8.9
0114 -7.7
0115 -7.9
0115 -4.1
0116 -4.7
0116 -3.3
0117 -2.7
0117 2.2
0118 -3.1
0118 -3.5
0119 -4.1
0119 -7.1
0120 -9.9
0120 -8.7
0121 -4.3
0121 -4.7
0122 -10.1
0122 -9.5
0123 -9.5
0123 -5.9
0124 -7.1
0124 -2.9
0125 -1.9
0125 2.0
0126 3.6
0126 -0.5
0127 -4.7
0127 -0.1
0128 1.2
0128 3.2
0129 0.4
0129 -6.1
0130 -8.7
0130 -5.9
0131 -2.5
0131 -1.3
0201 -7.1
0201 -5.1
0202 -1.5
0202 0.6
0203 1.2
0203 3.0
0204 3.0
0204 2.4
0205 -0.3
0205 -0.9
0206 -5.9
0206 -3.3
0207 -3.1
0207 -1.7
0208 -4.5
0208 -2.9
0209 -6.1
0209 -5.3
0210 -8.7
0210 -4.9
0211 -5.1
0211 -3.1
0212 -2.7
0212 1.4
0213 -0.5
0213 1.0
0214 -1.5
0214 1.6
0215 4.4
0215 7.0
0216 5.6
0216 -0.5
0217 -5.5
0217 -2.5
0218 -0.9
0218 2.2
0219 4.2
0219 4.6
0220 -7.1
0220 -3.9
0221 -3.7
0221 -0.7
0222 -2.1
0222 0.2
0223 -2.1
0223 -1.1
0224 0.8
0224 2.2
0225 2.2
0225 3.8
0226 1.2
0226 3.6
0227 2.6
0227 5.2
0228 5.4
0228 4.0
0301 1.6
0301 -1.1
0302 -1.7
0302 3.6
0303 5.6
0303 3.4
0304 1.8
0304 1.8
0305 -3.3
0305 0.2
0306 -1.1
0306 0.0
0307 -4.5
0307 -1.5
0308 0.2
0308 2.8
0309 2.4
0309 5.8
0310 4.6
0310 8.8
0311 4.6
0311 7.2
0312 3.2
0312 5.2
0313 2.2
0313 5.0
0314 2.8
0314 5.8
0315 4.4
0315 5.6
0316 4.2
0316 6.0
0317 9.0
0317 9.6
0318 8.6
0318 11.6
0319 9.0
0319 9.8
0320 8.4
0320 5.8
0321 3.6
0321 5.4
0322 6.8
0322 7.6
0323 7.2
0323 7.4
0324 6.4
0324 6.0
0325 5.4
0325 4.8
0326 5.4
0326 8.0
0327 6.6
0327 7.6
0328 6.2
0328 7.2
0329 6.0
0329 6.6
0330 6.6
0330 9.8
0331 6.2
0331 8.4
0401 8.6
0401 9.6
0402 10.2
0402 13.8
0403 12.6
0403 13.4
0404 8.2
0404 12.6
0405 9.6
0405 7.4
0406 8.2
0406 9.0
0407 9.4
0407 6.6
0408 8.6
0408 13.2
0409 9.8
0409 11.6
0410 10.6
0410 12.0
0411 10.4
0411 12.2
0412 12.4
0412 14.0
0413 10.2
0413 14.4
0414 12.0
0414 14.8
0415 8.6
0415 15.2
0416 13.2
0416 15.0
0417 12.2
0417 12.4
0418 11.2
0418 13.8
0419 11.8
0419 10.6
0420 8.4
0420 15.2
0421 12.0
0421 12.6
0422 15.8
0422 17.0
0423 13.4
0423 13.2
0424 13.2
0424 11.6
0425 11.0
0425 14.0
0426 12.6
0426 13.8
0427 15.2
0428 17.6
0428 19.4
0429 17.0
0429 21.4
0430 21.4
0430 21.4
0501 17.2
0501 16.2
0502 16.2
0502 11.6
0503 12.2
0503 13.0
0504 14.0
0504 14.6
0505 13.2
0505 14.8
0506 16.4
0506 14.0
0507 16.8
0507 19.8
0508 21.8
0508 19.8
0509 15.6
0509 13.8
0510 13.4
0510 14.8
0511 14.0
0511 18.0
0512 18.2
0512 16.8
0513 12.8
0513 18.0
0514 16.0
0514 16.8
0515 17.0
0515 19.6
0516 18.2
0516 17.0
0517 19.0
0517 19.6
0518 22.0
0518 22.8
0519 22.6
0519 22.4
0520 18.0
0520 17.0
0521 18.4
0521 17.2
0522 18.4
0522 16.6
0523 12.6
0523 16.8
0524 20.2
0524 23.0
0525 16.8
0525 18.2
0526 18.0
0526 20.0
0527 18.2
0527 16.6
0528 17.0
0528 18.2
0529 21.2
0529 18.8
0530 17.8
0530 17.2
0531 16.6
0531 16.6
0601 20.2
0601 22.0
0602 19.8
0602 16.8
0603 16.8
0603 20.2
0604 21.6
0604 24.8
0605 21.6
0605 20.0
0606 19.4
0606 14.0
0607 16.2
0607 19.6
0608 23.2
0608 28.0
0609 26.6
0609 26.2
0610 21.0
0610 20.0
0611 22.0
0611 23.2
0612 21.2
0612 21.8
0613 20.4
0613 22.2
0614 23.4
0614 25.8
0615 29.2
0615 29.6
0616 21.6
0616 21.4
0617 19.2
0617 24.0
0618 24.6
0618 25.6
0619 21.8
0619 23.0
0620 20.2
0620 20.4
0621 21.2
0621 24.0
0622 22.4
0622 21.6
0623 21.0
0623 20.6
0624 20.2
0624 20.4
0625 21.8
0625 24.2
0626 22.4
0626 23.2
0627 23.2
0627 22.2
0628 22.8
0628 23.0
0629 23.0
0629 22.8
0630 23.4
0630 25.4
0701 23.6
0701 23.4
0702 23.0
0702 22.2
0703 24.2
0703 25.0
0704 27.6
0704 28.4
0705 26.8
0705 25.0
0706 24.4
0706 24.6
0707 24.0
0707 24.2
0708 24.2
0708 25.4
0709 25.2
0709 25.4
0710 23.8
0710 24.0
0711 26.6
0711 28.8
0712 26.2
0712 29.0
0713 27.6
0713 29.4
0714 27.8
0714 28.6
0715 23.8
0715 23.8
0716 25.4
0716 25.4
0717 25.2
0717 24.4
0718 24.4
0718 26.8
0719 26.0
0719 28.0
0720 27.4
0720 28.2
0721 25.2
0721 26.8
0722 26.6
0722 26.0
0723 26.0
0723 27.2
0724 24.4
0724 27.6
0725 27.4
0725 28.2
0726 26.8
0726 26.8
0727 20.6
0727 22.4
0728 24.4
0728 26.4
0729 25.0
0729 24.8
0730 24.8
0730 23.0
0731 23.8
0731 24.6
0801 26.6
0801 25.8
0802 26.4
0802 27.0
0803 27.0
0803 25.6
0804 25.2
0804 26.4
0805 24.8
0805 25.0
0806 26.0
0806 26.8
0807 26.4
0807 27.2
0808 26.4
0808 26.6
0809 26.2
0809 27.2
0810 26.0
0810 26.6
0811 26.4
0811 27.2
0812 26.8
0812 26.4
0813 26.4
0813 24.8
0814 24.8
0814 23.2
0815 22.4
0815 24.0
0816 24.0
0816 24.0
0817 24.2
0817 24.6
0818 24.8
0818 25.2
0819 25.0
0819 25.0
0820 24.8
0820 24.8
0821 24.2
0821 25.6
0822 25.6
0822 25.6
0823 26.0
0823 27.6
0824 22.2
0824 26.4
0825 24.2
0825 26.4
0826 24.6
0826 25.4
0827 24.4
0827 20.6
0828 18.2
0828 21.0
0829 18.2
0829 20.0
0830 22.2
0830 21.8
0831 21.6
0831 23.2
0901 22.8
0901 23.0
0902 22.2
0902 22.4
0903 22.0
0903 22.8
0904 22.6
0904 23.0
0905 23.0
0905 23.0
0906 23.0
0906 23.2
0907 23.2
0907 23.0
0908 23.4
0908 24.2
0909 22.8
0909 23.6
0910 23.2
0910 23.0
0911 22.8
0911 22.8
0912 21.8
0912 23.0
0913 21.0
0913 21.8
0914 22.6
0914 22.6
0915 22.0
0915 21.8
0916 22.6
0916 22.6
0917 20.8
0917 21.8
0918 22.2
0918 22.4
0919 23.4
0919 22.4
0920 19.6
0920 20.6
0921 20.8
0921 22.2
0922 22.4
0922 22.4
0923 21.6
0923 22.0
0924 22.8
0924 23.0
0925 22.2
0925 22.2
0926 21.6
0926 16.2
0927 15.2
0927 17.4
0928 15.8
0928 16.2
0929 19.0
0929 21.0
0930 19.8
0930 22.4
1001 21.4
1001 19.8
1002 14.4
1002 13.8
1004 13.6
1004 14.6
1005 16.0
1005 15.8
1006 13.8
1006 16.4
1007 17.6
1007 18.2
1008 18.8
1008 18.0
1009 18.8
1009 10.8
1010 9.4
1010 9.0
1011 9.6
1011 11.2
1012 9.6
1012 13.0
1013 13.6
1013 14.6
1014 12.2
1014 13.6
1015 13.4
1015 14.2
1016 13.6
1016 12.2
1017 11.4
1017 14.0
1018 12.6
1018 14.8
1019 12.6
1019 14.6
1020 13.4
1020 15.0
1021 15.2
1021 12.4
1022 8.2
1022 9.0
1023 6.0
1023 8.2
1024 8.2
1024 11.4
1025 13.2
1025 14.6
1026 14.4
1026 14.2
1027 13.6
1027 14.6
1028 15.2
1028 14.2
1029 5.6
1029 7.6
1030 6.6
1030 10.6
1031 12.0
1031 14.4
1101 13.6
1101 13.4
1102 11.6
1102 10.0
1103 5.4
1103 4.8
1104 3.2
1104 8.8
1105 11.2
1105 12.6
1106 12.6
1106 12.4
1107 13.4
1107 13.8
1108 7.0
1108 8.0
1109 10.2
1109 14.6
1110 12.2
1110 8.2
1111 3.2
1111 5.2
1112 9.0
1112 12.0
1113 11.2
1113 10.2
1114 4.8
1114 4.4
1115 0.0
1115 0.6
1116 1.4
1116 7.8
1117 9.2
1117 0.6
1118 -5.1
1118 -0.7
1119 -0.9
1119 -0.1
1120 4.6
1120 3.2
1121 6.8
1121 10.0
1122 1.8
1122 3.6
1123 1.4
1123 4.0
1124 -1.5
1124 2.8
1125 6.6
1125 5.8
1126 -1.7
1126 -3.5
1127 -0.3
1127 8.6
1128 10.6
1128 4.6
1129 -5.5
1129 -5.5
1130 -4.7
1130 -3.1
1201 1.0
1201 2.4
1202 4.8
1202 5.2
1203 0.2
1203 -2.5
1204 -4.5
1204 -2.1
1205 -3.9
1205 2.0
1206 3.8
1206 3.8
1207 -0.5
1207 -1.7
1208 -4.7
1208 2.2
1209 3.2
1209 6.6
1210 2.2
1210 -2.5
1211 -8.9
1211 -9.3
1212 -9.7
1212 -7.1
1213 -5.7
1213 -6.3
1214 -5.5
1214 -0.5
1215 0.6
1215 -4.7
1216 -5.7
1216 -4.7
1217 -6.9
1217 0.6
1218 2.4
1218 0.4
1219 -6.9
1219 0.0
1220 1.8
1220 0.8
1221 3.2
1221 6.8
1222 6.2
1222 2.8
1223 0.4
1223 3.6
1224 2.4
1224 -1.3
1225 -3.3
1225 0.6
1226 -6.5
1226 -7.3
1227 -4.9
1227 2.0
1228 0.6
1228 1.2
1229 1.4
1229 -1.3
1230 -1.9
1230 -0.3
1231 -3.1
1231 -0.3
0101 -1.1
0102 -4.9
0102 -5.3
0103 -6.7
0103 -4.7
0104 -7.1
0104 -6.7
0105 -5.5
0105 -2.3
0106 -4.3
0106 -2.3
0107 -2.1
0107 1.0
0108 0.8
0108 -3.7
0109 -4.9
0109 -3.9
0110 -8.9
0110 -8.7
0111 -13.3
0111 -11.7
0112 -6.5
0112 -1.1
0113 -4.5
0113 1.2
0114 3.2
0114 1.4
0115 -3.1
0115 -0.1
0116 2.4
0116 0.6
0117 -0.5
0117 1.4
0118 -1.7
0118 0.8
0119 2.0
0119 2.2
0120 -1.9
0120 -1.1
0121 -4.9
0121 -2.9
0122 -10.7
0122 -12.7
0123 -13.5
0123 -11.3
0124 -13.7
0124 -12.3
0125 -13.5
0125 -14.1
0126 -16.1
0126 -13.1
0127 -11.9
0127 -6.7
0128 -8.5
0128 -8.1
0129 -6.9
0129 -5.9
0130 -3.1
0130 -0.9
0131 -4.3
0131 -2.7
0201 -2.9
0201 -0.3
0202 -5.7
0202 -7.1
0203 -10.3
0203 -54.1
0204 -9.9
0204 -7.1
0205 -9.3
0205 -10.5
0206 -10.5
0206 -2.9
0207 -5.7
0207 -6.9
0208 -8.7
0208 -1.5
0209 -0.1
0209 0.8
0210 -6.9
0210 -4.1
0211 -6.5
0211 -6.3
0212 -6.3
0212 -3.9
0214 -1.9
0214 -1.5
0215 -4.7
0215 -1.1
0216 -0.3
0216 -2.9
0217 -4.9
0217 -0.7
0218 1.4
0218 -0.1
0219 -2.1
0219 -0.1
0220 -1.5
0220 -1.1
0221 -1.7
0221 1.0
0222 1.2
0222 0.6
0223 0.0
0223 1.8
0224 -6.1
0224 -4.3
0225 -4.5
0225 -0.5
0226 0.8
0226 2.8
0227 0.2
0227 1.8
0228 2.4
0228 2.8
0301 -2.3
0301 -2.9
0302 0.2
0302 3.6
0303 3.8
0303 6.8
0304 3.6
0304 -0.5
0305 -3.1
0305 -2.3
0306 -3.9
0306 -0.5
0307 -0.1
0307 0.8
0308 -7.3
0308 -4.9
0309 -3.5
0309 0.6
0310 3.0
0310 3.6
0311 1.4
0311 2.8
0312 6.2
0312 7.8
0313 3.2
0313 4.0
0314 4.2
0314 6.4
0315 2.4
0315 -0.5
0316 -1.9
0316 1.8
0317 0.4
0317 3.6
0318 2.4
0318 2.6
0319 3.0
0319 4.6
0320 0.4
0320 4.8
0321 2.0
0321 2.8
0322 3.2
0322 7.6
0323 5.4
0323 6.2
0324 6.4
0324 7.6
0325 11.8
0325 15.2
0326 3.4
0326 3.2
0327 4.8
0327 10.0
0328 9.4
0328 12.2
0329 12.4
0329 10.8
0330 10.2
0330 10.8
0331 11.0
0331 8.4
0401 4.6
0401 6.0
0402 5.8
0402 8.0
0403 8.6
0403 7.0
0404 4.6
0404 7.2
0405 2.4
0405 3.4
0406 4.4
0406 3.4
0407 4.4
0407 3.8
0408 5.4
0408 4.4
0409 6.2
0409 7.6
0410 9.4
0410 13.6
0411 12.4
0411 15.4
0412 14.0
0412 13.6
0413 12.0
0413 7.6
0414 6.6
0414 11.4
0415 8.2
0415 10.2
0416 11.0
0416 9.6
0417 11.4
0417 10.8
0418 10.6
0418 14.0
0419 12.6
0419 12.2
0420 10.8
0420 16.6
0421 11.2
0421 9.2
0422 10.0
0422 11.0
0423 9.4
0423 11.4
0424 11.0
0424 17.2
0425 16.0
0425 17.2
0426 17.2
0426 17.2
0427 13.2
0427 18.0
0428 16.2
0428 18.0
0429 17.2
0429 17.8
0430 13.0
0430 9.6
0501 10.8
0501 13.6
0502 11.2
0502 14.4
0503 13.8
0503 14.6
0504 15.8
0504 18.4
0505 20.0
0505 21.0
0506 14.2
0506 16.4
0507 16.6
0507 20.0
0508 17.6
0508 17.0
0509 16.8
0509 17.8
0510 17.6
0510 17.4
0512 11.0
0512 10.8
0513 13.8
0513 14.6
0514 14.6
0514 16.8
0515 14.0
0515 13.8
0516 13.8
0516 15.4
0517 14.2
0517 18.0
0518 18.6
0518 23.6
0519 17.6
0519 13.2
0520 14.0
0520 13.8
0521 15.6
0521 13.6
0522 12.6
0522 13.2
0523 13.6
0523 20.2
0524 21.6
0524 25.0
0525 21.2
0525 19.0
0526 21.0
0526 18.6
0527 18.6
0527 19.2
0528 17.0
0528 18.6
0529 17.4
0529 14.8
0530 20.2
0530 21.0
0531 21.0
0531 20.6
0601 22.8
0601 23.8
0602 22.6
0602 21.6
0603 20.2
0603 22.2
0604 20.4
0604 18.8
0605 18.6
0605 19.4
0606 20.6
0606 19.6
0607 16.4
0607 16.0
0608 60.0
0608 21.8
0609 21.8
0609 18.4
0610 18.2
0610 17.8
0611 17.8
0611 18.8
0612 19.6
0612 19.6
0613 17.4
0613 18.4
0614 18.2
0614 18.2
0615 18.2
0615 18.0
0616 19.2
0616 20.8
0617 18.6
0617 19.0
0618 18.8
0618 19.2
0619 18.6
0619 19.8
0620 20.0
0620 23.6
0621 26.0
0621 24.4
0622 20.0
0622 19.2
0623 19.6
0623 24.4
0624 27.2
0624 28.2
0625 21.8
0625 22.0
0626 18.0
0626 18.6
0627 23.4
0627 24.8
0628 20.6
0628 27.0
0629 25.0
0629 24.0
0630 22.0
0630 19.6
0701 19.6
0701 21.0
0702 23.6
0702 22.0
0703 20.8
0703 23.0
0704 23.4
0704 21.8
0705 25.4
0705 22.8
0706 22.8
0706 22.0
0707 21.8
0707 21.2
0708 21.0
0708 22.0
0709 21.6
0709 20.8
0710 19.6
0710 21.2
0711 21.0
0711 24.0
0712 24.2
0712 24.6
0713 24.2
0713 24.4
0714 24.4
0714 26.2
0715 25.2
0715 26.0
0716 24.2
0716 25.2
0717 25.4
0717 25.4
0718 25.0
0718 26.8
0719 25.6
0719 25.2
0720 24.8
0720 25.6
0721 24.6
0721 24.4
0722 25.4
0722 25.6
0723 26.2
0723 26.4
0724 25.2
0724 25.8
0725 25.8
0725 26.2
0726 26.2
0726 26.2
0727 26.8
0727 27.2
0728 26.2
0728 29.0
0729 27.2
0729 28.4
0730 29.4
0730 29.6
0731 28.6
0731 31.2
0801 29.8
0801 32.2
0802 31.2
0802 32.4
0803 30.0
0803 29.8
0804 28.4
0804 28.4
0805 29.4
0805 29.0
0806 29.6
0806 29.8
0807 29.6
0807 30.0
0808 29.2
0808 27.0
0809 27.0
0809 27.6
0810 28.6
0810 29.4
0811 29.6
0811 28.2
0812 27.8
0812 28.6
0813 28.0
0813 28.4
0814 28.6
0814 28.0
0815 27.4
0815 23.2
0816 26.2
0816 26.8
0817 26.6
0817 25.0
0818 26.0
0818 25.6
0819 24.4
0819 22.8
0820 23.8
0820 22.2
0821 23.6
0821 26.2
0822 24.4
0822 26.8
0823 23.4
0823 24.0
0824 23.6
0824 24.4
0825 23.4
0825 24.4
0826 24.6
0826 24.2
0827 23.0
0827 24.4
0828 24.2
0828 24.2
0829 23.8
0829 23.8
0830 23.0
0830 24.6
0831 24.2
0831 25.0
0901 23.2
0901 22.6
0902 23.4
0902 23.8
0903 24.0
0903 24.4
0904 24.2
0904 24.0
0905 24.4
0905 25.4
0906 24.8
0906 22.4
0907 21.4
0907 21.2
0908 20.8
0908 19.6
0909 19.0
0909 20.4
0910 20.0
0910 20.4
0911 21.8
0911 20.4
0912 23.0
0912 23.2
0913 22.8
0913 22.2
0914 22.2
0914 21.4
0915 21.6
0915 19.2
0916 17.6
0916 20.2
0917 21.4
0917 21.4
0918 21.4
0918 22.0
0919 20.2
0919 18.6
0920 19.6
0920 20.6
0921 20.4
0921 21.0
0922 19.2
0922 19.4
0923 18.2
0923 18.2
0924 17.6
0924 17.6
0925 15.6
0925 17.8
0926 17.4
0926 17.8
0927 18.8
0927 17.6
0928 19.8
0928 20.0
0929 17.6
0929 17.4
0930 15.6
0930 15.6
1001 15.2
1001 17.0
1002 16.8
1002 18.6
1003 18.0
1003 18.4
1004 18.2
1004 17.4
1005 15.8
1005 17.8
1006 17.6
1006 16.2
1007 14.6
1007 16.4
1008 17.6
1008 18.0
1009 13.4
1009 9.4
1010 11.4
1010 10.6
1011 10.8
1011 11.8
1012 12.0
1012 13.8
1013 12.6
1013 14.8
1014 16.0
1014 16.2
1015 14.4
1015 16.4
1016 13.6
1016 12.8
1017 9.8
1017 11.2
1018 9.6
1018 11.6
1019 11.0
1019 13.2
1020 12.8
1020 12.8
1021 13.0
1021 15.4
1022 15.8
1022 15.8
1023 12.8
1023 11.4
1024 15.0
1024 14.0
1025 60.0
1025 17.4
1026 11.0
1026 12.2
1027 8.0
1027 11.6
1028 12.4
1028 6.2
1029 7.0
1029 7.2
1030 8.0
1030 7.6
1031 6.0
1031 10.2
1101 8.0
1101 10.6
1102 10.0
1102 12.0
1103 11.6
1103 12.4
1104 12.4
1104 7.8
1105 4.8
1105 6.8
1106 5.2
1106 7.0
1107 5.6
1107 7.2
1108 8.4
1108 6.6
1109 10.0
1109 10.6
1110 6.2
1110 8.2
1111 6.2
1111 8.4
1112 9.6
1112 10.2
1113 8.0
1113 9.6
1114 7.6
1114 10.2
1115 11.4
1115 4.0
1116 -0.7
1116 1.4
1117 3.6
1117 6.2
1118 7.4
1118 8.2
1119 4.6
1119 9.4
1120 9.6
1120 4.2
1121 2.6
1121 3.4
1122 1.4
1122 2.2
1123 6.0
1123 10.2
1124 2.6
1124 6.2
1125 7.0
1125 8.2
1126 10.0
1126 10.6
1127 8.0
1127 5.6
1128 3.6
1128 8.8
1129 3.0
1129 2.8
1130 2.2
1130 7.6
1201 4.0
1201 9.2
1202 11.0
1202 12.2
1203 8.4
1203 3.0
1204 -2.3
1204 -2.7
1205 -1.3
1205 2.2
1206 0.0
1206 -6.5
1207 -7.1
1207 -8.1
1208 -9.3
1208 -6.1
1209 -2.3
1209 -1.5
1210 -1.3
1210 0.4
1211 -2.5
1211 -4.9
1212 -4.7
1212 0.0
1213 -2.5
1213 -4.9
1214 -5.5
1214 1.4
1215 3.0
1215 4.4
1216 3.2
1216 3.2
1217 0.6
1217 2.2
1218 4.0
1218 2.2
1219 2.8
1219 4.6
1220 2.0
1220 6.4
1221 6.4
1221 4.4
1222 3.6
1222 4.6
1223 -1.9
1223 -4.5
1224 -1.9
1224 1.4
1225 2.6
1225 -1.9
1227 -12.3
1227 -11.5
1228 -11.5
1228 -6.3
1229 -8.1
1229 -7.5
1230 -9.7
1230 -7.9
1231 -8.7
1231 -7.7
0101 -5.3
0102 -4.3
0102 -2.3
0103 -2.5
0103 1.6
0104 0.6
0104 -3.1
0105 -3.5
0105 -5.9
0106 -6.3
0106 -2.1
0107 -17.1
0107 -1.9
0108 -3.3
0108 -5.1
0109 -6.5
0109 -0.7
0110 -0.7
0110 0.6
0111 -0.5
0111 2.4
0112 0.4
0112 0.4
0113 0.8
0113 -0.5
0114 -3.1
0114 1.6
0115 -7.1
0115 -7.7
0116 -4.1
0116 -0.7
0117 -1.7
0117 0.4
0118 -1.1
0118 2.4
0119 -1.3
0119 -1.7
0120 -4.3
0120 -1.9
0121 1.2
0121 1.4
0122 2.2
0122 2.4
0123 1.4
0123 1.0
0124 -1.9
0124 0.2
0125 -4.1
0125 -3.7
0126 -3.3
0126 -2.1
0127 1.0
0127 3.0
0128 -0.5
0128 -0.3
0129 -1.1
0129 2.4
0130 2.8
0130 -1.1
0131 -7.1
0131 -3.1
0201 -1.3
0201 2.4
0202 2.0
0202 4.6
0203 3.2
0203 -2.7
0204 -4.7
0204 3.6
0205 -0.3
0205 0.4
0206 -5.1
0206 -6.1
0207 -11.3
0207 -10.7
0208 -10.5
0208 -8.1
0209 -9.1
0209 -7.7
0210 -7.3
0210 -5.3
0211 -4.7
0211 -2.1
0212 -5.5
0212 -3.1
0213 -6.3
0213 -6.5
0214 -6.1
0214 -2.9
0215 -3.7
0215 -3.5
0216 -5.5
0216 -3.7
0217 -2.9
0217 -0.7
0218 0.0
0218 1.8
0219 -8.1
0219 0.4
0220 0.6
0220 0.0
0221 -0.1
0221 1.8
0222 1.8
0222 3.4
0223 2.6
0223 4.6
0224 2.4
0224 5.8
0225 60.0
0225 3.4
0226 2.6
0226 4.8
0227 5.0
0227 5.0
0228 3.2
0228 5.6
0301 5.2
0301 6.6
0302 5.2
0302 6.6
0303 7.0
0303 5.2
0304 7.8
0304 8.2
0305 6.2
0305 3.4
0306 1.2
0306 4.6
0307 2.4
0307 4.4
0308 4.8
0308 5.4
0309 4.2
0309 4.6
0310 3.6
0310 6.2
0311 4.8
0311 6.6
0312 1.2
0312 2.6
0313 2.0
0313 3.2
0314 6.2
0314 7.8
0315 2.4
0315 3.0
0316 4.4
0316 8.6
0317 5.6
0317 6.4
0318 6.8
0318 10.2
0319 7.2
0319 11.8
0320 9.2
0320 6.4
0321 1.4
0321 3.6
0322 6.0
0323 3.0
0323 3.4
0324 5.0
0324 9.8
0325 9.0
0325 10.8
0326 7.2
0326 5.6
0327 4.8
0327 8.2
0328 4.6
0328 6.2
0329 4.2
0329 4.6
0330 3.8
0330 5.0
0331 4.4
0331 6.4
0401 6.4
0401 7.2
0402 6.2
0402 8.8
0403 7.4
0403 12.0
0404 9.4
0404 18.8
0405 11.0
0405 12.4
0406 9.6
0406 10.0
0407 9.2
0407 10.6
0408 8.4
0408 10.8
0409 9.4
0409 6.0
0410 9.0
0410 11.0
0411 10.8
0411 12.8
0412 10.0
0412 8.8
0413 9.4
0413 10.8
0414 8.0
0414 13.0
0415 14.6
0415 17.8
0416 11.6
0416 11.2
0417 10.2
0417 12.6
0418 13.4
0418 12.6
0419 10.0
0419 10.0
0420 9.0
0420 8.6
0421 8.8
0421 12.0
0422 12.2
0422 12.0
0423 13.4
0423 11.8
0424 13.2
0424 11.8
0425 7.0
0425 9.6
0426 10.0
0426 15.2
0427 13.0
0427 8.8
0428 9.4
0428 10.2
0429 10.2
0429 10.6
0430 12.0
0430 17.0
0501 16.0
0501 17.8
0502 15.0
0502 22.6
0503 23.4
0503 23.4
0504 19.4
0504 19.6
0505 17.2
0505 15.0
0506 13.8
0506 16.0
0507 17.6
0507 18.4
0508 19.0
0508 19.0
0509 16.4
0509 17.8
0510 19.6
0510 16.6
0511 14.6
0511 13.8
0512 15.4
0512 16.8
0513 14.8
0513 14.0
0514 14.2
0514 14.4
0515 13.0
0515 17.0
0516 17.6
0516 20.0
0517 17.2
0517 16.4
0518 17.6
0518 19.2
0519 15.6
0519 18.6
0520 14.8
0520 18.6
0521 22.2
0521 18.2
0522 21.4
0522 24.0
0523 22.8
0523 19.0
0524 19.0
0524 22.2
0525 22.2
0525 18.0
0526 18.2
0526 16.0
0527 14.4
0527 17.6
0528 22.0
0528 24.4
0529 22.6
0529 23.6
0530 24.2
0530 22.8
0531 19.0
0531 20.8
0601 22.8
0601 22.2
0602 19.8
0602 22.8
0603 18.2
0603 17.4
0604 18.8
0604 16.6
0605 18.0
0605 17.6
0606 15.8
0606 16.4
0607 19.4
0607 21.4
0608 20.0
0608 18.8
0609 17.6
0609 17.8
0610 17.8
0610 16.8
0611 17.4
0611 18.2
0612 19.2
0612 19.8
0613 18.8
0613 20.2
0614 21.2
0614 20.6
0615 22.0
0615 23.0
0616 19.8
0616 20.4
0617 20.8
0617 20.2
0618 21.6
0618 19.6
0619 19.2
0619 19.6
0620 19.2
0620 19.4
0621 21.6
0621 26.4
0622 24.8
0622 23.2
0623 24.2
0623 24.4
0624 23.6
0624 23.2
0625 21.0
0625 23.2
0626 22.8
0626 21.2
0627 22.8
0627 23.8
0628 23.6
0628 22.4
0629 20.2
0629 22.4
0630 22.2
0630 24.0
0701 24.2
0701 24.8
0702 26.4
0702 23.6
0703 23.4
0703 24.0
0704 24.0
0704 26.6
0705 24.4
0705 25.2
0706 22.2
0706 22.8
0707 22.8
0707 23.2
0708 23.6
0708 22.8
0709 22.6
0709 22.8
0710 23.2
0710 22.2
0711 21.6
0711 22.2
0712 23.2
0712 23.6
0713 23.8
0713 23.8
0714 24.0
0714 24.4
0715 24.4
0715 24.2
0716 24.4
0716 24.0
0717 24.8
0717 24.8
0718 23.8
0718 24.0
0719 23.6
0719 25.6
0720 27.2
0720 27.4
0721 27.6
0721 29.2
0722 30.6
0722 28.8
0723 26.0
0723 25.4
0724 27.2
0724 27.8
0725 25.0
0725 26.4
0726 25.8
0726 27.0
0727 26.6
0727 26.0
0728 26.0
0728 27.6
0729 26.6
0729 28.2
0730 24.8
0730 26.2
0731 26.0
0731 27.2
0801 29.0
0801 26.6
0802 26.2
0802 24.0
0803 25.0
0803 26.2
0804 25.6
0804 27.2
0805 26.6
0805 26.6
0806 27.0
0806 27.0
0807 27.6
0807 27.0
0808 25.8
0808 25.6
0809 26.4
0809 27.4
0810 27.2
0810 27.0
0811 23.8
0811 24.0
0812 24.0
0812 24.0
0813 23.2
0813 23.2
0814 24.2
0814 23.8
0815 22.8
0815 25.2
0816 24.8
0816 23.8
0817 23.6
0817 23.6
0818 24.6
0818 25.6
0819 24.8
0819 25.2
0820 24.6
0820 24.2
0821 24.6
0821 24.6
0822 25.0
0822 25.2
0823 23.8
0823 24.6
0824 23.6
0824 25.2
0825 24.4
0825 25.0
0826 24.4
0826 24.8
0827 24.6
0827 24.8
0828 24.8
0828 25.2
0829 22.2
0829 22.2
0830 22.4
0830 22.8
0831 23.6
0831 25.4
0901 23.6
0901 24.8
0902 24.0
0902 23.6
0903 24.4
0903 25.0
0904 22.8
0904 20.8
0905 22.4
0905 23.0
0906 23.0
0906 23.0
0907 22.4
0907 24.2
0908 23.4
0908 24.0
0909 23.8
0909 24.8
0910 23.0
0910 21.8
0911 19.6
0911 22.2
0912 21.4
0912 23.0
0913 23.0
0913 20.2
0914 20.8
0914 22.0
0915 20.8
0915 21.8
0916 20.8
0916 19.4
0917 18.2
0917 21.2
0918 15.2
0918 16.8
0919 16.8
0919 19.8
0920 19.0
0920 19.2
0921 18.0
0921 22.4
0922 19.0
0922 20.0
0923 19.4
0923 19.8
0924 19.4
0924 21.6
0925 19.2
0925 19.8
0926 18.8
0926 19.6
0927 19.8
0927 20.2
0928 20.2
0928 20.8
0929 22.6
0929 22.6
0930 20.8
0930 22.0
1001 20.8
1001 20.4
1002 19.2
1002 19.6
1003 20.4
1003 18.2
1004 12.4
1004 10.4
1005 10.4
1005 13.4
1006 11.2
1006 15.2
1007 15.8
1007 15.8
1008 11.4
1008 13.2
1009 16.2
1009 16.8
1010 17.6
1010 16.0
1011 14.8
1011 16.0
1012 13.0
1012 14.8
1013 11.4
1013 7.6
1014 7.0
1014 7.6
1015 7.6
1015 10.4
1016 13.0
1016 14.0
1017 13.8
1017 14.2
1018 14.0
1018 14.4
1019 13.2
1019 15.0
1020 17.0
1020 17.6
1021 14.8
1021 16.4
1022 14.0
1022 14.6
1023 13.6
1023 14.8
1024 15.2
1024 16.6
1025 7.2
1025 8.4
1026 7.2
1026 10.8
1027 13.2
1027 14.4
1028 14.8
1028 13.0
1029 8.4
1029 10.4
1030 14.6
1030 15.8
1031 15.6
1031 16.2
1101 12.8
1101 11.6
1102 12.4
1102 15.2
1103 7.4
1103 6.8
1104 4.4
1104 8.6
1105 10.2
1105 8.2
1106 6.8
1106 11.8
1107 2.8
1107 4.4
1108 7.4
1108 10.2
1109 7.4
1109 12.6
1110 11.6
1110 10.2
1111 10.4
1111 9.6
1112 11.6
1112 14.6
1113 12.6
1113 2.4
1114 1.8
1114 12.6
1115 4.6
1115 7.6
1116 6.2
1116 9.0
1117 9.0
1117 7.6
1118 0.8
1118 1.4
1119 2.8
1119 1.8
1120 4.6
1120 7.8
1121 10.8
1121 11.6
1122 11.6
1122 12.8
1123 13.6
1123 12.4
1124 2.0
1124 -0.9
1125 -4.3
1125 -1.5
1126 2.2
1126 4.2
1127 -3.5
1127 -4.5
1128 -5.9
1128 -3.1
1129 -2.7
1129 1.4
1130 4.2
1130 4.6
1201 0.6
1201 -0.3
1202 -1.5
1202 2.0
1203 2.6
1203 3.2
1204 0.0
1204 -0.3
1205 -8.9
1205 -9.1
1206 -2.9
1206 1.2
1207 -0.9
1207 -0.3
1208 2.6
1208 6.0
1209 6.4
1209 4.8
1210 5.0
1210 7.0
1211 0.0
1211 0.0
1212 -2.1
1212 3.4
1213 7.0
1213 3.6
1214 0.0
1214 2.4
1215 3.4
1215 5.4
1216 5.4
1216 9.0
1217 1.4
1217 -2.7
1218 -4.9
1218 -3.3
1219 0.2
1219 -3.7
1220 -4.5
1220 -1.1
1221 3.4
1221 1.8
1222 1.6
1222 0.0
1223 -4.7
1223 -4.5
1224 -5.5
1224 3.4
1225 4.6
1225 -0.3
1226 -5.3
1226 -4.9
1227 -2.9
1227 4.4
1228 1.2
1228 7.4
1229 6.4
1229 6.4
1230 -6.9
1230 -8.3
1231 -8.3
1231 -2.5
0101 -1.1
0102 -1.3
0102 -0.3
0103 -0.9
0103 2.2
0104 0.4
0104 -58.5
0105 -0.7
0105 2.4
0106 3.6
0106 1.4
0107 0.4
0107 -3.3
0108 -4.1
0108 -2.5
0109 -3.7
0109 -0.9
0110 1.2
0110 1.4
0111 -4.5
0111 -4.3
0112 -5.3
0112 -5.5
0113 -4.3
0113 -1.9
0114 -7.9
0114 -5.3
0115 -5.7
0115 -1.3
0116 -3.5
0116 -3.5
0117 -4.7
0117 -2.5
0118 -3.9
0118 2.8
0119 -0.1
0119 -0.3
0120 -56.7
