31.58 32.56 33.65 32.86 32.64 36.85 37.69 33.34 39.0 34.11 32.29 37.4 26.15 31.47 41.84 36.59 26.05 31.57 38.72 30.83 37.61 24.72 29.44 36.52 23.8 29.83 31.01 37.96 38.07 33.09 34.65 
35.97 35.61 40.22 31.2 33.49 36.43 39.62 38.04 38.09 28.25 39.98 35.7 39.19 34.12 42.29 37.53 35.49 40.29 38.95 41.78 43.03 42.43 27.71 44.4 36.58 40.12 34.7 39.71 
49.36 44.21 43.41 47.86 50.15 36.77 42.25 48.79 46.22 42.52 42.76 42.99 47.8 45.95 47.13 51.38 44.55 44.81 43.84 43.62 44.02 48.77 42.69 41.29 43.9 48.85 41.04 44.63 47.37 51.41 49.32 
28.02 24.86 22.29 24.23 19.75 27.8 26.55 23.62 26.72 24.54 25.41 25.82 20.18 26.03 24.59 24.03 19.16 24.68 28.34 25.39 26.32 25.94 21.89 21.08 23.36 25.85 20.99 25.91 24.99 25.23 
109.73 118.72 125.85 133.14 94.66 107.18 117.26 108.27 127.05 130.92 97.92 132.28 93.47 135.16 102.77 128.02 138.08 99.67 114.17 120.29 110.79 119.49 109.3 111.92 118.51 125.63 130.33 116.38 144.1 114.01 100.81 
182.82 197.42 194.25 165.28 186.12 209.35 131.66 178.14 172.38 170.06 218.82 236.73 166.17 186.01 162.12 169.95 184.07 171.51 182.6 200.04 153.74 145.4 183.95 148.42 167.11 168.48 159.58 167.25 179.51 187.76 
223.16 196.28 212.38 230.69 278.58 230.82 260.92 226.05 214.8 225.68 234.74 251.86 214.58 191.02 237.31 250.44 208.07 213.23 233.76 224.44 233.31 207.32 247.33 253.83 221.39 239.98 229.62 253.86 227.08 245.55 212.03 
124.34 117.06 113.16 101.85 112.62 109.93 106.03 111.81 134.99 103.71 122.33 120.86 112.67 132.84 115.49 110.99 115.49 105.59 122.27 125.13 112.14 138.42 127.25 111.48 130.58 110.44 113.38 123.17 122.03 103.8 109.34 
77.97 76.35 79.53 69.62 57.08 75.54 64.81 69.09 76.03 69.56 67.17 71.44 74.6 55.5 78.85 71.52 66.97 80.43 70.37 78.44 66.8 77.56 71.75 66.27 68.08 75.26 66.39 80.81 68.06 76.71 
26.39 25.84 19.58 20.09 26.03 25.25 22.91 23.11 23.24 25.24 23.27 28.0 25.63 21.97 24.09 18.37 22.88 19.44 22.11 26.72 24.03 23.9 25.95 25.81 23.66 23.75 21.55 24.56 27.13 24.93 23.01 
17.41 18.65 17.77 14.78 21.08 22.28 15.72 19.86 19.49 18.56 16.82 21.5 20.82 20.08 18.07 20.45 18.27 20.67 18.0 19.65 17.03 15.18 17.93 18.21 21.18 22.17 16.81 18.16 16.66 19.08 
9.81 10.44 9.51 10.61 10.52 11.39 11.27 10.38 13.08 10.97 10.13 9.41 10.8 8.3 9.48 8.94 10.45 10.77 10.63 12.15 10.87 10.2 10.14 9.41 10.24 9.59 14.8 10.27 9.82 10.61 11.07 
