19.62 21.06 22.14 23.9 18.88 18.81 21.15 15.79 20.42 24.1 16.73 24.51 20.63 21.24 21.61 18.8 19.36 16.44 18.54 19.14 20.56 23.96 18.07 18.61 19.71 20.28 19.81 15.81 18.3 22.62 21.83 
102.28 91.13 109.72 124.49 106.92 101.75 103.65 110.29 111.11 93.32 114.99 112.8 106.85 115.03 99.2 111.18 111.08 108.17 126.68 123.46 106.08 97.61 117.47 92.64 96.5 97.92 111.1 113.95 
53.11 65.2 57.79 62.56 50.96 52.96 57.94 51.33 49.09 71.0 65.76 67.6 61.93 62.76 61.42 64.91 52.05 61.69 56.34 51.66 61.5 57.56 70.09 49.16 64.49 59.74 61.13 61.88 50.75 50.11 63.71 
102.01 99.33 102.05 88.13 93.26 97.63 102.73 93.94 104.6 91.11 97.13 89.04 96.43 92.39 96.96 93.24 99.28 106.9 102.0 103.32 100.03 105.39 90.54 105.66 123.81 98.74 98.03 104.68 102.64 110.44 
26.58 26.08 20.89 28.09 26.32 22.55 29.23 24.87 24.81 24.1 33.89 27.73 24.62 28.57 26.84 27.41 28.83 24.92 31.48 24.9 28.84 25.63 25.3 21.29 28.59 24.22 24.05 27.11 30.65 21.97 25.72 
133.44 105.06 113.33 89.56 99.86 138.94 120.55 113.01 138.47 117.62 112.15 109.71 110.27 123.82 129.64 137.89 106.73 104.25 100.64 102.37 111.16 112.9 122.49 106.47 121.34 97.86 97.44 119.52 131.99 125.23 
261.73 290.2 279.55 279.81 258.36 280.03 272.17 268.3 252.84 238.54 255.27 278.74 243.57 303.77 282.12 271.09 237.92 267.6 244.94 209.88 202.66 254.76 289.97 318.87 311.55 290.66 269.04 249.3 258.07 235.63 250.66 
158.88 172.33 174.51 162.56 174.29 181.64 183.28 173.03 163.55 179.15 147.6 135.78 172.81 156.54 150.78 173.14 151.86 193.46 171.58 148.71 163.1 169.81 140.94 180.86 160.01 176.13 150.13 188.69 158.94 159.62 149.79 
80.52 95.37 83.51 93.07 85.2 85.0 87.51 88.91 66.01 109.67 96.2 100.86 63.05 74.72 89.13 90.88 64.53 81.44 84.0 84.35 87.12 84.18 73.93 83.24 84.03 79.33 82.81 86.24 87.95 88.43 
31.23 31.12 31.74 31.84 26.21 31.68 37.05 29.44 34.47 33.41 33.92 32.49 24.06 32.4 29.82 31.83 35.91 35.56 31.08 39.04 37.13 35.1 36.5 32.07 28.96 30.42 25.59 38.14 32.19 35.19 27.58 
115.9 90.65 127.21 120.25 98.65 105.32 88.82 91.46 103.02 99.26 103.92 101.23 108.57 105.59 85.47 90.03 95.45 97.91 93.13 98.21 98.26 104.44 106.23 94.41 88.91 93.17 95.54 106.58 95.03 108.06 
3.49 4.02 4.31 3.92 4.14 3.72 3.58 3.7 4.12 3.59 3.72 3.07 4.14 3.83 3.63 3.36 4.26 4.03 3.18 4.13 3.63 2.9 3.64 3.09 4.13 3.6 3.54 4.16 4.04 3.55 3.5 
