21.9 31.23 30.01 34.98 33.24 27.52 24.71 33.0 26.09 30.91 27.2 27.97 35.66 25.86 31.47 30.85 28.93 32.55 27.61 31.82 29.86 29.53 29.08 31.68 33.44 31.72 32.1 25.04 28.17 29.09 22.52 
59.71 52.4 50.06 59.79 60.61 58.79 60.86 63.24 66.11 62.23 53.1 56.5 53.48 59.37 62.29 48.0 59.91 63.35 58.57 54.87 57.16 51.92 65.99 60.74 45.5 53.76 53.54 70.66 
119.32 108.79 102.15 106.76 109.82 92.5 105.73 101.71 109.62 109.64 114.19 112.86 98.94 111.82 98.94 106.06 125.41 108.07 109.2 99.99 107.38 105.8 119.72 96.88 122.41 108.51 102.91 104.84 107.77 108.79 111.31 
133.0 116.28 141.43 129.79 125.06 120.0 102.37 123.63 139.55 107.84 140.49 122.72 137.75 121.06 109.16 107.01 132.39 131.72 103.5 138.52 108.63 115.24 122.67 123.73 133.13 114.2 130.43 132.35 113.72 126.65 
100.14 91.33 99.23 68.79 98.79 97.0 81.81 95.78 99.46 94.4 105.31 108.26 103.14 90.65 100.73 96.5 98.76 86.14 93.51 112.71 97.33 100.84 102.53 110.58 96.41 90.84 102.75 112.6 93.39 100.53 96.43 
680.17 550.69 668.66 712.27 722.57 621.26 717.11 605.21 685.24 662.77 681.46 601.67 734.06 592.85 610.8 585.83 678.52 620.9 595.97 624.13 659.62 718.07 747.13 596.58 639.46 619.88 797.63 573.61 642.9 539.93 
272.03 230.95 287.29 274.72 226.88 244.36 265.9 257.76 274.8 249.03 281.02 290.32 291.62 282.83 236.22 301.72 261.06 259.64 270.67 262.99 291.48 287.21 253.46 217.2 261.73 277.22 252.27 243.32 284.85 245.95 236.36 
199.75 231.98 171.3 183.1 191.98 204.06 201.29 159.17 194.48 174.92 199.96 195.1 201.19 181.73 175.6 165.73 205.83 192.21 204.59 190.45 196.58 199.5 186.43 149.51 184.32 195.59 185.64 164.47 164.79 197.87 191.11 
97.86 85.03 113.89 138.17 102.97 108.86 111.81 106.15 117.56 125.34 127.34 109.26 118.35 96.7 122.61 104.63 107.44 111.92 113.82 111.65 121.66 108.36 134.42 128.11 110.18 113.31 98.29 124.61 105.59 98.43 
16.45 15.45 15.01 14.13 14.97 14.32 14.19 15.77 15.05 13.55 13.35 11.85 16.18 11.3 11.55 13.55 14.15 14.57 13.15 13.86 16.32 13.38 14.21 14.22 16.02 12.9 15.15 14.59 16.54 13.59 13.01 
106.75 121.29 108.29 106.79 103.52 114.54 109.81 110.73 96.84 117.31 117.04 91.63 124.4 132.07 88.0 101.09 114.78 111.57 93.45 96.49 114.68 107.48 107.85 121.08 136.08 103.88 106.28 113.12 114.02 112.33 
11.98 13.05 11.77 12.86 13.12 11.88 14.02 14.44 10.54 10.81 11.53 12.91 11.88 14.21 11.57 12.66 11.74 12.84 13.02 13.32 12.45 12.07 12.37 13.33 11.48 11.87 13.7 12.37 12.23 11.4 12.62 
