61.08 62.0 50.91 60.03 59.19 52.11 58.87 53.41 68.97 59.19 58.68 50.12 70.09 59.86 53.91 66.67 56.99 59.24 69.08 56.96 67.26 55.47 68.16 64.89 63.89 47.09 58.97 64.52 73.75 65.26 55.99 
33.31 32.8 36.31 24.45 24.93 33.58 26.31 24.58 33.51 30.95 31.3 31.43 32.17 31.79 31.38 27.8 30.11 29.9 30.01 28.79 31.03 29.53 27.61 26.96 31.91 33.48 31.91 28.14 29.54 
45.14 36.19 44.45 41.77 34.44 40.55 45.39 31.66 40.67 37.3 43.76 36.74 38.19 38.88 42.85 41.42 38.77 38.42 37.65 39.02 38.85 39.94 38.88 38.33 37.55 38.43 35.03 40.68 42.8 36.75 34.52 
168.25 153.19 129.4 175.32 136.61 173.72 153.31 139.69 146.24 156.17 137.29 149.36 114.38 164.4 154.38 143.58 140.85 147.52 154.0 175.26 163.78 185.87 148.47 135.35 144.32 171.99 178.05 133.99 159.12 134.97 
164.21 156.01 129.16 148.65 161.44 147.59 149.15 140.99 181.42 166.22 141.31 133.5 173.91 133.2 149.67 157.57 169.91 128.03 148.62 141.28 176.43 155.85 169.6 164.03 158.64 150.18 154.62 168.25 200.29 125.17 171.43 
165.91 193.97 160.68 168.73 171.13 179.26 164.88 192.06 203.36 156.03 166.85 199.06 178.76 152.75 159.58 200.11 148.29 146.63 151.93 164.5 176.72 157.73 179.35 167.22 176.77 154.22 184.58 163.59 180.24 166.84 
488.45 496.22 518.57 455.88 486.96 392.33 549.82 473.04 425.9 482.57 401.85 446.82 513.92 447.16 498.89 491.36 450.03 463.88 401.98 485.08 425.26 503.32 481.46 508.98 502.39 412.36 449.9 490.68 435.86 495.89 422.44 
78.39 82.72 85.73 100.37 75.05 83.88 79.08 75.37 72.93 56.09 72.94 85.09 77.84 89.67 91.19 88.45 84.43 93.2 80.98 83.01 92.81 81.47 78.43 66.84 80.55 80.21 76.87 86.61 76.83 85.38 76.41 
192.79 204.1 191.76 215.2 210.66 178.48 200.88 167.29 194.89 189.19 188.56 175.08 187.06 215.16 192.91 197.55 179.1 220.82 198.75 219.6 178.85 222.81 201.0 199.38 190.69 204.11 162.8 207.93 211.21 194.5 
286.85 320.85 330.52 368.47 289.92 323.6 327.48 300.51 311.92 336.75 352.94 282.52 242.42 296.63 279.54 327.25 276.9 352.69 278.31 310.94 281.26 296.5 285.04 295.92 356.02 329.64 306.07 287.01 313.19 296.64 292.83 
76.16 83.8 100.41 80.12 88.64 101.98 85.96 89.8 111.92 94.18 104.64 115.72 100.25 116.05 95.53 99.04 92.91 109.58 90.29 95.94 105.8 100.88 78.54 97.28 89.11 106.63 96.04 97.15 94.13 112.59 
59.86 65.95 62.65 52.32 61.16 55.06 79.65 65.4 71.19 60.7 58.79 53.73 63.82 66.43 65.39 61.42 71.01 65.72 61.28 74.03 74.83 63.8 73.66 65.99 71.43 58.98 60.62 63.67 65.06 78.19 71.63 
