57.69 55.67 57.39 56.66 54.97 58.24 75.48 61.29 60.66 53.68 50.37 48.42 70.81 49.15 60.82 59.66 52.56 67.42 59.83 70.87 62.4 61.33 57.35 60.2 56.36 51.96 59.8 61.97 61.12 63.03 59.2 
38.02 36.94 40.73 33.01 33.3 34.36 49.36 33.0 41.08 42.36 45.17 43.13 41.93 36.89 39.57 45.0 41.07 33.58 39.15 38.48 43.97 32.96 44.24 24.54 32.74 40.02 42.21 34.58 
60.41 55.93 52.33 46.91 53.75 59.39 67.49 49.54 63.18 46.14 48.21 56.41 52.54 46.03 56.66 54.65 50.74 56.78 56.62 61.98 59.33 60.38 57.22 43.76 53.06 49.05 48.68 56.74 57.76 49.66 46.8 
120.19 107.41 132.41 116.19 108.74 110.37 127.74 135.68 120.67 134.98 132.14 132.35 113.68 108.83 114.34 128.4 116.41 92.31 118.7 121.26 103.93 129.59 93.4 103.27 115.47 99.46 124.19 121.2 134.67 122.62 
74.94 76.37 84.34 83.19 97.43 88.95 84.43 79.53 85.26 89.34 79.14 95.01 78.46 90.32 83.55 101.32 98.08 77.57 77.86 93.5 66.33 83.05 83.5 84.71 73.3 85.7 89.69 80.05 91.91 91.43 87.78 
263.91 265.27 272.92 297.12 287.0 325.49 355.81 287.47 293.93 325.57 384.44 270.56 265.54 378.45 331.54 261.5 338.98 331.71 292.32 290.8 375.0 328.83 308.7 353.16 293.69 347.79 306.59 310.24 332.08 271.94 
82.36 93.8 89.89 71.97 92.36 102.08 103.15 77.74 104.31 84.98 93.62 89.03 87.3 88.88 102.63 92.84 99.76 101.16 95.06 98.61 78.46 96.6 98.51 95.71 92.23 88.7 73.65 108.71 110.7 91.74 98.61 
231.3 231.31 195.03 222.46 224.62 209.76 212.81 195.31 229.33 211.24 246.5 243.59 224.95 188.01 182.44 214.55 195.47 202.98 188.79 224.75 207.56 207.94 261.05 232.11 193.8 214.34 240.48 208.51 237.97 207.53 218.98 
203.54 205.97 185.65 176.61 187.69 162.74 182.97 181.1 203.74 188.2 179.03 187.16 181.23 164.16 189.6 167.29 168.67 184.44 183.0 213.34 180.6 156.15 186.68 184.24 184.5 156.67 190.85 184.11 172.17 162.18 
92.48 84.29 88.34 87.81 77.32 73.54 82.67 71.62 62.15 84.82 98.96 74.39 72.55 82.78 76.45 95.13 91.22 69.63 85.25 60.96 98.33 74.87 70.03 81.97 72.85 79.82 88.36 79.59 78.23 75.95 78.21 
7.8 7.89 6.29 6.31 8.65 6.91 7.03 7.38 5.3 6.95 7.37 7.7 8.17 7.64 7.32 7.18 8.54 8.23 6.56 7.72 8.43 5.88 7.37 7.26 8.09 7.71 6.75 7.64 7.18 8.08 
8.07 8.98 8.48 9.18 9.8 9.34 11.24 10.03 9.44 8.7 8.22 11.12 6.86 10.92 7.73 10.25 9.0 9.1 10.09 8.9 8.82 8.21 8.37 9.22 7.5 8.91 9.04 10.42 9.23 9.95 9.49 
