123.96 108.65 96.03 93.86 120.37 105.77 93.4 114.93 104.96 97.56 90.2 87.89 105.94 100.82 92.07 120.46 92.79 82.14 102.73 103.35 101.5 129.51 92.31 118.13 117.54 112.93 120.14 106.84 101.85 95.61 108.48 
42.69 47.21 50.66 38.68 38.95 48.56 44.44 44.18 52.01 42.71 46.46 50.04 31.34 44.46 48.77 42.43 38.16 40.35 50.23 42.61 48.87 45.79 50.92 51.26 47.22 44.08 50.86 47.07 
111.39 123.25 123.77 120.25 108.99 89.16 112.89 131.35 111.11 113.03 116.74 126.05 132.32 112.28 111.47 132.77 124.25 110.04 115.96 141.97 119.43 125.94 121.07 109.44 124.58 125.4 114.95 110.74 115.55 113.47 120.67 
57.54 66.11 53.37 59.86 64.22 64.03 53.84 57.4 63.43 61.25 59.9 67.07 62.68 58.64 61.95 60.9 58.72 70.2 74.93 66.23 62.68 62.52 54.07 59.12 63.64 62.39 60.24 54.25 49.06 61.09 
142.99 146.22 148.47 120.56 157.45 133.75 109.7 130.28 123.19 158.72 130.11 148.77 143.38 140.72 153.75 120.96 150.27 139.18 122.57 144.42 137.89 141.23 151.59 125.9 137.0 150.86 155.27 162.68 172.0 138.47 171.02 
47.76 52.77 46.28 52.19 51.19 46.93 57.52 51.86 54.88 57.25 45.89 47.41 50.0 40.36 44.08 51.07 49.54 48.03 40.43 55.84 50.79 48.75 51.73 47.05 49.75 47.04 53.64 38.62 44.97 61.19 
206.36 183.08 226.15 215.25 211.67 153.98 187.08 158.36 167.82 213.65 161.67 192.2 195.79 207.22 170.57 203.77 199.72 205.08 188.71 172.71 184.52 188.48 148.74 181.75 192.44 154.51 191.37 156.91 186.19 158.13 161.98 
255.47 269.2 282.62 270.78 261.76 349.0 322.93 261.31 234.0 289.01 311.18 285.82 321.24 335.14 223.63 288.91 265.41 298.25 250.88 264.9 268.9 267.89 289.32 274.59 260.37 245.24 281.13 321.22 255.42 281.48 271.48 
68.47 66.02 59.68 70.11 77.61 81.32 70.11 78.11 67.62 60.79 73.41 67.85 52.42 66.1 56.65 58.96 66.17 65.57 72.29 54.11 61.44 72.84 70.2 70.73 53.82 67.08 71.16 62.31 74.64 54.1 
41.78 43.94 38.5 32.63 33.41 38.15 41.22 36.05 36.26 39.76 33.86 35.93 36.12 39.49 37.86 28.3 37.23 32.64 39.37 39.94 41.7 38.45 33.44 41.11 39.03 45.74 37.39 37.5 31.94 32.67 39.1 
58.87 71.07 66.55 56.09 62.82 70.47 50.26 62.64 76.59 59.71 70.12 59.89 66.8 70.15 74.09 59.64 75.13 54.76 70.58 67.75 68.61 66.71 51.92 54.61 61.04 56.27 59.15 62.5 62.41 75.02 
109.57 123.43 125.34 120.27 113.3 117.43 128.87 90.43 121.6 117.25 124.94 132.54 88.91 128.47 125.03 126.29 107.18 124.25 95.31 106.5 124.35 116.12 138.37 123.02 116.35 87.7 99.01 120.92 106.52 125.02 104.37 
