60.18 50.49 57.24 61.81 52.44 50.03 49.35 54.31 48.33 46.46 53.47 49.95 61.36 44.86 55.83 45.07 49.54 48.73 54.29 50.7 43.72 56.61 50.47 50.68 55.01 56.37 57.93 49.77 53.18 48.38 49.03 
78.06 101.22 82.1 81.88 89.2 101.74 92.96 95.26 106.33 80.57 102.34 85.23 109.9 106.76 105.67 86.77 89.14 86.66 79.31 86.58 91.64 102.67 72.49 91.69 95.87 87.52 98.95 81.53 
38.4 41.32 33.08 39.1 36.14 41.77 36.34 50.71 29.63 36.01 44.79 36.28 34.05 40.79 33.77 40.33 34.71 37.19 45.0 43.53 32.81 36.89 36.95 39.19 38.26 40.12 40.66 33.92 43.8 39.15 36.04 
59.67 47.52 55.97 48.51 48.38 51.25 56.87 48.64 53.53 53.0 55.83 56.92 51.86 52.74 52.67 47.3 54.76 49.8 51.31 49.06 59.89 52.42 53.61 56.61 36.98 56.34 58.64 50.83 49.15 45.63 
41.91 40.32 39.36 39.81 38.98 42.24 41.56 33.61 36.7 41.86 47.46 42.26 43.85 37.04 34.06 39.66 40.0 35.52 37.36 36.5 51.55 35.29 45.62 38.04 43.81 45.25 36.41 40.13 47.52 40.0 42.51 
119.18 99.02 101.4 112.56 98.5 123.71 123.67 87.33 123.18 124.59 127.29 109.33 107.76 107.85 108.26 105.51 90.01 100.77 105.11 99.94 121.13 108.37 86.67 106.34 122.57 106.62 91.08 121.05 96.82 111.0 
69.37 57.79 60.94 56.55 67.03 63.84 58.82 68.51 57.98 53.47 60.83 46.96 74.66 64.76 64.55 68.17 52.56 66.06 57.35 65.1 70.4 71.03 63.59 54.36 61.47 64.88 54.29 66.36 55.44 65.82 68.11 
113.48 125.4 118.27 109.3 113.93 113.56 125.62 137.79 105.84 106.79 124.81 126.22 132.05 126.62 124.36 120.56 118.16 122.08 130.48 115.42 122.31 122.12 133.99 135.99 136.72 121.9 116.88 106.34 135.64 110.86 101.07 
48.21 50.04 45.41 58.98 49.1 56.33 43.58 55.14 48.4 59.17 48.09 49.85 51.83 58.33 64.28 54.5 52.05 51.96 59.96 49.42 49.6 47.83 51.64 55.02 48.69 53.08 56.73 48.36 56.23 48.2 
1.25 1.4 1.36 1.51 1.35 1.39 1.56 1.62 1.67 1.55 1.44 1.25 1.45 1.65 1.58 1.23 1.43 1.45 1.56 1.67 1.71 1.3 1.31 1.19 1.48 1.4 1.46 1.43 1.55 1.32 1.58 
52.85 42.08 42.28 44.86 45.87 43.02 43.0 48.98 45.23 51.85 40.53 43.28 52.53 44.56 41.33 59.36 47.3 50.63 48.53 48.47 47.5 42.18 55.71 41.2 42.69 48.47 38.11 55.25 59.25 48.25 
57.38 53.86 43.65 53.8 53.37 55.38 58.56 50.97 50.61 57.03 52.55 59.15 51.7 48.91 48.32 59.31 51.79 56.41 45.74 45.72 58.73 54.45 49.57 56.11 50.76 55.86 55.06 51.01 58.76 56.37 47.24 
