61.05 90.0 86.46 63.57 79.41 82.32 65.75 70.91 69.63 77.13 79.19 51.63 68.65 80.53 81.31 80.1 93.02 72.16 74.18 76.17 68.23 72.64 79.43 62.54 59.2 75.0 76.09 80.6 70.53 69.75 81.45 
33.68 31.13 36.0 39.11 35.84 34.57 31.04 30.88 32.56 35.34 35.72 34.71 32.54 32.24 38.39 35.86 37.16 31.33 31.17 37.44 37.17 40.29 34.4 33.62 37.02 35.89 36.11 34.31 37.95 
85.7 96.94 100.61 76.26 84.41 84.5 99.89 84.48 99.34 77.5 101.35 91.36 83.5 100.7 88.34 102.78 91.75 90.46 76.36 95.56 99.16 102.12 84.13 97.49 91.61 85.76 86.95 100.42 80.98 124.18 96.12 
62.65 70.49 68.04 72.6 68.72 66.03 71.82 63.91 52.14 67.14 58.55 71.22 67.67 65.03 85.57 80.17 73.16 71.29 72.76 63.43 63.88 65.8 77.28 64.59 55.71 51.33 62.47 69.27 65.16 69.81 
31.55 36.75 32.01 40.73 34.86 35.26 26.36 31.63 34.39 35.56 36.73 32.66 32.97 31.06 34.33 35.0 27.26 40.25 31.27 29.97 30.89 31.15 27.31 36.24 34.15 40.39 33.51 33.28 32.94 32.57 36.74 
344.92 353.83 299.54 377.01 353.46 356.11 318.66 401.59 311.82 340.8 399.71 307.6 289.91 390.51 399.31 381.6 335.51 313.87 363.92 378.61 392.59 394.19 306.39 316.89 362.24 377.49 325.63 384.12 341.52 310.02 
253.95 240.82 280.48 264.39 257.75 301.12 295.97 240.0 213.34 264.98 299.05 279.52 277.3 273.95 253.95 292.32 242.87 285.67 273.96 247.35 269.5 281.75 279.58 287.67 272.4 295.76 258.6 247.63 282.21 250.87 264.63 
120.62 98.72 125.38 114.72 118.06 120.79 110.06 110.0 84.83 120.14 143.81 112.9 100.31 105.14 121.36 104.74 132.48 116.05 122.73 119.12 109.89 115.02 109.86 94.08 122.69 99.49 92.47 101.82 107.26 105.65 115.55 
81.85 74.18 80.44 86.61 79.47 85.76 83.06 76.71 78.66 84.21 74.51 90.55 84.91 77.23 87.5 80.12 88.28 78.61 90.55 89.03 80.99 76.33 75.36 73.41 92.19 74.27 85.13 72.65 99.93 85.35 
76.63 74.79 76.85 61.76 58.49 58.6 58.82 65.07 70.85 65.06 68.99 55.78 66.93 63.92 73.72 60.28 57.93 66.35 54.93 63.71 66.07 67.13 72.88 55.42 74.08 66.39 68.56 70.93 66.15 68.8 65.03 
80.06 74.51 62.26 70.11 78.88 75.89 72.4 80.93 88.98 57.02 87.16 72.46 70.46 84.46 76.64 69.12 83.98 77.95 71.24 71.8 87.28 81.88 81.21 78.97 67.42 74.67 81.95 72.06 81.63 74.72 
22.29 20.26 16.7 21.43 14.45 20.97 19.84 19.37 18.63 17.89 19.73 19.41 19.95 18.84 23.89 16.72 20.3 19.63 23.3 23.93 21.95 18.56 20.86 19.76 23.14 18.99 19.52 19.03 23.61 19.18 16.63 
