37.1 29.45 29.05 34.45 29.91 30.86 37.19 28.66 33.96 27.87 39.87 34.0 28.09 29.54 35.46 31.7 36.67 31.91 31.6 32.1 31.81 26.85 27.86 35.17 33.97 34.27 36.23 34.74 32.34 36.77 26.81 
30.78 43.51 34.63 36.45 42.8 34.23 39.21 35.9 42.18 26.03 33.02 36.36 42.38 27.53 39.93 33.74 33.11 30.73 37.7 39.83 35.41 34.54 33.36 40.56 33.83 44.08 43.74 33.32 
87.17 85.5 77.82 89.52 111.64 90.59 90.28 101.76 102.2 90.18 79.79 98.21 102.99 109.46 107.95 82.8 85.85 90.12 95.87 106.61 95.07 113.19 100.52 92.9 94.62 105.31 86.07 101.9 101.28 94.55 94.85 
21.46 32.42 31.07 31.85 33.42 29.92 25.86 26.81 32.77 28.3 31.69 32.38 30.04 28.32 27.34 29.83 32.75 28.33 30.71 24.11 28.7 29.13 28.72 30.99 33.08 34.08 29.81 22.72 30.77 25.12 
255.61 247.15 226.19 201.73 235.03 203.24 252.73 232.01 237.08 233.6 202.53 225.4 237.79 236.45 231.08 216.23 253.03 214.88 238.56 196.27 244.58 211.62 206.57 201.62 219.26 252.85 220.03 197.91 217.74 170.14 253.53 
75.69 80.46 89.11 80.28 70.81 71.29 74.27 77.43 72.88 74.92 70.6 71.74 92.47 87.71 84.87 79.39 76.61 85.09 89.67 68.7 88.37 70.9 73.17 86.65 83.29 69.83 63.13 65.08 80.33 75.85 
325.67 354.86 358.01 352.36 417.77 410.1 413.0 405.49 386.21 387.98 308.0 405.7 346.25 342.48 417.09 385.13 409.0 405.78 414.33 382.32 410.4 378.44 440.5 391.53 345.2 356.64 352.15 393.11 409.19 428.49 412.65 
232.04 194.49 215.93 207.03 187.11 228.25 204.48 218.08 194.7 205.46 216.02 182.77 203.18 184.65 175.5 210.5 223.43 222.16 200.08 191.31 219.0 213.22 201.42 188.81 177.22 170.5 180.91 240.35 187.34 206.87 210.13 
36.04 34.3 43.27 32.54 38.01 38.27 36.19 33.9 41.65 39.85 36.55 40.37 43.23 43.04 38.64 33.87 39.35 36.06 29.98 40.47 27.52 44.06 40.77 38.46 32.99 37.4 39.17 40.29 36.86 34.99 
143.23 130.66 134.08 128.18 116.47 142.03 109.84 119.64 127.0 104.98 111.56 122.66 150.86 105.7 121.61 102.02 133.55 116.1 132.26 132.58 92.32 124.95 141.17 118.01 109.34 118.59 127.04 141.54 109.91 123.99 117.46 
23.5 21.02 21.93 28.55 27.35 19.82 20.99 21.2 21.74 20.76 23.6 24.97 20.17 24.57 21.55 24.3 22.08 23.17 28.48 24.45 24.8 23.9 21.02 19.87 21.97 23.44 24.59 26.49 23.8 25.17 
3.93 3.21 3.99 3.26 3.45 3.69 4.12 3.12 3.86 4.1 3.98 3.52 3.79 4.0 4.25 3.18 2.82 3.7 3.52 4.14 3.52 3.41 3.67 3.68 3.77 4.06 3.54 2.91 3.93 3.04 4.39 
