75.79 72.02 81.43 72.62 91.08 79.11 95.65 84.57 85.71 84.1 80.11 80.32 68.85 73.18 98.56 93.03 80.09 77.6 95.24 89.05 103.82 70.82 73.78 79.22 79.98 72.46 76.6 91.34 75.12 97.44 68.11 
44.22 51.2 36.31 45.33 46.29 48.39 39.55 41.61 42.98 36.24 43.67 46.28 40.6 48.33 42.06 45.71 37.16 40.0 38.58 37.92 35.21 39.89 37.66 39.03 45.62 37.23 37.09 40.4 
124.93 134.79 113.55 120.6 134.84 158.1 141.86 134.78 149.34 153.85 131.36 119.43 137.64 126.68 116.27 147.79 130.56 141.06 129.56 118.95 130.84 126.72 127.75 138.89 153.94 94.34 140.57 154.54 135.23 141.14 149.81 
96.45 121.32 142.38 124.95 123.76 129.25 125.06 158.07 119.19 122.19 124.03 132.23 97.8 137.22 135.65 130.6 127.13 115.7 116.18 148.11 138.12 131.65 130.75 126.07 124.99 126.28 136.09 139.98 109.63 121.69 
9.91 7.79 10.7 11.17 9.32 10.31 11.15 9.45 9.92 9.2 11.04 9.73 9.83 9.95 9.47 10.61 10.71 9.91 9.66 9.11 9.49 10.13 8.59 9.98 9.96 9.47 8.11 9.99 8.91 9.84 9.63 
231.18 196.32 239.86 200.73 204.37 161.28 178.24 196.68 223.03 190.16 200.26 209.08 194.61 186.29 162.39 204.98 180.49 224.64 216.0 197.98 193.75 175.89 185.48 212.17 203.8 177.14 195.79 206.38 211.58 146.13 
44.37 52.41 41.25 49.73 44.96 41.2 43.95 45.44 53.34 47.31 45.06 38.46 46.23 47.63 48.48 52.62 47.12 45.51 51.59 47.51 53.77 43.64 47.29 50.93 43.7 42.62 45.2 49.2 54.74 48.11 47.79 
12.45 11.03 9.25 11.24 12.46 12.56 12.62 13.53 13.39 11.93 12.89 13.28 11.56 11.16 13.32 12.24 12.21 11.39 10.16 13.51 10.78 11.56 10.23 10.62 12.45 11.65 12.07 12.7 11.96 11.16 12.77 
23.68 24.31 28.88 21.43 27.63 22.89 23.84 19.72 25.54 28.31 22.47 27.51 21.47 29.13 21.5 26.8 21.95 28.99 24.84 24.87 23.97 24.16 27.89 23.89 20.39 25.47 26.23 23.58 27.72 22.35 
46.61 70.47 54.53 54.6 55.63 50.9 43.54 61.65 58.01 49.81 54.76 50.95 64.86 59.69 48.08 51.63 50.58 48.29 60.77 52.13 45.36 49.86 42.21 55.41 58.05 52.24 47.04 57.33 53.56 52.15 35.49 
68.49 80.92 80.06 85.84 73.26 94.44 80.01 76.52 76.12 79.18 97.51 90.67 90.61 87.41 75.58 79.95 92.33 89.8 87.41 65.6 87.3 77.16 85.55 74.48 99.31 80.94 84.98 76.85 87.45 74.54 
10.76 9.48 10.96 10.85 12.34 11.24 12.56 9.06 12.09 11.68 11.16 13.49 12.54 12.49 10.96 10.64 10.44 10.78 9.58 12.34 10.88 13.33 12.86 11.64 12.37 12.11 10.49 11.16 9.93 10.85 12.56 
