pressure:
[1024.50617284  956.75528701  818.19285714  639.01515152  460.5
  321.7983871   232.74545455  169.90322581  122.19205298   92.3287037
   65.59591837   47.20833333   20.12384259]
[1005.          948.          800.8         638.57142857  451.375
  331.75        256.66666667  173.          136.           92.6
   67.           51.66666667   20.05882353]
[1022.          957.66666667  798.          639.          453.2
  356.75        246.25        174.16666667  119.           96.6
   64.8          43.83333333   23.77777778]
[1005.33333333  944.          789.4         644.83333333  460.88888889
  328.75        245.          173.2         120.           98.75
   66.8          49.33333333   20.58333333]
[1004.          937.          810.          643.33333333  498.
  328.25        257.25        185.25        136.           94.71428571
   63.33333333   49.4          21.8       ]
[1003.          942.          836.28571429  612.          465.42857143
  379.            0.            0.            0.            0.
    0.            0.            0.        ]
[1002.   925.   850.   700.   500.   350.   250.   200.   132.5  100.
    0.     0.     0. ]
[1005.5         944.66666667  798.72727273  632.66666667  481.28571429
  359.77777778  245.          189.5         138.66666667   95.75
   68.625        50.66666667   23.18181818]
[1017.          970.25        839.16666667  656.66666667  489.5
  344.28571429  235.5         196.          134.25        105.
   69.5          50.           22.46153846]
[1024.          949.2         807.6         613.125       476.3
  330.66666667  260.5         195.66666667  128.25         88.
   67.25         49.           21.        ]
[1016.          961.66666667  860.2         630.66666667  452.5
  319.5         236.          153.66666667  117.25         87.
   67.33333333   47.75         24.54545455]
[1015.5         961.66666667  822.2         645.4         465.
  328.          240.          171.          129.33333333   93.25
   69.           47.66666667   21.2       ]
temperature:
[  3.55555556   1.70090634  -2.16190476  -8.94848485 -22.6010929
 -36.3266129  -45.39090909 -56.359447   -64.49006623 -67.80555556
 -66.73061224 -62.55555556 -55.70023148]
[ 14.5         15.           8.2         -2.71428571 -18.25
 -33.         -41.         -57.66666667 -66.         -73.6
 -73.         -61.33333333 -49.88235294]
[  9.           6.88888889   5.33333333  -2.         -19.4
 -31.25       -52.25       -53.5        -62.         -67.2
 -68.         -64.         -52.55555556]
[ 18.33333333  15.75         6.6         -0.33333333 -15.
 -30.25       -44.5        -59.4        -62.         -66.75
 -67.8        -61.         -50.91666667]
[ 20.          17.5         12.8          4.66666667  -3.5
 -23.25       -36.75       -53.75       -66.         -72.85714286
 -70.33333333 -62.6        -51.4       ]
[ 28.          24.          19.57142857   3.55555556  -6.57142857
 -17.           0.           0.           0.           0.
   0.           0.           0.        ]
[ 27.   23.   20.   10.   -3.  -21.  -38.  -49.  -67.5 -71.    0.    0.
   0. ]
[ 23.5         18.66666667  11.45454545   5.33333333  -6.85714286
 -20.22222222 -40.         -51.         -66.66666667 -71.
 -65.875      -63.         -49.90909091]
[ 22.          18.5         12.33333333   7.33333333  -5.5
 -24.57142857 -46.75       -54.5        -66.75       -72.
 -69.5        -62.         -50.76923077]
[ 18.          13.2          7.2         -3.125      -12.1
 -29.66666667 -41.         -53.         -71.25       -71.66666667
 -69.25       -62.         -52.30769231]
[  8.66666667   8.           2.6         -9.16666667 -25.75
 -40.875      -50.66666667 -57.66666667 -63.         -62.66666667
 -61.         -59.5        -48.54545455]
[  8.5          8.66666667  -0.4         -7.         -23.
 -32.16666667 -40.         -57.66666667 -68.33333333 -69.
 -69.66666667 -55.66666667 -45.93333333]
dewpoint:
[ -0.28395062  -6.73716012 -18.18809524 -25.1969697  -41.85519126
 -55.50403226 -63.69545455 -47.16129032  -5.01324503   0.
   0.           0.           0.        ]
[  8.5         10.75         5.8        -18.28571429 -37.
 -48.         -59.33333333 -34.83333333   0.           0.
   0.           0.           0.        ]
[  4.          -8.11111111 -33.         -42.2        -45.4
 -38.5        -55.25       -63.5          0.           0.
   0.           0.           0.        ]
[ -2.33333333 -12.5        -22.         -37.33333333 -37.44444444
 -48.5        -59.5        -13.8          0.           0.
   0.           0.           0.        ]
[ 18.5         16.5         11.8          3.33333333  -7.75
 -33.5        -40.5        -43.75         0.           0.
   0.           0.           0.        ]
[ 23.5         21.75        15.85714286  -5.         -39.
 -46.66666667   0.           0.           0.           0.
   0.           0.           0.        ]
[ 22.   18.   18.    9.   -5.  -39.5 -63.  -71.    0.    0.    0.    0.
   0. ]
[ 14.          13.33333333  -8.36363636 -27.5        -11.14285714
 -28.55555556 -52.         -64.           0.           0.
   0.           0.           0.        ]
[ 17.          14.5         -2.83333333 -32.         -36.33333333
 -47.28571429 -65.         -35.5          0.           0.
   0.           0.           0.        ]
[ 14.           9.8          6.          -7.625      -38.2
 -54.33333333 -62.5        -47.66666667   0.           0.
   0.           0.           0.        ]
[ -5.66666667 -12.         -16.2        -36.5        -47.25
 -45.5        -58.66666667 -67.66666667   0.           0.
   0.           0.           0.        ]
[ -8.         -15.66666667 -23.8        -38.4        -47.
 -55.5        -62.         -23.           0.           0.
   0.           0.           0.        ]
