pressure:
[1008.5         959.8         838.          625.75        460.6
  306.5         238.66666667  171.75        123.33333333   92.
   62.4          45.5          20.5       ]
[1020.          947.8         841.83333333  678.          487.2
  316.          232.75        181.75        128.66666667   93.4
   65.33333333   49.            0.        ]
[1007.5         947.71428571  778.66666667  655.28571429  478.90909091
  323.6         237.33333333  173.16666667  109.           96.5
   65.75         46.25         27.6       ]
[1006.5         937.75        835.16666667  627.4         470.83333333
  321.          237.5         152.5         110.           93.25
   66.33333333   48.           28.375     ]
[1005.          935.          804.          654.25        461.
  346.          272.          187.5         137.33333333   97.6
   66.4          50.5          23.25      ]
[1005.          954.83333333  818.9         665.375       503.1
  359.          266.5         196.          136.25         99.75
   70.           47.66666667   20.25      ]
[1001.5         921.          809.75        635.11111111  466.57142857
  339.57142857  247.4         197.          137.2         101.2
   68.33333333   49.75         22.3       ]
[1004.5         938.83333333  803.5         646.5         478.42857143
  354.71428571  236.          177.2         143.6          92.5
   70.           53.33333333   23.09090909]
[1019.          944.33333333  801.09090909  654.4         494.76923077
  355.          249.66666667  190.          140.33333333   91.2
   69.5          47.33333333   20.07692308]
[1004.66666667  938.          837.5         652.5         461.45454545
  337.6         246.75        180.4         134.           96.75
   66.25         48.5           0.        ]
[1019.          963.5         792.625       657.          465.5
  332.16666667  252.          182.          123.5          99.
    0.            0.            0.        ]
[1031.          950.33333333  812.5         665.33333333  438.58333333
  338.4         235.          171.25        119.8          98.66666667
   68.25         44.25         23.2       ]
temperature:
[ 16.          16.2         12.83333333  -3.25       -17.8
 -41.25       -47.33333333 -57.75       -66.         -69.75
 -66.8        -60.5        -54.33333333]
[  7.           3.2          3.16666667  -0.33333333 -15.8
 -39.         -54.         -47.75       -59.66666667 -71.2
 -69.         -60.5          0.        ]
[ 11.5         11.           3.33333333  -1.         -14.18181818
 -34.8        -51.         -57.66666667 -65.         -67.5
 -67.25       -61.         -55.9       ]
[ 19.          15.           7.5         -6.4        -19.16666667
 -37.33333333 -48.75       -54.5        -61.         -63.5
 -66.66666667 -61.6        -54.125     ]
[ 23.          18.5         15.16666667   6.33333333  -8.5
 -22.         -34.         -54.5        -66.66666667 -74.4
 -70.2        -64.         -51.66666667]
[ 22.5         21.16666667  15.7          8.          -4.
 -18.33333333 -33.83333333 -52.33333333 -67.         -71.5
 -70.         -58.66666667 -48.16666667]
[ 28.          21.5         15.25         6.55555556  -5.14285714
 -20.         -36.         -48.         -64.6        -73.2
 -71.         -62.5        -50.5       ]
[ 25.          22.33333333  14.83333333   4.          -6.28571429
 -20.28571429 -44.         -58.         -63.4        -72.66666667
 -68.         -61.33333333 -51.81818182]
[ 19.          13.33333333  10.54545455   4.8         -6.30769231
 -22.5        -41.66666667 -53.         -64.66666667 -75.
 -69.5        -61.66666667 -51.53846154]
[ 17.33333333  15.33333333  11.5          1.         -15.63636364
 -30.6        -45.         -53.8        -64.8        -69.5
 -68.         -63.           0.        ]
[ 12.           9.           1.          -3.         -18.33333333
 -32.66666667 -36.5        -52.75       -70.         -68.66666667
   0.           0.           0.        ]
[  5.          -1.          -6.83333333  -5.         -26.08333333
 -32.4        -40.2        -53.75       -65.2        -67.66666667
 -67.5        -66.25       -55.3       ]
dewpoint:
[  9.5          3.2        -24.         -36.25       -40.6
 -55.         -63.33333333 -17.           0.           0.
   0.           0.           0.        ]
[  6.           0.           1.66666667  -1.33333333 -18.4
 -43.33333333 -60.25       -64.5        -24.33333333   0.
   0.           0.           0.        ]
[  8.5        -12.14285714 -17.44444444  -2.71428571 -33.09090909
 -38.         -54.66666667 -10.33333333   0.           0.
   0.           0.           0.        ]
[  6.5          5.25        -1.83333333 -27.         -41.83333333
 -59.         -67.75       -73.5          0.           0.
   0.           0.           0.        ]
[ 18.          16.           4.          -1.75       -10.75
 -24.         -36.66666667 -58.5          0.           0.
   0.           0.           0.        ]
[ 18.          10.33333333   2.4         -4.125      -14.5
 -20.33333333 -39.83333333 -39.           0.           0.
   0.           0.           0.        ]
[ 24.5         21.          13.          -4.55555556 -23.85714286
 -42.85714286 -56.         -65.66666667   0.           0.
   0.           0.           0.        ]
[ 21.5         17.           9.66666667   2.         -10.71428571
 -39.42857143 -61.         -13.4          0.           0.
   0.           0.           0.        ]
[ 13.          10.33333333  -4.81818182  -5.2        -19.38461538
 -46.75       -62.66666667 -35.           0.           0.
   0.           0.           0.        ]
[ 16.33333333  14.33333333  10.5         -0.25       -22.81818182
 -38.6        -59.75       -59.           0.           0.
   0.           0.           0.        ]
[ 10.           8.           0.125       -3.66666667 -22.
 -41.66666667 -54.5        -49.75         0.           0.
   0.           0.           0.        ]
[ -7.          -7.33333333 -24.         -37.66666667 -35.83333333
 -53.4        -63.2        -35.5          0.           0.
   0.           0.           0.        ]
