pressure:
[1036.          963.5         843.8         664.33333333  471.71428571
  306.5         227.          168.75        132.5          95.5
   68.4          48.25         19.54545455]
[1024.          968.4         788.8         621.8         473.5
  325.          253.66666667  166.          129.25         95.
   63.66666667   49.5          20.91666667]
[1002.33333333  942.          794.71428571  659.625       447.33333333
  311.33333333  244.          184.5         131.33333333  101.
   66.5          46.25         24.71428571]
[1006.5         952.2         808.          700.          463.75
  322.66666667  245.66666667  174.4         130.5          94.75
   67.           49.           23.        ]
[1004.          932.2         829.2         655.5         499.
  349.71428571  249.          187.25        130.66666667   93.2
   66.5          49.           22.75      ]
[1000.          919.          811.5         613.          471.15384615
  338.71428571  266.          195.33333333  133.25         94.
   71.            0.            0.        ]
[1003.5         956.5         815.375       634.66666667  474.71428571
  340.          246.25        179.75        139.5          96.71428571
   70.5          47.           22.2       ]
[1004.5         933.          801.1         659.33333333  478.25
  363.16666667  241.66666667  180.33333333  144.5          94.85714286
   69.71428571   48.           22.1       ]
[1005.          945.66666667  865.33333333  650.5         496.
  346.55555556  253.          194.66666667  137.           96.6
   66.6          47.66666667   26.66666667]
[1029.     953.2    796.8    650.25   457.875  334.6    248.75   172.
  120.      96.8     67.5     53.       0.   ]
[1019.          951.5         826.45454545  636.5         487.8
  343.25        230.66666667  171.33333333  123.          100.
   68.           47.4          22.        ]
[1036.          960.71428571  837.4         650.8         458.
  300.          239.8         160.8         134.5          97.8
   70.66666667   48.           22.33333333]
temperature:
[  2.          -2.75        -5.7         -7.         -20.42857143
 -35.         -47.33333333 -57.         -63.         -69.25
 -73.2        -63.         -52.09090909]
[  4.           0.8         -1.8         -3.6        -14.75
 -37.         -49.66666667 -56.4        -61.         -68.25
 -66.66666667 -61.         -51.66666667]
[ 23.66666667  21.33333333  11.14285714   4.75       -15.16666667
 -36.33333333 -50.66666667 -61.         -62.33333333 -67.66666667
 -65.         -60.         -52.57142857]
[ 17.5         16.6          9.46153846   7.         -13.25
 -34.66666667 -48.66666667 -57.         -59.         -68.25
 -68.5        -68.42857143 -52.09090909]
[ 21.          17.6         16.3          6.75        -3.75
 -24.14285714 -42.57142857 -51.5        -64.66666667 -72.6
 -69.16666667 -62.75       -51.75      ]
[ 23.          18.33333333  17.5          3.71428571  -4.76923077
 -18.14285714 -29.         -46.66666667 -67.5        -77.
 -73.           0.           0.        ]
[ 33.5         29.5         19.           5.33333333  -9.28571429
 -24.66666667 -40.         -54.75       -64.5        -67.85714286
 -66.5        -58.66666667 -51.3       ]
[ 26.          21.          13.5          4.66666667  -9.5
 -25.33333333 -40.         -53.         -61.         -67.57142857
 -63.85714286 -59.33333333 -50.3       ]
[ 26.5         23.66666667  22.33333333   6.5         -4.5
 -20.22222222 -36.5        -52.66666667 -66.66666667 -79.
 -70.         -64.         -54.77777778]
[ 15.           9.6          2.66666667  -1.5        -16.625
 -30.6        -46.5        -66.         -66.         -67.
 -64.83333333 -61.           0.        ]
[ 11.5          9.           4.36363636  -4.5        -18.2
 -36.5        -52.33333333 -59.33333333 -65.         -66.
 -65.         -59.2        -49.        ]
[  5.           1.           0.4         -6.         -23.4
 -42.         -50.8        -60.8        -60.         -64.2
 -66.33333333 -59.5        -49.41666667]
dewpoint:
[ -4.          -6.25       -25.         -11.55555556 -33.14285714
 -53.75       -64.66666667 -17.           0.           0.
   0.           0.           0.        ]
[  2.          -0.2         -3.4         -7.         -43.5
 -65.         -69.66666667 -77.6        -20.           0.
   0.           0.           0.        ]
[ 17.          14.66666667   3.85714286 -27.125      -40.5
 -53.33333333 -41.66666667   0.           0.           0.
   0.           0.           0.        ]
[ 13.          10.          -5.07692308 -28.         -52.
 -65.         -74.66666667 -81.6          0.           0.
   0.           0.           0.        ]
[ 18.          14.2        -16.5        -19.         -43.
 -36.71428571 -50.         -65.5        -24.33333333   0.
   0.           0.           0.        ]
[ 21.          17.          15.75        -4.71428571 -25.
 -22.14285714 -44.4        -63.33333333   0.           0.
   0.           0.           0.        ]
[ 22.5         20.5         11.375       -3.83333333 -21.71428571
 -44.5        -56.25       -33.5          0.           0.
   0.           0.           0.        ]
[ 19.5         16.           4.4         -4.5        -28.375
 -36.         -59.66666667 -46.           0.           0.
   0.           0.           0.        ]
[ 24.5         22.66666667  17.           4.5         -5.5
 -24.66666667 -44.5        -58.66666667   0.           0.
   0.           0.           0.        ]
[  8.           6.2         -8.53333333  -2.25       -24.625
 -40.2        -51.5        -16.           0.           0.
   0.           0.           0.        ]
[ 10.           4.5         -9.18181818 -32.         -43.2
 -57.         -70.         -50.           0.           0.
   0.           0.           0.        ]
[  0.          -4.71428571 -34.         -46.6        -54.2
 -66.         -73.8        -15.8          0.           0.
   0.           0.           0.        ]
