pressure:
[1034.          965.          833.          631.6         459.5
  306.66666667  229.33333333  169.          127.5          95.33333333
   67.5           0.            0.        ]
[1033.          962.2         820.75        659.66666667  436.
  323.5         223.16666667  160.25        121.           85.33333333
   66.           45.33333333   29.42857143]
[1008.          967.5         807.625       657.16666667  466.28571429
  357.6         238.5         178.8         109.           88.
   70.           50.4          20.25      ]
[1005.5         930.5         810.71428571  680.          470.
  338.25        239.6         174.66666667  124.66666667   90.6
   68.           48.8          21.26666667]
[1002.5         944.2         865.          648.66666667  462.4
  354.14285714  242.66666667  187.          131.5          94.25
   73.            0.            0.        ]
[1003.5         955.          828.          646.71428571  480.6
  336.6         250.66666667  191.25        133.5          95.66666667
   68.85714286   49.33333333   20.63636364]
[1004.          930.33333333  810.83333333  631.5         478.44444444
  351.33333333  252.6         195.66666667  129.25        103.
   65.25         46.66666667   21.6       ]
[998.66666667 951.         789.28571429 618.5        449.25
 343.         253.75       192.5        141.75        97.
  70.4         51.          23.6       ]
[1006.          940.5         834.2         664.25        474.
  343.83333333  242.          200.          138.          105.
   68.66666667   46.33333333   24.11111111]
[1028.          948.66666667  795.          632.28571429  466.66666667
  340.          241.25        184.          134.8          90.5
   64.33333333   45.8          25.57142857]
[1028.          940.8         815.09090909  605.75        486.2
  315.          250.66666667  174.66666667  107.           90.33333333
   64.75         44.5          29.71428571]
[1029.          953.42857143  818.11111111  659.          483.
  321.          251.8         175.33333333  116.5          91.6
   63.           47.85714286   22.72222222]
temperature:
[  0.          -2.          -5.28571429  -7.6        -19.5
 -41.33333333 -50.33333333 -54.         -62.         -66.66666667
 -70.5          0.           0.        ]
[  4.          -0.2         -4.125       -6.         -27.33333333
 -42.5        -55.         -58.25       -60.5        -63.66666667
 -61.25       -62.33333333 -55.71428571]
[ 13.          11.5          4.25        -0.66666667 -16.
 -30.         -51.5        -57.         -68.         -70.
 -66.         -60.4        -50.125     ]
[ 22.          19.5         11.14285714   4.25       -15.33333333
 -33.75       -50.8        -57.         -65.33333333 -65.
 -64.5        -64.4        -47.86666667]
[ 24.          21.8         19.5          7.          -8.2
 -20.14285714 -39.         -54.         -66.5        -76.25
 -75.           0.           0.        ]
[ 30.5         27.33333333  18.83333333   6.28571429  -6.7
 -23.6        -37.66666667 -53.5        -70.25       -72.66666667
 -65.57142857 -62.33333333 -49.09090909]
[ 29.5         24.33333333  18.5          7.66666667  -4.
 -19.         -36.8        -50.66666667 -69.5        -74.75
 -68.25       -57.66666667 -49.        ]
[ 28.33333333  25.66666667  12.42857143   2.125       -9.
 -22.375      -38.75       -50.5        -62.75       -68.75
 -65.         -61.33333333 -51.3       ]
[ 24.          21.          16.           6.5         -8.125
 -22.83333333 -40.4        -50.         -68.         -76.66666667
 -72.16666667 -63.33333333 -53.88888889]
[ 15.           9.66666667   2.625       -1.71428571 -14.22222222
 -29.         -44.75       -55.33333333 -67.2        -74.75
 -66.66666667 -62.2        -56.71428571]
[ 11.           5.6          1.90909091  -5.75       -17.4
 -40.66666667 -43.66666667 -56.66666667 -73.         -71.33333333
 -66.5        -65.25       -56.        ]
[  8.           6.57142857   5.11111111  -1.         -15.5
 -36.66666667 -43.4        -56.33333333 -69.5        -70.6
 -66.         -65.71428571 -50.55555556]
dewpoint:
[  0.          -3.          -6.28571429  -8.8        -21.5
 -45.33333333 -58.         -65.         -35.           0.
   0.           0.           0.        ]
[ -2.          -3.8        -22.25       -33.66666667 -49.66666667
 -61.25       -72.         -56.25         0.           0.
   0.           0.           0.        ]
[ 10.           8.75        -4.25       -27.33333333 -37.14285714
 -47.6        -70.         -43.6          0.           0.
   0.           0.           0.        ]
[  3.           6.5         -7.42857143 -26.25       -39.5
 -54.75       -68.8        -48.33333333   0.           0.
   0.           0.           0.        ]
[ 20.5         20.8         18.5          5.33333333 -12.
 -26.71428571 -43.         -61.25         0.           0.
   0.           0.           0.        ]
[ 23.5         21.33333333  14.83333333  -3.         -22.7
 -25.6        -44.33333333 -42.75         0.           0.
   0.           0.           0.        ]
[ 23.          21.           7.          -8.33333333 -23.55555556
 -42.83333333 -56.6        -44.33333333   0.           0.
   0.           0.           0.        ]
[ 12.66666667  11.33333333  -2.         -10.25       -30.
 -29.5        -48.75       -65.           0.           0.
   0.           0.           0.        ]
[ 22.          15.5         10.6          4.         -15.5
 -43.16666667 -60.2        -68.           0.           0.
   0.           0.           0.        ]
[ 10.           7.           0.25       -10.85714286 -19.
 -31.5        -54.25       -67.           0.           0.
   0.           0.           0.        ]
[  6.           2.8        -10.45454545 -26.75       -22.4
 -45.66666667 -58.66666667 -46.66666667   0.           0.
   0.           0.           0.        ]
[  6.           0.14285714 -14.66666667 -28.         -38.25
 -53.33333333 -59.         -45.66666667   0.           0.
   0.           0.           0.        ]
