pressure:
[1028.          950.25        828.          631.57142857  431.42857143
  326.6         253.          182.75        126.33333333   90.8
   62.           46.5          22.41666667]
[1021.          949.5         818.          622.83333333  429.25
  311.          215.25        153.          110.5          90.
   67.           49.           24.3       ]
[1022.          954.5         777.83333333  648.75        455.6
  310.          217.33333333  167.          107.5          93.5
   65.6          46.75         22.3       ]
[1005.5         937.5         804.16666667  628.5         468.
  312.5         235.          177.          133.5          95.
   68.           47.           23.46153846]
[994.5        953.         819.6        638.83333333 460.875
 326.         257.5        188.33333333 149.66666667 101.
  69.33333333  50.83333333  24.23076923]
[1003.          934.75        818.          642.8         497.5
  357.5         249.          195.33333333  139.           98.
    0.            0.            0.        ]
[1001.          931.33333333  831.8         653.4         472.25
  365.25        257.4         191.          141.5         100.66666667
   71.           51.           21.8       ]
[1006.          938.5         814.77777778  610.77777778  454.55555556
  335.85714286  232.          193.          130.33333333   98.
   69.           48.5          19.30769231]
[1017.          944.57142857  844.          658.16666667  511.33333333
  369.25        268.          193.25        139.66666667  102.2
   66.57142857   49.66666667   18.53333333]
[1024.          973.5         835.9         651.2         491.33333333
  358.          248.33333333  174.66666667  150.           98.33333333
   69.           45.2          23.16666667]
[1030.          967.6         817.27272727  635.          444.5
  331.5         237.5         168.25          0.           91.33333333
   70.           49.66666667   24.15384615]
[1028.          949.75        848.42857143  644.75        461.2
  338.42857143  237.75        171.4         121.           90.5
   61.6          47.5          24.13333333]
temperature:
[  4.          -0.5          1.5         -6.71428571 -22.57142857
 -32.         -39.         -55.         -68.         -73.4
 -69.66666667 -64.         -56.25      ]
[  9.           6.5          0.          -9.66666667 -27.25
 -43.8        -49.         -57.5        -66.         -66.33333333
 -63.25       -64.         -55.3       ]
[ 12.           6.75        -2.66666667  -8.625      -20.6
 -35.5        -55.         -58.75       -66.         -65.5
 -66.4        -62.         -49.1       ]
[ 25.5         21.          10.83333333  -2.         -15.
 -38.         -51.5        -52.2        -58.         -68.25
 -69.66666667 -61.         -47.92307692]
[ 29.          26.5         15.           2.33333333  -9.375
 -27.625      -38.16666667 -55.         -64.         -67.33333333
 -70.         -61.66666667 -48.15384615]
[ 24.          24.25        17.5          4.8         -4.
 -19.75       -39.         -52.66666667 -69.25       -71.
   0.           0.           0.        ]
[ 30.          24.66666667  20.          10.8         -4.25
 -15.75       -32.8        -50.         -64.5        -72.66666667
 -71.8        -65.         -51.46666667]
[ 23.5         18.5         12.44444444   0.88888889  -8.44444444
 -22.         -43.33333333 -53.         -67.         -71.75
 -68.33333333 -61.75       -49.92307692]
[ 20.          17.71428571  15.33333333   4.83333333  -4.
 -19.5        -36.         -54.25       -66.66666667 -74.
 -72.         -59.66666667 -49.93333333]
[ 14.          12.           9.7          2.6         -5.33333333
 -24.66666667 -43.         -59.66666667 -66.         -76.
 -69.33333333 -59.4        -52.91666667]
[  8.           4.2         -1.09090909  -5.75       -21.66666667
 -30.         -44.5        -59.5          0.         -71.16666667
 -68.33333333 -58.         -53.92307692]
[  6.           1.5         -0.14285714 -10.25       -22.8
 -36.71428571 -46.75       -59.8        -66.         -67.5
 -65.         -58.75       -47.73333333]
dewpoint:
[ -1.          -3.25       -16.25       -14.28571429 -35.57142857
 -49.         -58.         -52.25         0.           0.
   0.           0.           0.        ]
[  5.          -5.         -17.28571429 -28.         -32.5
 -52.6        -63.         -71.5          0.           0.
   0.           0.           0.        ]
[  4.          -0.5         -8.83333333 -32.375      -37.6
 -38.25       -59.66666667   0.           0.           0.
   0.           0.           0.        ]
[  4.           1.          -7.33333333 -26.75       -36.42857143
 -52.         -60.75       -66.2        -36.           0.
   0.           0.           0.        ]
[ 17.5         16.5         11.          -5.16666667 -29.875
 -34.5        -44.83333333 -40.33333333   0.           0.
   0.           0.           0.        ]
[ 21.          18.75        12.5          0.          -5.
 -22.75       -45.33333333 -38.           0.           0.
   0.           0.           0.        ]
[ 24.5         23.33333333  17.6          3.2        -21.75
 -36.25       -51.4        -65.5          0.           0.
   0.           0.           0.        ]
[ 16.5         14.75         6.77777778  -4.77777778 -20.11111111
 -30.42857143 -53.         -39.66666667   0.           0.
   0.           0.           0.        ]
[ 19.          16.85714286  13.66666667   3.33333333  -5.33333333
 -23.25       -43.5        -62.75         0.           0.
   0.           0.           0.        ]
[  7.           6.5        -12.9        -12.         -32.
 -46.         -60.66666667 -23.           0.           0.
   0.           0.           0.        ]
[  2.           0.2         -3.36363636  -7.5        -37.
 -63.33333333 -74.5        -20.           0.           0.
   0.           0.           0.        ]
[  2.          -4.75       -22.42857143 -32.25       -44.4
 -46.         -60.5        -14.           0.           0.
   0.           0.           0.        ]
