pressure:
[1030.          967.          814.88888889  615.6         446.85714286
  317.57142857  215.8         168.33333333  127.           93.33333333
   67.           48.           21.11111111]
[1006.5         930.33333333  834.5         644.33333333  483.33333333
  322.75        230.71428571  156.66666667  105.           90.66666667
   64.8          44.75         24.1       ]
[1008.          963.33333333  797.5         632.625       470.
  317.6         226.          174.33333333  133.           96.5
   61.6          52.5          24.5       ]
[1005.5         933.5         815.1         643.83333333  450.09090909
  330.66666667  227.66666667  187.          141.66666667   95.5
   67.           50.66666667   22.45454545]
[1007.33333333  943.4         822.          638.5         482.
  339.42857143  236.          203.33333333  143.           98.5
   64.6          46.75         20.22222222]
[1002.          935.5         804.          644.66666667  464.
  366.          249.66666667  187.75        138.5          96.33333333
   70.57142857   46.            0.        ]
[1002.          936.5         806.33333333  635.          485.125
  346.55555556  259.4         188.25        142.66666667  104.
   72.25         48.           23.        ]
[1002.    943.25  802.6   631.75  484.    358.6   264.25  190.    150.
  100.8    66.25   50.     35.  ]
[1006.          948.5         771.          692.33333333  466.625
  332.2         244.66666667  184.          142.66666667   93.
   64.           49.           22.28571429]
[1026.          966.75        850.25        676.66666667  461.16666667
  329.85714286  247.5         185.33333333  147.           98.66666667
   68.           44.5          19.38888889]
[1023.          950.5         798.6         649.75        451.83333333
  354.          247.          186.6         119.           95.75
   68.           45.66666667   34.        ]
[1038.          969.75        804.46153846  642.          436.5
  332.75        247.66666667  173.2         135.           92.25
   67.5          48.5          21.07692308]
temperature:
[  1.          -2.          -8.55555556 -13.6        -25.14285714
 -37.85714286 -49.2        -54.66666667 -60.5        -66.66666667
 -65.5        -57.75       -54.94444444]
[ 11.           5.33333333   2.75        -4.66666667 -18.5
 -41.25       -46.57142857 -57.         -63.         -66.66666667
 -69.2        -65.25       -58.6       ]
[ 17.          18.16666667   9.33333333  -2.875      -18.6
 -37.4        -49.66666667 -55.66666667 -63.         -69.25
 -65.         -64.5        -51.07142857]
[ 24.          21.25        13.1          2.         -13.09090909
 -29.33333333 -48.         -56.         -63.66666667 -72.
 -67.5        -63.         -50.63636364]
[ 21.          16.8          9.625        3.          -7.41666667
 -23.28571429 -42.66666667 -49.66666667 -63.         -71.66666667
 -68.         -60.75       -47.77777778]
[ 26.          23.5         16.5          4.66666667  -7.25
 -19.         -40.         -56.75       -64.5        -69.5
 -64.85714286 -58.           0.        ]
[ 29.          24.5         16.5          6.83333333  -4.375
 -20.55555556 -35.         -52.25       -62.66666667 -69.5
 -68.5        -59.5        -50.71428571]
[ 27.          25.          16.4          5.25        -5.25
 -19.6        -34.5        -53.14285714 -63.         -73.8
 -68.75       -62.         -56.2       ]
[ 21.5         17.75         5.66666667   4.33333333 -10.625
 -27.6        -41.         -52.5        -61.33333333 -73.25
 -63.33333333 -61.         -51.92857143]
[ 15.          10.5          4.          -0.66666667 -16.33333333
 -29.14285714 -40.5        -55.         -62.5        -70.
 -67.4        -63.5        -52.88888889]
[ 15.          13.16666667   5.2         -1.5        -19.83333333
 -31.66666667 -52.33333333 -54.4        -63.         -69.5
 -69.5        -65.33333333 -59.        ]
[  4.          -0.25        -3.46153846  -8.25       -25.75
 -35.75       -38.66666667 -58.         -65.         -71.5
 -65.75       -63.5        -58.38461538]
dewpoint:
[ -7.         -12.         -13.44444444 -17.         -43.28571429
 -50.14285714 -61.6        -67.66666667 -35.25         0.
   0.           0.           0.        ]
[  6.           3.          -4.5        -29.66666667 -44.16666667
 -61.75       -66.42857143 -75.           0.           0.
   0.           0.           0.        ]
[ 11.5          3.          -9.5        -19.625      -27.3
 -61.4        -70.66666667 -24.           0.           0.
   0.           0.           0.        ]
[ 19.          16.5          9.3         -6.5        -22.63636364
 -37.16666667 -59.33333333 -21.66666667   0.           0.
   0.           0.           0.        ]
[ 16.33333333  12.4         -4.         -27.         -19.58333333
 -32.         -46.         -59.           0.           0.
   0.           0.           0.        ]
[ 24.5         21.          13.16666667   3.66666667  -9.
 -21.5        -45.         -29.25         0.           0.
   0.           0.           0.        ]
[ 22.5         19.5         14.16666667   2.83333333  -8.125
 -31.22222222 -50.6        -49.25         0.           0.
   0.           0.           0.        ]
[ 25.     23.5    16.      4.5   -10.375 -22.4   -38.    -58.      0.
   0.      0.      0.      0.   ]
[ 13.5         13.75         1.66666667 -16.         -18.5
 -42.2        -57.         -67.           0.           0.
   0.           0.           0.        ]
[  7.           4.25        -5.25       -34.         -45.16666667
 -44.71428571 -60.5        -46.66666667   0.           0.
   0.           0.           0.        ]
[ 12.           4.83333333 -15.1        -32.5        -33.83333333
 -35.66666667 -58.33333333 -64.           0.           0.
   0.           0.           0.        ]
[  0.          -2.         -17.38461538 -37.         -51.5
 -60.         -62.33333333 -14.4          0.           0.
   0.           0.           0.        ]
