pressure:
[1031.          967.6         792.14285714  633.5         474.33333333
  292.5         242.75        172.6         129.           89.8
   68.66666667   49.25         20.86666667]
[1022.          951.          796.41666667  620.          447.57142857
  300.4         244.5         173.          122.4          96.66666667
   65.75         46.33333333   20.85714286]
[1027.          950.33333333  799.5         613.33333333  451.57142857
  339.8         226.5         169.          120.           99.
   64.25         49.25         22.23076923]
[1005.5         943.8         849.66666667  640.25        478.46666667
  351.          228.          193.66666667  129.66666667   97.
   64.           48.           35.75      ]
[1005.5         940.42857143  805.8         631.6         490.28571429
  368.42857143  234.33333333  179.5         135.           97.25
   65.5          50.8          23.08333333]
[1001.5         931.25        791.4         650.83333333  433.2
  345.8         240.5         198.33333333  133.5         103.5
   68.66666667   49.           22.875     ]
[1003.5         920.66666667  811.6         635.4         479.45454545
  351.63636364  254.          173.66666667  134.75         95.75
   67.           50.25         26.3       ]
[1007.          920.          798.4         659.28571429  504.5
  341.8         264.          193.          128.33333333   95.33333333
   71.           54.            0.        ]
[1007.5         925.          846.28571429  662.71428571  472.61111111
  331.14285714  251.83333333  174.33333333  138.5         100.
   68.66666667   49.6          21.09090909]
[1019.5         955.42857143  861.          648.25        477.5
  330.5         243.5         188.33333333  133.75         95.2
   70.33333333   48.2          25.52941176]
[1016.5         968.          833.          644.33333333  471.85714286
  300.          252.75        174.66666667  134.           98.
   67.           47.8          25.6       ]
[1035.          963.33333333  857.125       654.75        478.25
  322.25        228.          170.66666667    0.           97.25
   64.4          48.           26.16666667]
temperature:
[  3.          -1.          -5.42857143  -8.5        -16.5
 -38.5        -43.75       -59.6        -67.         -71.2
 -70.66666667 -64.         -50.26666667]
[  9.           3.66666667  -0.41666667  -3.83333333 -22.
 -42.2        -43.         -54.2        -60.2        -65.
 -67.         -63.66666667 -51.21428571]
[ 10.           4.66666667  -2.125       -7.         -21.
 -32.6        -52.5        -55.4        -62.         -67.66666667
 -68.25       -62.75       -52.38461538]
[ 15.          11.          11.33333333   0.125      -10.46666667
 -25.4        -46.5        -48.33333333 -62.66666667 -70.6
 -68.5        -62.75       -58.25      ]
[ 20.          17.14285714  12.6          3.          -8.28571429
 -21.28571429 -42.66666667 -55.         -63.75       -70.25
 -70.25       -62.4        -50.        ]
[ 25.          22.          17.2          9.16666667 -10.
 -17.9        -35.5        -46.66666667 -68.         -77.
 -68.66666667 -60.66666667 -49.        ]
[ 31.          26.33333333  21.4          7.4         -6.54545455
 -21.54545455 -37.         -57.         -65.5        -71.
 -66.         -61.75       -52.2       ]
[ 25.5         18.33333333  12.5          6.42857143  -4.83333333
 -23.4        -37.         -54.         -67.66666667 -72.
 -67.         -63.           0.        ]
[ 22.5         19.          17.           4.85714286 -10.83333333
 -28.28571429 -39.66666667 -58.33333333 -67.5        -72.2
 -65.33333333 -62.2        -51.90909091]
[ 18.          15.71428571  13.83333333   1.5        -13.25
 -33.75       -51.5        -54.33333333 -65.5        -68.
 -65.         -61.2        -52.88235294]
[ 11.           9.33333333   5.          -4.         -20.
 -38.         -44.         -56.66666667 -67.         -72.25
 -68.33333333 -63.2        -60.3       ]
[  3.          -1.5         -2.          -4.75       -21.25
 -38.25       -50.5        -53.66666667   0.         -68.75
 -63.8        -62.         -56.41666667]
dewpoint:
[ -1.          -3.8        -17.85714286 -27.25       -48.5
 -61.5        -65.5        -28.6          0.           0.
   0.           0.           0.        ]
[  3.           0.33333333  -4.83333333 -27.5        -32.42857143
 -47.2        -57.5        -68.6        -14.2          0.
   0.           0.           0.        ]
[ -2.          -5.33333333 -15.625      -31.         -33.28571429
 -41.6        -63.75       -67.           0.           0.
   0.           0.           0.        ]
[ 11.5          7.2         -3.83333333 -14.25       -19.53333333
 -29.         -53.5        -61.33333333 -23.66666667   0.
   0.           0.           0.        ]
[ 15.           8.42857143 -13.8        -25.         -14.28571429
 -29.         -59.66666667 -33.           0.           0.
   0.           0.           0.        ]
[ 23.          18.75         6.4          6.5        -12.6
 -25.7        -52.         -61.66666667   0.           0.
   0.           0.           0.        ]
[ 23.          17.           5.2         -3.4        -18.45454545
 -29.09090909 -41.6        -54.           0.           0.
   0.           0.           0.        ]
[ 18.5         17.           3.1        -17.42857143 -10.
 -25.6        -40.5        -59.           0.           0.
   0.           0.           0.        ]
[ 20.          14.           5.42857143   2.42857143 -19.72222222
 -44.57142857 -45.         -20.66666667   0.           0.
   0.           0.           0.        ]
[  9.5          6.28571429 -12.66666667 -24.25       -34.75
 -49.25       -63.5        -44.33333333   0.           0.
   0.           0.           0.        ]
[ 10.5          8.33333333   3.66666667  -5.66666667 -40.
 -62.         -66.75       -24.           0.           0.
   0.           0.           0.        ]
[ -6.5         -6.16666667 -24.75       -29.         -40.75
 -56.25       -67.         -69.66666667   0.           0.
   0.           0.           0.        ]
