pressure:
[1019.42718447  958.91267606  804.95887446  626.10671937  452.85423729
  301.39461883  219.85546875  157.21893491  108.75409836   83.02962963
   63.35678392   45.58874459   16.21978022]
[1018.          956.66666667  763.2         569.5         454.16666667
  317.          222.2         157.66666667  116.           78.5
   64.           46.75          0.        ]
[1005.5         937.5         798.16666667  653.2         459.33333333
  333.          235.          157.66666667  105.           90.25
   64.5          46.5          14.55555556]
[1004.          946.5         860.33333333  657.4         441.66666667
  313.5         233.8         150.          135.5          92.57142857
   65.25         52.33333333   14.94736842]
[997.         915.66666667 812.44444444 610.66666667 475.
 333.         253.5        187.         137.         101.
  65.6         52.33333333  16.55      ]
[992.5        924.         836.25       638.58333333 460.33333333
 347.25       245.5        197.66666667 137.          97.5
  70.          50.6         28.        ]
[994.  925.  850.  700.  450.  300.  250.  183.5 132.  100.    0.    0.
   0. ]
[1003.5         954.          796.33333333  630.          474.25
  307.          237.          181.33333333  122.           94.2
   63.8          48.71428571   15.125     ]
[1011.          974.          817.85714286  631.          470.
  349.2         245.75        171.25        114.           97.
   70.2          45.8          16.68421053]
[1018.5         953.875       797.33333333  614.44444444  475.14285714
  310.          233.14285714  170.          128.           93.66666667
   66.25         46.5          16.68421053]
[1019.          958.75        786.6         646.2         426.66666667
  275.66666667  209.          145.33333333  110.           83.66666667
   67.5          48.25         17.68181818]
[1004.          952.          748.8         629.          464.8
  305.4         210.83333333  149.          127.            0.
    0.            0.            0.        ]
temperature:
[ -4.9223301   -4.98591549  -9.62121212 -17.77470356 -33.61694915
 -52.44394619 -56.3984375  -54.18934911 -57.16939891 -57.94814815
 -58.2160804  -57.11688312 -46.79513344]
[  3.          -1.         -11.6        -16.5        -24.66666667
 -43.         -60.2        -56.33333333 -59.         -63.
 -60.         -63.5          0.        ]
[  6.           4.66666667   1.33333333  -7.2        -26.5
 -43.33333333 -58.         -55.33333333 -57.         -58.75
 -59.25       -60.         -44.72222222]
[ 24.          20.5         13.66666667  -3.6        -24.66666667
 -42.         -54.6        -50.         -51.         -58.85714286
 -56.5        -58.66666667 -41.73684211]
[ 26.          19.33333333  16.11111111  -2.66666667 -15.33333333
 -32.4        -43.25       -50.33333333 -56.5        -66.66666667
 -62.4        -58.33333333 -41.2       ]
[ 27.5         23.          18.           5.         -10.16666667
 -24.25       -42.5        -52.66666667 -57.66666667 -64.75
 -64.6        -58.2        -54.        ]
[ 27.   25.   21.   11.   -9.  -27.  -36.  -51.  -62.5 -62.    0.    0.
   0. ]
[ 25.5         22.75        10.16666667  -4.33333333 -18.
 -43.         -50.         -48.33333333 -56.         -56.4
 -57.4        -55.         -42.3125    ]
[ 19.5         18.5         10.57142857  -1.2        -16.83333333
 -30.         -47.         -59.5        -64.         -62.
 -58.         -54.6        -44.36842105]
[ 10.           7.875        0.16666667 -10.         -20.
 -44.         -55.85714286 -56.5        -59.33333333 -61.66666667
 -61.25       -57.5        -46.63157895]
[  6.           4.          -6.4        -13.2        -36.33333333
 -57.33333333 -55.8        -55.         -55.         -58.33333333
 -57.         -56.5        -46.54545455]
[  7.33333333   4.         -10.8        -15.         -30.8
 -53.8        -57.33333333 -56.66666667 -55.           0.
   0.           0.           0.        ]
dewpoint:
[-11.74757282 -13.64507042 -22.85930736 -33.49407115 -46.86440678
 -58.40807175 -36.38671875 -33.44378698 -29.32240437 -21.7037037
 -16.04020101 -12.72294372 -10.38697017]
[-19.         -20.66666667 -30.3        -43.5        -48.83333333
 -50.5        -12.6          0.           0.           0.
   0.           0.           0.        ]
[  2.           1.5         -6.66666667 -13.         -33.33333333
 -53.33333333 -66.25       -65.         -67.         -34.25
   0.           0.           0.        ]
[ -4.          -5.5        -10.66666667 -25.         -43.66666667
 -58.         -68.6        -65.         -66.         -30.85714286
   0.           0.           0.        ]
[ 16.          12.66666667  -6.11111111 -12.         -35.33333333
 -49.2        -54.75       -67.33333333 -35.           0.
   0.           0.           0.        ]
[ 23.5         20.66666667  16.25        -1.5        -14.33333333
 -29.25       -48.75       -58.66666667 -45.33333333   0.
   0.           0.           0.        ]
[ 23.   22.    8.    0.  -10.  -35.  -43.  -27.5   0.    0.    0.    0.
   0. ]
[  8.5          3.25        -2.66666667 -12.88888889 -42.25
 -62.         -68.33333333 -67.33333333 -74.         -74.4
 -75.4        -73.         -63.4375    ]
[ 15.5         14.25         6.28571429 -12.         -29.33333333
 -32.4        -51.         -15.25         0.           0.
   0.           0.           0.        ]
[  3.5          0.         -16.16666667 -21.88888889 -22.14285714
 -48.25       -61.         -64.75         0.           0.
   0.           0.           0.        ]
[-12.33333333 -15.75       -27.4        -40.2        -50.33333333
 -22.           0.           0.           0.           0.
   0.           0.           0.        ]
[-17.66666667 -21.         -26.6        -31.         -46.6
 -67.         -70.66666667 -69.66666667 -69.           0.
   0.           0.           0.        ]
