pressure:
[1008.5         949.          795.61538462  609.66666667  486.
  312.66666667  248.66666667    0.            0.            0.
    0.            0.            0.        ]
[1020.          962.5         817.5         605.25        443.71428571
  328.83333333  227.5         150.          120.66666667   92.
   62.4          49.           14.57142857]
[1003.          950.          791.375       660.66666667  441.25
  300.          233.          161.          110.           95.
   70.5          48.4          18.69565217]
[1001.5         944.66666667  800.85714286  620.6         462.4
  325.2         237.57142857  168.2         129.           92.66666667
   66.           47.25         17.34782609]
[1000.5         926.5         824.          622.5         492.42857143
  341.25        239.33333333  192.          128.25         94.2
   66.           48.33333333    0.        ]
[997.33333333 953.33333333 794.         619.8        473.9375
 354.25       245.         197.5        145.5         99.33333333
  67.33333333  51.          16.23076923]
[1000.5         922.33333333  794.92857143  646.33333333  481.14285714
  349.5         261.8         191.33333333  148.          100.8
   70.5          49.66666667   19.84615385]
[1004.5         949.          814.75        650.6         474.88235294
  346.33333333  231.75        172.6         120.5          92.66666667
   65.33333333   47.2          18.13333333]
[1018.          946.4         847.85714286  641.          443.83333333
  322.4         232.          174.          115.          101.33333333
   71.33333333   47.4          17.11764706]
[1015.          947.5         836.          608.6         461.83333333
  298.          229.8         151.          105.           91.5
   65.75         46.           15.        ]
[1023.          975.5         808.4         618.33333333  434.
  293.5         220.          148.          115.           86.6
   60.33333333   45.5          18.94736842]
[1030.          951.          769.57142857  650.66666667  463.
  308.2         207.33333333  146.33333333  103.5          80.5
   62.33333333   44.75         21.82608696]
temperature:
[  1.          -1.          -0.84615385  -8.         -22.28571429
 -47.33333333 -56.33333333   0.           0.           0.
   0.           0.           0.        ]
[  4.           1.          -6.         -15.125      -29.42857143
 -43.83333333 -58.33333333 -55.         -56.33333333 -59.5
 -57.4        -52.         -43.0952381 ]
[ 16.66666667  14.5          2.125       -8.         -29.75
 -47.         -56.25       -53.66666667 -58.         -58.33333333
 -59.5        -59.         -50.17391304]
[ 24.          20.33333333  12.14285714  -2.8        -19.4
 -39.4        -55.42857143 -60.         -59.         -60.
 -60.66666667 -58.         -45.39130435]
[ 31.5         27.16666667  17.66666667  -1.5        -12.28571429
 -26.25       -46.         -56.33333333 -61.         -64.8
 -63.6        -59.           0.        ]
[ 32.          29.33333333  14.6          0.         -11.5
 -26.         -46.         -52.5        -56.         -62.33333333
 -61.66666667 -57.         -40.15384615]
[ 29.          22.66666667  16.21428571   9.44444444  -4.71428571
 -21.25       -34.8        -50.33333333 -58.5        -68.4
 -68.33333333 -61.66666667 -47.38461538]
[ 22.          18.75        11.5          1.6        -13.88235294
 -30.33333333 -51.75       -58.2        -60.5        -63.66666667
 -59.         -57.2        -50.93333333]
[ 13.           8.6          8.14285714  -1.11111111 -19.
 -35.8        -53.66666667 -58.4        -59.         -63.33333333
 -60.66666667 -57.         -48.58823529]
[ 13.           9.5          4.42857143  -8.8        -21.83333333
 -47.5        -55.4        -52.66666667 -59.         -61.5
 -63.25       -56.5        -51.38888889]
[  0.          -2.         -15.6        -23.66666667 -34.33333333
 -48.         -47.         -51.5        -56.33333333 -57.2
 -59.66666667 -54.5        -50.31578947]
[ -1.          -6.         -21.         -24.33333333 -36.
 -50.         -50.         -49.66666667 -53.5        -54.
 -59.66666667 -59.25       -52.17391304]
dewpoint:
[ -1.5         -2.4        -22.30769231 -49.         -45.57142857
 -60.         -68.33333333   0.           0.           0.
   0.           0.           0.        ]
[ -7.          -8.         -10.7        -30.375      -35.57142857
 -49.83333333 -31.33333333   0.           0.           0.
   0.           0.           0.        ]
[  6.           2.          -1.75        -9.33333333 -36.875
 -64.         -72.25       -69.66666667 -74.         -74.33333333
 -37.5          0.           0.        ]
[  7.5          3.         -16.14285714 -31.8        -43.4
 -59.2        -40.14285714   0.           0.           0.
   0.           0.           0.        ]
[ 17.5         10.5          8.16666667  -6.66666667 -15.14285714
 -29.5        -51.         -61.66666667 -16.75         0.
   0.           0.           0.        ]
[ 12.           9.33333333   0.         -20.5        -21.875
 -36.75       -59.5        -65.         -69.           0.
   0.           0.           0.        ]
[ 20.5         17.66666667   4.5        -23.55555556 -37.71428571
 -51.75       -60.2        -72.33333333 -79.5          0.
   0.           0.           0.        ]
[ 19.5         17.           9.25        -1.6        -39.76470588
 -52.16666667 -79.75       -67.2          0.           0.
   0.           0.           0.        ]
[  0.          -0.2          6.14285714 -11.         -32.83333333
 -40.8        -60.66666667 -24.8          0.           0.
   0.           0.           0.        ]
[  9.           6.75         1.57142857 -16.1        -42.5
 -59.5        -66.8        -65.66666667 -71.           0.
   0.           0.           0.        ]
[-27.         -26.         -33.8        -41.33333333 -52.
 -63.5        -63.         -66.5        -70.33333333 -43.
   0.           0.           0.        ]
[-24.         -23.66666667 -28.85714286 -39.         -53.33333333
 -65.2        -65.         -64.66666667 -68.5        -69.
 -23.66666667   0.           0.        ]
