pressure:
[1031.          970.83333333  799.375       626.75        435.125
  309.25        223.          147.          105.           83.66666667
   65.           47.16666667   14.55      ]
[1020.          966.75        770.71428571  609.          451.71428571
  299.25        234.66666667  165.33333333  111.33333333   91.5
   64.           45.           16.95454545]
[1016.          947.42857143  797.76923077  650.6         468.28571429
  293.25        225.          164.          127.25         89.
   66.5          47.25         24.15384615]
[1002.          925.          821.          645.125       468.
  326.83333333  237.2           0.            0.            0.
    0.            0.            0.        ]
[994.         925.         813.         603.66666667 454.22222222
 327.71428571 242.75       183.5        139.           0.
   0.           0.           0.        ]
[994.         919.8        798.6        629.66666667 447.
 323.4        236.33333333 174.33333333 150.          98.8
  66.125       49.66666667  16.0952381 ]
[1001.5         930.          804.75        634.71428571  495.2
  337.25        251.2         189.          131.66666667   97.66666667
   67.           50.           16.88235294]
[1004.5         932.66666667  807.          637.5         448.
  352.375       238.          176.5         139.          100.
   69.2          52.6          40.        ]
[1005.5         925.5         851.5         638.83333333  462.25
  335.          251.25        197.5         134.          103.
    0.            0.            0.        ]
[1018.5         949.5         821.6         630.55555556  471.125
  335.2         225.4         167.          121.66666667   94.
   65.33333333   49.25         14.36363636]
[1012.5         962.8         833.2         653.25        456.2
  322.5         225.5         158.          110.33333333   89.5
   66.5          48.           14.5       ]
[1024.66666667  964.6         840.14285714  635.75        442.66666667
  287.          223.5         151.5         109.           88.75
   63.16666667   44.8          16.78947368]
temperature:
[  0.          -2.5         -9.25       -16.5        -34.75
 -50.5        -55.         -56.         -58.         -59.66666667
 -62.33333333 -63.83333333 -39.5       ]
[  0.           0.25       -13.14285714 -24.25       -30.71428571
 -47.75       -51.66666667 -52.         -56.         -57.5
 -61.33333333 -59.4        -46.59090909]
[ 10.           6.57142857   1.38461538  -3.         -17.28571429
 -43.25       -57.5        -65.66666667 -62.75       -63.
 -63.75       -57.25       -51.76923077]
[ 26.5    21.     13.      2.125 -14.8   -34.5   -50.4     0.      0.
   0.      0.      0.      0.   ]
[ 31.          26.          17.42857143  -2.66666667 -18.88888889
 -36.         -48.25       -56.75       -56.5          0.
   0.           0.           0.        ]
[ 25.          20.8         14.8          1.5        -15.33333333
 -32.         -36.33333333 -47.66666667 -53.         -65.4
 -61.875      -58.         -40.0952381 ]
[ 27.          21.5         14.5          4.          -2.
 -24.25       -38.6        -49.5        -64.         -65.66666667
 -63.66666667 -59.66666667 -42.41176471]
[ 21.          16.66666667   8.83333333  -1.83333333 -17.
 -30.625      -50.4        -51.         -53.         -57.
 -58.         -56.2        -56.        ]
[ 14.5          9.           9.           0.16666667 -10.
 -26.66666667 -41.75       -50.5        -63.5        -72.
   0.           0.           0.        ]
[ 11.5          8.75         1.2         -9.55555556 -22.875
 -41.6        -57.4        -55.8        -59.66666667 -59.5
 -61.         -57.         -44.09090909]
[  0.          -0.6         -1.4         -7.75       -26.4
 -46.         -61.25       -61.         -60.66666667 -60.5
 -61.         -59.4        -37.84615385]
[  1.66666667   0.4         -1.71428571 -11.5        -31.
 -54.5        -61.25       -54.5        -59.         -59.5
 -55.5        -54.2        -41.89473684]
dewpoint:
[-18.5        -21.83333333 -32.625      -37.5        -46.375
 -60.75       -65.33333333 -67.         -69.         -23.
   0.           0.           0.        ]
[ -2.          -5.75       -21.42857143 -41.5        -51.71428571
 -65.25       -68.66666667 -69.         -73.         -56.
   0.           0.           0.        ]
[  3.           0.85714286  -4.38461538  -4.8        -33.
 -59.75       -33.5          0.           0.           0.
   0.           0.           0.        ]
[ 11.5          8.           1.28571429 -27.5        -46.8
 -59.         -72.           0.           0.           0.
   0.           0.           0.        ]
[ 13.          10.           3.71428571 -10.         -28.77777778
 -42.28571429 -57.25       -64.5        -66.5          0.
   0.           0.           0.        ]
[ 13.           8.8          1.         -18.         -42.33333333
 -55.2        -59.         -68.33333333 -73.           0.
   0.           0.           0.        ]
[ 19.5         18.          12.125       -7.71428571 -18.
 -34.375      -49.         -64.5          0.           0.
   0.           0.           0.        ]
[ 18.5         13.66666667   7.66666667  -2.83333333 -18.83333333
 -41.625      -64.         -66.5        -69.         -72.
   0.           0.           0.        ]
[ 13.5          8.           7.5         -1.16666667 -12.
 -29.66666667 -48.5        -58.5        -34.           0.
   0.           0.           0.        ]
[ -2.5         -9.25       -15.8        -28.11111111 -34.625
 -46.         -63.8        -63.         -22.           0.
   0.           0.           0.        ]
[ -1.    -2.4  -10.3  -22.75 -34.4  -52.   -15.75   0.     0.     0.
   0.     0.     0.  ]
[ -8.33333333 -10.         -20.85714286 -33.5        -47.66666667
 -68.           0.           0.           0.           0.
   0.           0.           0.        ]
