pressure:
[1033.          963.2         784.66666667  636.          452.
  301.          217.33333333  152.          106.           87.
   66.           50.           14.48      ]
[1026.          962.5         827.75        617.83333333  445.
  300.          225.5         161.66666667  112.66666667   90.
   66.25         45.33333333   14.75      ]
[995.5        942.         795.875      635.4        452.33333333
 304.         221.2        168.33333333 119.25        94.33333333
  61.2         46.33333333  14.39130435]
[997.         925.75       793.66666667 675.33333333 459.71428571
 323.5        218.5        161.         119.75       100.
   0.           0.           0.        ]
[1003.5         929.33333333  796.          643.          453.83333333
  348.5         246.          179.2         134.66666667   98.
    0.            0.            0.        ]
[999.         928.         815.25       638.5        445.
 335.4        256.         197.33333333 143.66666667  95.4
  67.33333333  51.8         38.        ]
[1002.          945.          798.33333333  644.66666667  465.8
  355.4         247.25        187.6         153.          100.
   65.66666667   50.           18.5       ]
[991.         923.33333333 787.33333333 657.5        463.85714286
 327.5        227.66666667 180.5        131.5         95.4
  69.66666667  48.          12.76470588]
[1004.66666667  920.5         826.          606.875       474.
  318.6         245.75        177.          132.           96.25
   68.           53.66666667   17.20833333]
[1033.          981.33333333  800.8         642.75        425.25
  284.          226.6         153.33333333  111.5          84.66666667
   67.33333333   46.           16.32      ]
[1021.          968.66666667  817.16666667  646.          471.6
  294.          228.5         168.          102.5          85.33333333
   63.66666667   44.           17.31818182]
[1017.          960.5         796.5         629.75        439.88888889
  329.5         222.25        158.          108.           88.8
   65.5          47.5          16.4       ]
temperature:
[ -2.          -4.8        -16.66666667 -21.         -34.5
 -51.         -56.33333333 -54.5        -59.33333333 -58.
 -63.5        -61.         -47.04      ]
[  1.          -2.          -7.5        -17.66666667 -31.16666667
 -52.         -58.5        -56.33333333 -59.33333333 -59.
 -57.         -58.         -51.55      ]
[ 21.5         18.           7.5         -4.         -23.33333333
 -46.5        -62.2        -62.66666667 -61.5        -62.33333333
 -60.8        -58.66666667 -45.39130435]
[ 25.          21.75        12.66666667   4.33333333 -19.85714286
 -40.5        -61.25       -63.         -61.25       -63.
   0.           0.           0.        ]
[ 23.5         17.66666667  10.36363636   0.66666667 -14.5
 -25.25       -44.         -55.         -59.66666667 -64.4
   0.           0.           0.        ]
[ 28.          23.8         15.           2.875      -14.66666667
 -31.         -43.25       -55.33333333 -58.         -58.8
 -58.33333333 -55.4        -55.        ]
[ 27.          23.6         16.88888889   6.77777778  -7.8
 -22.4        -40.75       -53.         -58.5        -63.5
 -64.66666667 -61.         -46.        ]
[ 30.          25.33333333  13.33333333   0.5        -15.85714286
 -30.4        -46.         -46.5        -53.25       -57.
 -59.16666667 -55.5        -41.11764706]
[ 21.66666667  16.          12.85714286  -3.375      -15.5
 -36.6        -43.5        -53.5        -61.         -65.
 -64.5        -59.         -48.41666667]
[  3.           0.33333333 -10.2        -17.5        -32.75
 -49.5        -53.2        -57.         -57.         -60.33333333
 -58.33333333 -55.75       -47.72      ]
[  8.           5.33333333  -4.16666667 -12.66666667 -27.8
 -52.5        -59.         -56.75       -62.         -62.33333333
 -58.66666667 -58.66666667 -40.27272727]
[ -2.5          1.125       -2.5        -10.75       -29.88888889
 -43.         -54.5        -55.33333333 -61.         -58.8
 -60.5        -59.         -44.15      ]
dewpoint:
[-16.         -20.         -23.66666667 -34.8        -51.75
 -67.         -71.33333333 -69.5          0.           0.
   0.           0.           0.        ]
[-15.         -18.         -17.625      -26.75       -39.33333333
 -60.         -17.           0.           0.           0.
   0.           0.           0.        ]
[  5.5          2.          -7.625      -18.2        -35.33333333
 -55.5        -13.2          0.           0.           0.
   0.           0.           0.        ]
[ 15.          12.           0.16666667 -11.66666667 -27.85714286
 -55.         -16.5          0.           0.           0.
   0.           0.           0.        ]
[  5.           2.33333333   0.63636364  -2.         -17.16666667
 -27.5        -48.         -61.8        -22.33333333   0.
   0.           0.           0.        ]
[ 21.          16.6          9.         -19.75       -47.33333333
 -53.         -49.         -60.33333333 -43.66666667   0.
   0.           0.           0.        ]
[ 23.          21.8         13.77777778  -4.88888889 -30.
 -40.4        -56.75       -66.8        -71.5          0.
   0.           0.           0.        ]
[ -3.          -6.66666667 -12.         -20.25       -34.42857143
 -41.3        -49.33333333 -58.         -66.25       -27.4
   0.           0.           0.        ]
[  8.           3.           2.28571429 -12.25       -39.5
 -56.6        -62.5        -71.         -37.           0.
   0.           0.           0.        ]
[-15.         -20.         -28.4        -40.25       -52.75
 -66.5        -69.8        -73.33333333 -73.         -25.
   0.           0.           0.        ]
[-10.         -14.33333333 -22.         -34.66666667 -49.2
 -69.5        -18.25         0.           0.           0.
   0.           0.           0.        ]
[ -4.5         -8.375      -19.83333333 -33.5        -37.88888889
 -54.5        -65.5        -67.33333333   0.           0.
   0.           0.           0.        ]
