pressure:
[1018.66666667  959.16666667  809.          624.          435.5
  314.          222.5         146.5         103.66666667   89.33333333
   61.33333333   47.           18.        ]
[1007.66666667  941.5         802.83333333  587.4         451.
  313.          224.          149.5         102.5          85.
   61.75         45.2          29.2       ]
[1017.          963.          828.2         608.5         457.5
  304.          225.          157.33333333  118.5          90.66666667
   65.           48.33333333   16.57894737]
[1003.5         939.          800.75        653.25        480.42857143
  320.5         235.5         153.5         123.5          96.33333333
   64.75         47.5          19.66666667]
[991.         927.         848.         623.         452.42857143
 306.25       246.25       173.5        119.66666667  96.
  63.66666667  50.83333333  18.46428571]
[998.         939.         788.         646.8        472.
 350.375      238.25       171.         131.5         96.2
  69.4         51.2         18.58823529]
[1001.          946.5         810.33333333  659.28571429  492.85714286
  344.4         243.          187.75        145.          105.2
   65.75         52.4          18.4       ]
[1001.33333333  939.5         845.625       655.6         468.27272727
  342.          254.            0.            0.            0.
    0.            0.            0.        ]
[1004.          948.75        822.77777778  634.66666667  472.81818182
  320.66666667  246.          177.66666667  150.           99.4
   68.2          51.75         17.3       ]
[1006.          951.75        845.8         649.25        457.
  311.33333333  225.25        150.          135.5          98.
   67.66666667   45.66666667   19.57142857]
[1028.          952.          766.          597.5         451.
  300.33333333  225.          167.66666667  109.33333333   79.
   65.           42.25         15.33333333]
[1015.33333333  945.25        763.16666667  611.5         431.
  301.75        225.          165.          116.           82.
   63.           42.75         16.36842105]
temperature:
[  1.33333333  -0.33333333  -9.         -17.75       -35.
 -48.         -55.125      -54.5        -58.33333333 -53.
 -60.66666667 -59.5        -49.73076923]
[ 12.66666667   8.          -3.83333333 -24.         -36.33333333
 -55.         -53.75       -53.         -54.         -54.33333333
 -56.25       -56.         -56.8       ]
[ 14.          11.5          0.8        -19.66666667 -34.
 -52.5        -51.66666667 -54.33333333 -56.         -58.33333333
 -60.33333333 -60.66666667 -41.68421053]
[ 23.5         19.33333333  10.5         -2.75       -20.71428571
 -43.83333333 -52.         -52.         -57.5        -60.
 -62.5        -61.         -45.16666667]
[ 30.          27.33333333  22.5         -1.         -20.
 -40.25       -45.5        -53.25       -60.         -58.25
 -61.66666667 -58.5        -42.92857143]
[ 34.          29.          16.57142857   5.4         -9.75
 -24.875      -45.5        -61.6        -64.66666667 -60.4
 -61.6        -58.         -44.29411765]
[ 29.          24.75        17.33333333   7.28571429  -3.42857143
 -22.8        -42.         -51.75       -60.75       -65.2
 -64.75       -61.8        -45.93333333]
[ 22.          19.5         16.125        1.2        -16.63636364
 -33.85714286 -49.           0.           0.           0.
   0.           0.           0.        ]
[ 21.5         19.75        12.55555556   0.         -15.81818182
 -33.         -45.5        -55.33333333 -59.         -66.8
 -64.6        -58.25       -48.2       ]
[ 11.          10.          10.2         -5.         -22.5
 -40.         -55.25       -59.         -59.         -60.5
 -59.         -59.         -50.28571429]
[  0.          -3.         -13.28571429 -19.         -34.33333333
 -52.33333333 -52.5        -53.66666667 -56.33333333 -57.
 -58.         -56.75       -51.86666667]
[  1.33333333  -0.5        -12.5        -19.5        -37.75
 -51.75       -57.         -56.         -56.8        -56.
 -57.33333333 -52.25       -43.31578947]
dewpoint:
[-20.         -24.5        -31.5        -41.25       -53.5
 -64.33333333 -70.375      -70.5        -74.33333333 -69.
 -24.           0.           0.        ]
[-14.33333333 -17.5        -21.33333333 -30.2        -48.33333333
 -47.6          0.           0.           0.           0.
   0.           0.           0.        ]
[ -6.         -10.5        -16.4        -26.33333333 -51.25
 -67.5        -67.33333333 -69.33333333 -71.         -23.66666667
   0.           0.           0.        ]
[ -4.          -5.66666667 -10.5        -12.         -28.71428571
 -55.66666667 -65.         -65.5        -70.5        -48.
   0.           0.           0.        ]
[ 14.           8.33333333   0.75       -11.75       -26.57142857
 -53.25       -59.5        -66.75         0.           0.
   0.           0.           0.        ]
[ 20.          16.5          8.71428571  -8.         -23.25
 -48.25       -65.25       -14.6          0.           0.
   0.           0.           0.        ]
[ 19.5         18.25         2.66666667 -14.71428571 -31.71428571
 -45.4        -58.66666667 -67.75         0.           0.
   0.           0.           0.        ]
[ 17.          10.75         7.          -3.         -27.27272727
 -42.         -52.           0.           0.           0.
   0.           0.           0.        ]
[ 16.          12.75        -1.77777778 -11.33333333 -22.81818182
 -36.         -50.5        -67.66666667 -71.           0.
   0.           0.           0.        ]
[  0.66666667  -2.         -11.6        -21.75       -41.75
 -47.         -60.25       -66.           0.           0.
   0.           0.           0.        ]
[-15.         -20.5        -28.85714286 -36.5        -47.
 -63.66666667 -64.         -65.66666667 -68.33333333 -69.
 -35.           0.           0.        ]
[-15.33333333 -21.25       -26.         -32.25       -46.75
 -61.75       -67.         -66.         -66.8        -66.
   0.           0.           0.        ]
