pressure:
[1021.          950.25        752.2         602.66666667  454.5
  284.5         191.          142.33333333  105.33333333   93.
   64.33333333   44.6          18.95454545]
[1003.          957.33333333  794.          608.5         455.14285714
  292.5         220.2         170.          112.66666667   84.5
   65.25         46.25         18.125     ]
[1003.          919.6         781.75        636.5         464.75
  336.75        226.2         161.33333333  123.5          85.
   62.5          48.           12.8       ]
[1004.          934.75        826.5         618.4         454.83333333
  309.33333333  218.          153.66666667  125.           95.
   63.66666667   45.           16.35294118]
[1004.          925.          840.25        651.5         459.8
  336.42857143  259.66666667  178.25        134.          102.5
   68.           47.33333333   22.1       ]
[1000.5         955.33333333  800.6         643.28571429  462.33333333
  334.5         238.          182.83333333  136.           95.4
   68.16666667   51.66666667   32.5       ]
[1000.          922.75        804.5         679.6         494.
  363.          251.4         200.          146.66666667  102.66666667
   73.33333333   49.75         13.73333333]
[1004.5         933.66666667  807.3         646.25        473.625
  348.6         230.66666667  200.          139.75         96.4
   71.5          52.5          20.92307692]
[1005.          928.66666667  789.66666667  691.5         474.
  323.8         229.75        158.33333333  129.5          94.5
   67.75         47.66666667   15.5       ]
[1016.33333333  959.4         798.5         653.85714286  451.
  304.          230.25        167.          105.           90.66666667
   63.           46.5          24.33333333]
[1018.66666667  961.8         820.75        627.2         438.
  287.5         218.75        148.5         116.5          88.33333333
   63.33333333   44.6          17.        ]
[1038.          940.25        833.71428571  593.28571429  431.
  281.          220.          155.          102.            0.
   68.           45.           16.63157895]
temperature:
[  0.5         -2.5        -15.6        -22.66666667 -36.16666667
 -56.5        -53.66666667 -52.66666667 -54.         -57.
 -53.66666667 -49.4        -48.81818182]
[  6.5          4.          -7.2        -17.5        -25.85714286
 -49.5        -58.         -53.         -57.66666667 -57.5
 -58.5        -62.5        -55.25      ]
[ 20.5         16.           8.          -6.         -22.75
 -38.25       -58.2        -59.33333333 -58.5        -61.66666667
 -58.5        -58.66666667 -45.4       ]
[ 20.          14.75         9.375       -4.8        -22.66666667
 -39.66666667 -57.5        -54.66666667 -58.         -62.5
 -61.         -57.66666667 -43.88235294]
[ 31.          26.          19.           2.         -17.2
 -35.71428571 -46.66666667 -54.         -55.         -59.
 -61.33333333 -57.66666667 -47.25      ]
[ 27.5         26.66666667  13.8          2.         -14.66666667
 -30.25       -48.33333333 -55.5        -54.33333333 -59.8
 -59.         -57.33333333 -52.25      ]
[ 33.          28.25        20.5         12.4          0.
 -14.6        -35.4        -47.         -61.66666667 -71.33333333
 -72.33333333 -63.25       -40.66666667]
[ 27.          22.          13.1          6.          -8.625
 -23.8        -42.33333333 -49.         -61.25       -68.4
 -68.         -59.5        -46.07692308]
[ 16.5         12.33333333   0.33333333  -6.5        -25.
 -42.6        -44.         -50.         -54.5        -56.5
 -56.75       -55.66666667 -46.91666667]
[ 11.33333333  10.8          0.75        -5.71428571 -25.75
 -49.         -53.5        -53.6        -59.         -60.66666667
 -59.66666667 -60.         -52.83333333]
[  4.33333333   5.          -0.25       -11.8        -30.66666667
 -51.         -59.25       -56.5        -57.5        -60.66666667
 -61.         -61.         -50.42857143]
[ -4.         -10.25       -14.85714286 -26.28571429 -40.
 -52.         -51.66666667 -54.         -59.           0.
 -59.66666667 -56.75       -51.68421053]
dewpoint:
[-18.5        -22.5        -26.4        -33.66666667 -47.66666667
 -32.           0.           0.           0.           0.
   0.           0.           0.        ]
[-10.         -13.33333333 -24.6        -40.25       -47.71428571
 -65.         -14.4          0.           0.           0.
   0.           0.           0.        ]
[  0.5     0.     -9.    -14.    -32.625 -47.25  -12.2     0.      0.
   0.      0.      0.      0.   ]
[  9.           8.25         0.875      -14.         -25.66666667
 -45.         -14.75         0.           0.           0.
   0.           0.           0.        ]
[  3.5         -1.          -9.         -19.5        -37.6
 -53.42857143 -63.         -69.         -70.         -73.
   0.           0.           0.        ]
[ 19.5         13.66666667   8.6         -4.14285714 -16.5
 -32.5        -52.         -10.33333333   0.           0.
   0.           0.           0.        ]
[ 23.    17.75   7.5   -3.8  -24.   -40.6  -55.4  -65.     0.     0.
   0.     0.     0.  ]
[ 17.5         14.33333333   2.3        -16.875      -29.625
 -43.         -62.         -67.         -19.           0.
   0.           0.           0.        ]
[  2.          -1.33333333  -5.33333333  -8.5        -31.83333333
 -55.         -61.75       -68.33333333 -72.         -73.5
 -73.75       -72.66666667 -66.20833333]
[ -2.66666667  -7.         -15.75       -19.57142857 -39.
 -59.         -64.125      -64.6        -70.           0.
   0.           0.           0.        ]
[ -1.66666667  -8.2        -17.25       -26.8        -44.
 -62.5        -17.           0.           0.           0.
   0.           0.           0.        ]
[-18.         -21.5        -18.14285714 -32.14285714 -57.33333333
 -68.         -67.66666667 -69.33333333   0.           0.
   0.           0.           0.        ]
