pressure:
[1020.          963.66666667  780.28571429  636.33333333  435.16666667
  299.16666667  206.33333333  153.66666667  106.25         81.
   61.33333333   48.33333333   21.2       ]
[1016.          961.5         819.          631.57142857  452.6
  313.5         228.          164.5         117.           80.
   67.33333333   45.75         34.5       ]
[1013.5         973.          812.6         624.75        449.125
  303.          225.25        157.66666667  117.           89.
    0.            0.            0.        ]
[1003.5         950.          850.          616.75        435.4
  340.8         227.5         160.75        114.33333333   97.33333333
   70.           48.           19.17391304]
[1001.          938.5         830.8         658.6         450.25
  338.83333333  232.          174.          112.5          93.33333333
   64.4          48.2          16.76470588]
[999.         949.33333333 802.33333333 659.         459.33333333
 321.         243.         189.         132.33333333  97.25
  66.75        47.6         19.47058824]
[1000.          916.          834.57142857  622.88888889  474.8
  333.6         252.75        171.          133.          101.33333333
   69.           51.33333333   18.58823529]
[1004.5         951.5         798.44444444  644.          478.57142857
  321.33333333  250.          180.33333333  137.           91.25
   63.75         49.2          27.27272727]
[1005.          959.66666667  814.66666667  635.28571429  471.33333333
  319.          230.5         169.          127.          102.5
   71.33333333   49.           18.52631579]
[1014.          955.25        813.85714286  667.          469.
  298.          234.          170.14285714  119.33333333  101.
   70.5          48.           19.        ]
[1026.          963.33333333  771.2         626.57142857  429.25
  300.          229.71428571  168.66666667  125.           92.
   71.            0.            0.        ]
[1028.          952.2         826.77777778  646.          448.66666667
  306.5         225.4         150.          110.           83.
   60.33333333   49.           17.52380952]
temperature:
[ -1.5         -3.66666667 -14.14285714 -19.33333333 -41.33333333
 -50.83333333 -53.33333333 -55.33333333 -59.         -59.
 -61.33333333 -59.66666667 -48.1       ]
[ 10.           8.          -2.         -17.42857143 -32.2
 -49.5        -56.66666667 -54.5        -55.5        -50.
 -58.33333333 -56.25       -53.        ]
[ 13.5         10.66666667  -3.         -19.5        -34.625
 -49.         -53.         -52.         -56.         -55.
   0.           0.           0.        ]
[ 22.5         19.          10.         -12.25       -31.8
 -40.8        -48.5        -51.         -55.66666667 -55.
 -61.         -61.33333333 -46.91304348]
[ 26.          22.          14.          -0.4        -19.25
 -36.16666667 -52.2        -52.         -59.         -59.33333333
 -58.2        -56.6        -43.70588235]
[ 30.          26.          12.66666667   1.2        -16.
 -36.6        -42.66666667 -45.66666667 -53.33333333 -60.
 -59.25       -55.6        -43.58823529]
[ 32.          26.33333333  20.57142857   2.         -10.8
 -26.         -37.5        -53.33333333 -59.5        -66.
 -62.5        -60.33333333 -46.70588235]
[ 27.5         24.5         11.22222222  -1.         -15.14285714
 -36.5        -45.         -52.66666667 -57.         -60.5
 -59.75       -55.8        -52.90909091]
[ 26.          24.33333333  13.5          0.14285714 -16.16666667
 -38.33333333 -53.5        -57.25       -62.         -60.5
 -60.33333333 -58.75       -50.10526316]
[ 16.5         18.5          7.42857143  -0.2        -18.5
 -42.5        -56.5        -63.85714286 -63.33333333 -65.
 -62.5        -58.         -48.875     ]
[  2.          -0.66666667  -9.4        -13.42857143 -29.
 -48.         -59.42857143 -56.         -56.33333333 -56.5
 -54.           0.           0.        ]
[ -4.5         -8.          -6.22222222 -14.2        -33.66666667
 -53.5        -55.6        -56.         -57.         -60.66666667
 -54.         -53.5        -51.52380952]
dewpoint:
[-24.5        -27.33333333 -36.         -40.         -52.16666667
 -62.66666667 -66.         -68.33333333 -35.           0.
   0.           0.           0.        ]
[ -4.          -5.5        -16.2        -28.85714286 -50.
 -64.5        -70.66666667 -69.5        -70.5        -65.
 -72.66666667 -71.         -68.        ]
[-11.         -13.         -15.4        -22.5        -46.75
 -62.5        -66.         -65.33333333 -69.         -68.
   0.           0.           0.        ]
[ -7.          -8.33333333 -13.         -27.         -46.4
 -54.4        -61.5        -64.         -67.66666667 -44.66666667
   0.           0.           0.        ]
[ -1.5  -5.5  -9.6 -19.2 -39.  -40.  -58.8 -62.  -70.    0.    0.    0.
   0. ]
[  5.           4.33333333   1.33333333 -11.4        -37.
 -49.2        -57.         -60.66666667 -67.33333333 -36.
   0.           0.           0.        ]
[ 23.          18.33333333   6.42857143  -7.44444444 -32.8
 -44.8        -48.25       -66.66666667 -35.           0.
   0.           0.           0.        ]
[ 11.           9.5          2.         -15.         -30.28571429
 -52.83333333 -60.         -67.66666667 -23.           0.
   0.           0.           0.        ]
[ 12.66666667  10.33333333   4.         -22.28571429 -41.83333333
 -57.         -70.         -73.25         0.           0.
   0.           0.           0.        ]
[  1.          -4.75       -10.71428571 -24.4        -34.33333333
 -55.5        -32.5          0.           0.           0.
   0.           0.           0.        ]
[-15.         -18.         -30.2        -34.42857143 -38.25
 -51.         -34.42857143   0.           0.           0.
   0.           0.           0.        ]
[-20.         -23.6        -34.11111111 -46.8        -47.
 -66.5        -73.2        -83.         -83.33333333   0.
   0.           0.           0.        ]
