pressure:
[1008.725       953.11309524  831.13978495  639.9516129   490.38095238
  348.384       249.33846154  193.44303797  149.45454545   94.04587156
   70.41538462   50.           20.80254777]
[1000.5  932.5  829.   641.   493.   350.   250.   200.   150.    92.
   70.    50.    25. ]
[1002.          934.          829.66666667  640.          492.
  350.          233.          200.          150.           91.5
   70.           50.           20.        ]
[1000.5         932.5         828.33333333  639.33333333  492.
  350.          250.          200.          150.           89.
   70.           50.           20.        ]
[1000.5         932.5         829.33333333  641.33333333  493.
  350.          250.          200.          150.          100.
    0.            0.            0.        ]
[997.         930.5        827.66666667 640.         492.5
 350.         250.         200.         150.          95.5
  70.          50.          30.        ]
[995. 925. 850. 700. 500. 350. 250. 200. 150. 103.   0.   0.   0.]
[1000.5  932.5  829.   678.5  500.     0.     0.     0.     0.     0.
    0.     0.     0. ]
[1000.          932.          828.33333333  639.66666667  492.5
  350.          250.          200.          150.          100.
    0.            0.            0.        ]
[1004.          935.5         831.66666667  641.66666667  493.
  350.          250.          200.          150.          104.
   70.           50.           20.        ]
[1012.          957.66666667  831.          640.          492.
  350.          250.          200.          150.          104.5
   70.           50.           25.        ]
[1011.          957.66666667  831.          640.66666667  492.5
  350.          250.          200.          150.           94.5
   70.           50.           25.        ]
temperature:
[ 17.05        14.70238095  10.5          3.09139785  -5.20634921
 -22.92       -40.46153846 -54.29113924 -66.34848485 -81.71559633
 -80.43076923 -66.60714286 -57.15286624]
[ 24.5         22.5         19.66666667   8.          -2.
 -21.5        -40.         -52.         -66.         -84.5
 -81.         -70.         -57.5       ]
[ 23.   19.5  16.    5.   -7.  -22.5 -43.5 -51.  -65.  -79.  -77.  -71.
 -52. ]
[ 23.          21.5         16.33333333   4.          -5.5
 -23.         -40.         -52.         -65.         -79.
 -77.         -67.         -56.        ]
[ 29.          24.5         18.33333333   7.33333333  -5.
 -21.5        -39.         -52.         -64.         -78.
   0.           0.           0.        ]
[ 30.          24.5         19.66666667   8.          -2.5
 -20.5        -38.         -49.         -65.         -83.
 -70.         -65.         -55.        ]
[ 29.  24.  20.  11.  -3. -20. -38. -50. -65. -79.   0.   0.   0.]
[25.  24.  18.   9.5 -4.   0.   0.   0.   0.   0.   0.   0.   0. ]
[ 26.          22.5         17.           5.66666667  -5.
 -21.         -38.         -50.         -63.         -81.
   0.           0.           0.        ]
[ 24.5         19.5         16.33333333   5.          -4.5
 -23.5        -40.         -51.         -67.         -82.
 -75.         -65.         -51.66666667]
[ 18.          14.66666667  10.33333333   1.66666667  -4.
 -23.         -40.         -52.         -67.         -79.5
 -82.         -61.         -53.5       ]
[ 15.          13.33333333   9.66666667   5.66666667  -6.5
 -22.         -40.         -52.         -67.         -84.
 -79.         -67.         -55.        ]
dewpoint:
[ 14.8125      12.32738095   3.01612903 -21.6827957  -36.9047619
 -50.016      -62.27692308 -55.60759494   0.           0.
   0.           0.           0.        ]
[ 20.5         18.           1.33333333 -37.66666667 -44.5
 -56.         -66.         -75.           0.           0.
   0.           0.           0.        ]
[ 21.5         17.5         12.          -2.66666667 -21.
 -34.5        -61.         -67.           0.           0.
   0.           0.           0.        ]
[ 22.          18.5         14.33333333   2.          -8.
 -41.5        -53.         -62.           0.           0.
   0.           0.           0.        ]
[ 24.5  20.5  14.   -4.  -18.  -45.5 -63.  -73.    0.    0.    0.    0.
   0. ]
[ 24.          21.5         12.66666667 -11.33333333 -42.
 -58.         -70.         -77.           0.           0.
   0.           0.           0.        ]
[ 24.   20.   16.    6.  -11.  -35.5 -53.  -63.    0.    0.    0.    0.
   0. ]
[22.         18.5        14.33333333  2.         -6.          0.
  0.          0.          0.          0.          0.          0.
  0.        ]
[ 24.   20.5  14.    3.   -7.  -33.5 -52.  -61.    0.    0.    0.    0.
   0. ]
[ 19.5         15.5          7.33333333 -17.         -42.5
 -60.         -71.         -79.           0.           0.
   0.           0.           0.        ]
[ 11.           5.66666667  -4.          -9.         -30.
 -46.         -60.         -70.           0.           0.
   0.           0.           0.        ]
[  7.           3.66666667  -6.         -30.         -15.5
 -54.5        -68.         -77.           0.           0.
   0.           0.           0.        ]
