pressure:
[1004.5         935.5         831.          640.66666667  493.
  350.          250.          200.          150.           96.
   70.           50.           20.        ]
[1002.          933.5         829.33333333  640.          492.
  350.          250.          200.          150.           96.5
   70.           50.           20.        ]
[998.  931.  828.  640.  492.  350.  241.5 200.  150.   94.   70.   50.
  20. ]
[1001.          933.          828.66666667  639.66666667  492.
  350.          250.          200.          150.           96.
   70.           50.           20.        ]
[995.         937.75       826.28571429 636.4        463.15384615
 357.         268.33333333 186.         134.66666667  94.75
  65.5         46.5         15.41176471]
[997.         916.         863.5        694.5        496.85714286
 338.5        236.5        177.33333333 135.33333333  95.25
  69.33333333  49.          21.05882353]
[995.         937.5        793.5        626.75       480.90909091
 346.85714286 258.4        199.         146.          91.83333333
  69.66666667  47.25        23.88888889]
[999.         918.5        805.         668.         455.91666667
 345.1        251.75       181.         134.75        97.8
  69.          49.33333333   0.        ]
[1001.5         942.2         819.5         657.83333333  484.
  342.83333333  251.          192.          145.5         102.25
   68.           45.75         22.25      ]
[1002.          942.75        800.          648.14285714  495.4
  328.42857143  234.5         185.66666667  132.5          98.85714286
   67.           48.85714286   22.76923077]
[1002.          915.          825.16666667  657.          487.3
  325.4         251.          204.33333333  136.4          94.2
    0.            0.            0.        ]
[1013.          958.          805.45454545  659.6         477.
  347.33333333  234.33333333  192.          137.5          97.16666667
   61.6          46.83333333   26.        ]
temperature:
[ 19.          16.5         11.66666667   7.66666667  -4.
 -23.5        -41.         -52.         -65.         -80.5
 -80.         -68.         -54.        ]
[ 23.          21.          16.           3.66666667  -6.
 -25.         -41.         -53.         -67.         -80.5
 -76.         -69.         -51.66666667]
[ 27.          23.5         19.33333333   6.33333333  -6.
 -26.5        -45.         -50.         -63.         -80.
 -78.         -70.         -52.66666667]
[ 23.5         21.          15.66666667   4.          -5.
 -22.         -40.         -53.         -66.         -80.5
 -77.         -66.         -48.33333333]
[ 27.          28.          20.57142857   8.4         -5.61538462
 -17.5        -31.         -52.33333333 -68.33333333 -82.
 -80.         -65.25       -47.47058824]
[ 30.          23.5         21.25        12.5         -2.14285714
 -20.5        -39.5        -55.66666667 -69.66666667 -79.75
 -76.33333333 -62.5        -51.11764706]
[ 30.          25.          17.7          8.          -3.36363636
 -19.28571429 -33.6        -48.5        -64.5        -82.66666667
 -71.5        -64.25       -55.88888889]
[ 27.          21.5         15.66666667   9.          -8.41666667
 -21.3        -38.25       -57.5        -71.5        -76.2
 -67.75       -64.66666667   0.        ]
[ 29.          26.          18.375        7.16666667  -5.6
 -22.33333333 -37.5        -53.         -66.5        -81.
 -71.83333333 -64.5        -51.91666667]
[ 26.          22.25        15.8          6.85714286  -4.8
 -25.57142857 -43.5        -56.         -71.25       -80.14285714
 -73.66666667 -65.28571429 -54.30769231]
[ 25.          20.5         14.83333333   5.8         -7.9
 -25.6        -39.         -50.         -71.6        -81.6
   0.           0.           0.        ]
[ 16.          15.14285714  10.45454545   8.8         -5.5
 -21.5        -43.         -55.         -70.5        -82.
 -73.4        -66.83333333 -56.84615385]
dewpoint:
[ 17.          12.5         -0.33333333 -36.33333333 -39.5
 -49.5        -63.         -72.           0.           0.
   0.           0.           0.        ]
[ 17.5         15.           7.33333333 -17.66666667 -34.
 -49.5        -61.         -71.           0.           0.
   0.           0.           0.        ]
[ 21.   21.   15.  -13.  -39.5 -52.5 -66.  -70.    0.    0.    0.    0.
   0. ]
[ 21.5  19.5  14.    0.  -13.  -33.  -54.  -66.    0.    0.    0.    0.
   0. ]
[ 23.          18.          11.85714286  -0.9        -21.69230769
 -54.25       -62.66666667 -49.           0.           0.
   0.           0.           0.        ]
[ 23.          22.          19.           4.5        -12.71428571
 -37.75       -57.5        -21.66666667   0.           0.
   0.           0.           0.        ]
[ 26.          22.75        11.7         -3.5        -20.90909091
 -37.28571429 -49.8        -46.           0.           0.
   0.           0.           0.        ]
[ 25.          20.5         14.           4.66666667 -15.16666667
 -35.1        -46.5        -29.           0.           0.
   0.           0.           0.        ]
[ 21.5         16.           7.625       -9.83333333 -30.4
 -45.33333333 -57.5        -51.5          0.           0.
   0.           0.           0.        ]
[ 23.          19.75        10.2          1.         -16.8
 -40.85714286 -59.         -69.33333333   0.           0.
   0.           0.           0.        ]
[ 23.5         18.5         13.66666667   4.2        -36.
 -60.8        -49.33333333 -60.           0.           0.
   0.           0.           0.        ]
[ 11.          -8.42857143 -27.36363636 -37.2        -36.25
 -50.66666667 -67.         -25.           0.           0.
   0.           0.           0.        ]
