pressure:
[1016.          951.66666667  802.375       635.75        479.
  360.          245.          179.          142.75         95.83333333
   65.6          46.66666667   18.15384615]
[1002.5         930.2         813.88888889  646.625       470.8
  347.2         258.33333333  187.25        131.66666667   97.83333333
   65.16666667   45.83333333   21.82352941]
[1000.5         937.66666667  796.          641.8         488.57142857
  348.          249.5         184.5         137.           98.5
    0.            0.            0.        ]
[1000.5         944.25        832.          642.66666667  474.14285714
  344.66666667  244.66666667  178.75        145.33333333  100.5
   72.5           0.            0.        ]
[995.5        945.66666667 826.         626.58333333 465.81818182
 355.81818182 250.         202.33333333 139.5         96.2
  74.           0.           0.        ]
[996.         937.75       825.5        649.33333333 480.9
 359.25       250.         201.5        139.66666667 103.5
  65.75        50.66666667  20.07692308]
[1001.          952.33333333  821.33333333  640.57142857  482.33333333
  348.25        248.75        191.4         138.          105.5
    0.            0.            0.        ]
[998.         925.         830.66666667 656.2        462.85714286
 356.1        249.4        192.33333333 140.33333333  95.16666667
  72.           0.           0.        ]
[1001.5         934.          830.66666667  642.66666667  494.
  350.          250.          200.          150.           95.
   70.           50.           25.        ]
[1010.          958.          833.33333333  643.          494.
  350.          250.          200.          150.           96.
   70.           50.           25.        ]
[1004.5         936.          831.66666667  641.33333333  493.
  350.          250.          200.          150.          101.5
   70.           50.           20.        ]
[1018.          959.66666667  834.33333333  642.33333333  493.
  350.          250.          193.5         150.           98.
   70.           50.           30.        ]
temperature:
[ 17.          13.           8.25         4.25        -9.75
 -23.5        -42.25       -58.75       -67.75       -77.5
 -77.6        -64.66666667 -52.38461538]
[ 24.5         20.8         17.11111111   6.125       -8.4
 -25.2        -39.33333333 -56.75       -71.66666667 -80.5
 -73.5        -64.         -52.82352941]
[ 28.5         25.33333333  16.33333333   3.6         -8.71428571
 -25.5        -42.75       -55.66666667 -64.66666667 -74.
   0.           0.           0.        ]
[ 29.          25.          18.8          5.33333333  -6.85714286
 -21.83333333 -40.33333333 -57.75       -68.66666667 -79.16666667
 -78.           0.           0.        ]
[ 26.5         29.          22.           7.16666667  -7.45454545
 -18.09090909 -37.         -48.33333333 -68.         -76.2
 -80.           0.           0.        ]
[ 34.          29.25        20.75        10.33333333  -4.7
 -18.75       -38.         -48.5        -67.66666667 -77.
 -72.         -65.33333333 -50.30769231]
[ 24.          22.33333333  15.66666667   5.42857143  -6.66666667
 -22.         -40.         -54.6        -69.         -72.
   0.           0.           0.        ]
[ 26.          23.          17.66666667   8.          -6.
 -17.7        -36.8        -52.66666667 -69.33333333 -75.5
 -70.33333333   0.           0.        ]
[ 29.5         24.          18.33333333   7.66666667  -3.5
 -20.5        -38.         -50.         -65.         -80.5
 -78.         -66.         -55.5       ]
[ 26.          22.33333333  15.33333333   4.33333333  -5.5
 -23.         -43.         -54.         -68.         -79.5
 -74.         -61.         -53.        ]
[ 23.5         19.          14.           4.66666667  -3.5
 -21.         -41.         -53.         -68.         -81.
 -76.         -65.         -50.        ]
[ 17.          13.66666667   8.33333333   1.33333333  -6.
 -26.5        -43.         -54.5        -66.         -76.5
 -78.         -70.         -59.        ]
dewpoint:
[ 14.          11.66666667 -12.75       -39.5        -39.5
 -56.75       -67.         -39.           0.           0.
   0.           0.           0.        ]
[ 20.5         19.           6.11111111 -18.5        -45.6
 -55.4        -65.33333333 -58.5          0.           0.
   0.           0.           0.        ]
[ 21.          17.66666667   6.66666667  -7.8        -44.85714286
 -61.         -73.25       -39.83333333   0.           0.
   0.           0.           0.        ]
[ 24.          22.75        14.8          1.66666667 -11.
 -37.66666667 -54.33333333 -16.25         0.           0.
   0.           0.           0.        ]
[ 21.5         12.66666667   8.          -8.08333333 -22.63636364
 -20.45454545 -42.         -35.           0.           0.
   0.           0.           0.        ]
[ 24.          20.25        14.75        -7.83333333 -27.
 -43.5        -57.         -66.5          0.           0.
   0.           0.           0.        ]
[ 23.          21.          14.33333333   4.         -10.33333333
 -37.25       -44.75       -23.4          0.           0.
   0.           0.           0.        ]
[ 24.          20.          16.           6.2        -10.14285714
 -22.7        -42.6        -37.           0.           0.
   0.           0.           0.        ]
[ 24.5         22.5         15.33333333  -2.66666667 -20.
 -29.         -45.         -59.           0.           0.
   0.           0.           0.        ]
[ 23.          20.66666667  12.66666667 -11.66666667 -41.5
 -52.         -65.         -75.           0.           0.
   0.           0.           0.        ]
[ 18.           9.5          8.          -5.33333333 -36.5
 -46.5        -60.         -70.           0.           0.
   0.           0.           0.        ]
[ 14.          12.33333333   7.66666667 -10.66666667 -47.5
 -62.         -69.         -38.5          0.           0.
   0.           0.           0.        ]
