pressure:
[1003.5         935.          830.66666667  640.66666667  492.5
  350.          250.          200.          150.           90.
   70.           50.           20.        ]
[1016.          959.          833.66666667  640.66666667  491.
  350.          250.          194.          150.           90.5
   70.           50.           24.        ]
[1003.          934.5         830.66666667  641.33333333  493.
  350.          250.          191.5         150.           97.
   70.           50.           20.        ]
[1000.          932.          829.          640.66666667  493.
  350.          250.          200.          150.           96.
   70.           50.           25.        ]
[1000.5         933.          830.          642.33333333  494.
  350.          250.          200.          150.          100.
    0.            0.            0.        ]
[999.         932.         828.66666667 641.         493.
 350.         250.         200.         150.         101.
  70.           0.           0.        ]
[996.         930.5        827.33333333 639.66666667 492.5
 350.         250.         200.         150.          97.5
  70.          50.          18.25      ]
[998.         931.         828.         640.33333333 493.
 350.         250.         200.         150.         100.5
  70.          50.          25.        ]
[1000.          931.5         827.66666667  639.          492.
  350.          250.          200.          150.           92.5
   70.           50.           25.        ]
[1004.5         936.5         833.          642.33333333  493.5
  350.          250.          200.          150.           95.5
   70.           50.            0.        ]
[1015.          959.          834.          642.33333333  493.
  350.          250.          200.          150.           91.5
   70.           50.           20.        ]
[1013.          958.33333333  833.          641.66666667  493.
  350.          250.          200.          150.           89.5
   70.           50.            0.        ]
temperature:
[ 22.          18.5         14.           5.66666667  -1.
 -20.5        -41.         -52.         -65.         -82.
 -77.         -66.         -56.33333333]
[ 19.          16.33333333  10.66666667   0.         -10.
 -25.         -42.         -55.         -64.         -76.
 -75.         -70.         -57.75      ]
[ 22.   20.   17.    5.   -5.5 -24.  -43.  -57.  -68.  -77.5 -76.  -64.
 -51. ]
[ 26.          24.          18.           6.66666667  -4.
 -22.         -40.         -53.         -66.         -80.
 -75.         -66.         -55.5       ]
[ 27.          25.5         20.           8.33333333  -4.5
 -21.         -38.         -51.         -66.         -78.
   0.           0.           0.        ]
[ 28.          24.5         18.33333333   7.66666667  -4.
 -19.5        -36.         -49.         -65.         -81.5
 -73.           0.           0.        ]
[ 28.          26.          19.66666667   7.          -3.
 -19.5        -36.         -49.         -64.         -82.5
 -71.         -69.         -51.5       ]
[ 28.          24.5         19.33333333   7.66666667  -3.
 -19.         -36.         -49.         -65.         -81.
 -72.         -69.         -54.5       ]
[ 25.          19.5         15.33333333   7.          -3.
 -20.5        -39.         -51.         -65.         -80.
 -75.         -67.         -53.5       ]
[ 25.          20.5         15.33333333   4.          -5.5
 -22.         -40.         -52.         -67.         -85.
 -80.         -67.           0.        ]
[ 20.          15.66666667  11.33333333   3.66666667  -5.
 -23.5        -41.         -53.         -65.         -82.
 -82.         -71.         -52.66666667]
[ 19.          15.66666667  12.           3.66666667  -7.5
 -23.5        -40.         -53.         -64.         -82.
 -78.         -68.           0.        ]
dewpoint:
[ 20.          17.5         10.         -13.33333333 -25.5
 -41.         -58.         -67.           0.           0.
   0.           0.           0.        ]
[  8.           0.         -15.         -11.33333333 -41.5
 -57.5        -65.         -37.5          0.           0.
   0.           0.           0.        ]
[ 20.          19.          13.66666667  -2.         -13.5
 -32.         -51.         -30.5          0.           0.
   0.           0.           0.        ]
[ 23.          21.          16.33333333   2.33333333 -12.5
 -40.5        -49.         -61.           0.           0.
   0.           0.           0.        ]
[ 25.          20.5         15.           0.66666667  -9.
 -33.         -58.         -66.           0.           0.
   0.           0.           0.        ]
[ 25.          22.5         16.           2.66666667  -9.
 -36.5        -55.         -64.           0.           0.
   0.           0.           0.        ]
[ 24.          19.5         14.33333333  -4.33333333 -28.
 -35.         -60.         -57.           0.           0.
   0.           0.           0.        ]
[ 24.          22.5         14.66666667   1.         -12.
 -33.         -56.         -65.           0.           0.
   0.           0.           0.        ]
[ 19.  18.  13.  -4. -22. -29. -52. -63.   0.   0.   0.   0.   0.]
[ 22.5         19.5         14.          -0.66666667 -13.
 -53.5        -65.         -74.           0.           0.
   0.           0.           0.        ]
[ 15.          11.33333333   9.33333333 -10.66666667 -46.5
 -59.5        -72.         -80.           0.           0.
   0.           0.           0.        ]
[ 16.          13.33333333   9.66666667   1.66666667 -10.5
 -42.         -58.         -69.           0.           0.
   0.           0.           0.        ]
