pressure:
[1010.          957.33333333  831.33333333  640.          492.
  350.          250.          184.          150.          100.5
   70.           50.           20.        ]
[1004.5         936.          830.66666667  639.66666667  491.5
  350.          250.          200.          150.          100.5
   70.           50.           20.        ]
[1003.5         935.          830.66666667  640.66666667  492.
  350.          250.          200.          150.           97.
   70.           50.            0.        ]
[1001.          933.          829.66666667  640.66666667  493.
  350.          250.          200.          132.5         100.
   70.           50.           20.        ]
[997.         930.5        827.66666667 640.66666667 493.5
 350.         250.         200.         150.          98.
  70.          50.          20.        ]
[998.         931.         828.         640.33333333 493.
 350.         250.         200.         132.         100.
   0.           0.           0.        ]
[993.         929.         825.66666667 639.         492.5
 350.         250.         200.         150.          95.5
  70.           0.           0.        ]
[999.         932.         829.         640.66666667 493.
 350.         250.         200.         150.         101.5
  70.          50.          18.25      ]
[1002.          934.5         831.          642.33333333  494.
  350.          250.          200.          150.          103.
   70.            0.            0.        ]
[1005.          936.5         831.33333333  640.66666667  492.5
  350.          250.          200.          150.           93.
   70.           50.           20.        ]
[1003.5         935.5         831.33333333  641.33333333  493.
  350.          250.          200.          140.           97.
   70.           50.           25.        ]
[1012.          958.          831.33333333  640.33333333  492.
  350.          250.          200.          150.            0.
    0.            0.            0.        ]
temperature:
[ 18.          16.          11.           1.33333333  -5.
 -23.         -40.         -57.5        -66.         -81.5
 -78.         -71.         -56.66666667]
[ 18.5         15.5         11.33333333   3.33333333  -4.
 -22.5        -41.         -52.         -67.         -83.
 -80.         -72.         -52.66666667]
[ 19.          17.5         14.66666667   2.66666667  -9.
 -24.         -40.         -51.         -66.         -79.5
 -77.         -70.           0.        ]
[ 26.   21.5  17.    7.   -5.5 -21.5 -40.  -52.  -71.5 -76.  -81.  -70.
 -49. ]
[ 30.          26.          20.66666667   9.66666667  -2.
 -19.         -37.         -49.         -64.         -81.5
 -78.         -71.         -48.66666667]
[ 25.          25.          18.66666667   6.          -4.
 -20.         -37.         -51.         -73.         -78.
   0.           0.           0.        ]
[ 31.   28.   21.    8.   -2.5 -19.5 -34.  -46.  -62.  -81.5 -73.    0.
   0. ]
[ 29.          26.5         19.66666667   6.66666667  -4.5
 -20.         -37.         -50.         -65.         -82.5
 -73.         -68.         -53.5       ]
[ 27.5         24.5         18.66666667   7.33333333  -3.5
 -21.         -38.         -51.         -65.         -79.
 -77.           0.           0.        ]
[ 23.   17.   12.    4.   -5.5 -22.  -39.  -52.  -68.  -82.  -83.  -67.
 -51. ]
[ 23.          19.5         14.66666667   5.66666667  -4.
 -22.         -39.         -52.         -70.5        -81.5
 -78.         -68.         -55.        ]
[ 17.          13.66666667   9.33333333   2.          -5.5
 -22.         -41.         -53.         -68.           0.
   0.           0.           0.        ]
dewpoint:
[ 17.          14.66666667  10.          -6.66666667 -33.
 -44.5        -57.         -34.5          0.           0.
   0.           0.           0.        ]
[ 17.   14.    5.  -20.  -46.5 -59.  -72.  -80.    0.    0.    0.    0.
   0. ]
[ 18.          16.5         11.66666667   1.         -12.5
 -27.5        -60.         -70.           0.           0.
   0.           0.           0.        ]
[ 22.          20.5         15.33333333   2.          -8.
 -34.         -54.         -65.           0.           0.
   0.           0.           0.        ]
[ 24.          21.          14.           0.66666667 -11.
 -36.         -55.         -64.           0.           0.
   0.           0.           0.        ]
[ 23.          19.5         14.66666667   1.66666667 -10.5
 -23.5        -50.         -61.           0.           0.
   0.           0.           0.        ]
[ 25.          21.          12.66666667  -1.         -14.5
 -32.5        -39.         -53.           0.           0.
   0.           0.           0.        ]
[ 26.          16.          10.66666667  -6.         -23.5
 -40.5        -59.         -69.           0.           0.
   0.           0.           0.        ]
[ 24.          19.5         12.66666667  -1.33333333 -13.5
 -28.5        -44.         -57.           0.           0.
   0.           0.           0.        ]
[ 17.5         15.5          8.33333333  -6.66666667 -14.
 -53.         -68.         -77.           0.           0.
   0.           0.           0.        ]
[ 20.          17.5          7.33333333 -18.         -34.5
 -43.         -54.         -65.           0.           0.
   0.           0.           0.        ]
[ 13.   11.    8.   -7.  -29.5 -42.  -58.  -68.    0.    0.    0.    0.
   0. ]
