pressure:
[1014.          958.          830.33333333  638.33333333  490.5
  350.          250.          200.          143.           89.
   70.           50.           25.        ]
[1002.5         934.          830.          639.66666667  491.5
  350.          250.          200.          150.           90.5
   70.           50.           20.        ]
[1003.          934.5         830.33333333  639.66666667  491.5
  350.          250.          200.          150.           99.5
   70.           50.           20.        ]
[1002.   934.   830.   678.5  500.     0.     0.     0.     0.     0.
    0.     0.     0. ]
[1000.5         933.          829.66666667  641.33333333  493.5
  350.          250.          200.          150.          102.
   70.           50.           25.        ]
[995.         930.         827.         639.66666667 492.5
 350.         250.         200.         150.          96.5
  70.          50.          20.        ]
[996.         930.5        827.         639.66666667 492.5
 350.         250.         200.         150.         101.
  70.          50.          18.5       ]
[1000.  932.  829.  641.  493.  350.  250.  200.  150.    0.    0.    0.
    0.]
[1001.5         933.5         829.33333333  640.33333333  493.
  350.          250.          200.          150.           94.5
   70.           50.           25.        ]
[1003.5         935.          830.33333333  640.66666667  492.5
  350.          250.          200.          150.          102.5
   70.           50.           20.        ]
[1010.          957.66666667  832.66666667  642.          493.
  350.          232.          200.          150.           95.5
   70.           50.           25.        ]
[1019.          959.66666667  834.          641.          492.
  350.          250.          179.5         150.           93.
   70.           50.           20.        ]
temperature:
[ 10.           6.66666667   7.33333333   0.          -4.
 -22.5        -42.         -52.         -68.         -81.5
 -80.         -64.         -60.        ]
[ 21.          19.5         14.66666667   4.33333333  -7.5
 -22.5        -40.         -53.         -68.         -81.5
 -80.         -68.         -55.33333333]
[ 23.          20.5         14.           3.          -4.5
 -22.         -42.         -54.         -67.         -80.5
 -75.         -67.         -50.33333333]
[24.  21.  16.   9.5 -4.   0.   0.   0.   0.   0.   0.   0.   0. ]
[ 29.5         25.5         19.           7.33333333  -2.5
 -21.         -38.         -51.         -65.         -77.5
 -76.         -66.         -53.        ]
[ 31.   27.   20.    8.   -4.5 -21.  -38.  -51.  -65.  -79.  -71.  -64.
 -50. ]
[ 29.          24.5         18.           8.66666667  -2.5
 -19.5        -37.         -50.         -66.         -82.
 -66.         -65.         -49.25      ]
[ 28.          26.          18.66666667   6.          -4.
 -21.         -38.         -50.         -66.           0.
   0.           0.           0.        ]
[ 26.          22.5         16.33333333   7.66666667  -3.5
 -21.         -38.         -49.         -63.         -82.5
 -73.         -64.         -55.5       ]
[ 24.5         20.5         14.           5.          -4.
 -22.         -37.         -50.         -65.         -80.5
 -72.         -64.         -51.66666667]
[ 24.          20.33333333  14.33333333   3.66666667  -5.5
 -25.         -46.         -53.         -67.         -80.
 -73.         -68.         -57.        ]
[ 12.           9.33333333   8.33333333   0.66666667  -5.5
 -22.5        -40.         -56.5        -63.         -81.5
 -80.         -72.         -59.33333333]
dewpoint:
[  6.           4.           5.66666667 -14.66666667 -46.5
 -57.5        -69.         -78.           0.           0.
   0.           0.           0.        ]
[ 19.5         17.5          9.66666667 -15.33333333 -37.5
 -59.         -71.         -81.           0.           0.
   0.           0.           0.        ]
[ 20.          10.5          6.         -15.33333333 -45.5
 -47.5        -62.         -71.           0.           0.
   0.           0.           0.        ]
[23.         20.         14.66666667  5.         -6.          0.
  0.          0.          0.          0.          0.          0.
  0.        ]
[ 24.5         18.5         14.66666667  -0.33333333 -16.
 -42.5        -55.         -66.           0.           0.
   0.           0.           0.        ]
[ 25.          18.5         15.          -3.33333333 -21.
 -39.         -50.         -63.           0.           0.
   0.           0.           0.        ]
[ 24.          21.          15.66666667   1.          -8.5
 -27.         -48.         -62.           0.           0.
   0.           0.           0.        ]
[ 25.          19.5         15.66666667   3.33333333 -11.
 -30.         -43.         -62.           0.           0.
   0.           0.           0.        ]
[ 19.   11.   10.   -2.  -22.  -42.5 -58.  -67.    0.    0.    0.    0.
   0. ]
[  9.5          3.          -6.66666667 -15.33333333 -30.
 -44.5        -57.         -67.           0.           0.
   0.           0.           0.        ]
[ 22.          19.33333333  12.66666667  -4.33333333 -31.5
 -45.5        -62.5        -69.           0.           0.
   0.           0.           0.        ]
[  9.           7.33333333   5.33333333 -19.33333333 -47.5
 -59.         -71.         -39.5          0.           0.
   0.           0.           0.        ]
