pressure:
[1012.          958.          832.66666667  642.          493.5
  350.          250.          200.          150.           99.5
   70.           50.           20.        ]
[1002.5         934.          830.          640.33333333  492.
  350.          250.          200.          150.           91.5
   70.           50.           20.        ]
[1002.5         934.5         831.          641.33333333  493.
  350.          250.          192.          150.           95.
   70.           50.           20.        ]
[1000.          932.          828.66666667  640.          492.5
  350.          250.          200.          150.           91.
   70.           50.           25.        ]
[1000.          931.5         828.33333333  640.33333333  493.
  350.          250.          200.          150.          100.
   70.            0.            0.        ]
[995.         930.         826.66666667 700.           0.
   0.           0.           0.           0.           0.
   0.           0.           0.        ]
[989.         927.         822.         635.33333333 490.
 350.         250.         200.         150.         105.5
  70.          50.          25.        ]
[998.         931.         827.33333333 639.66666667 492.5
 350.         250.         200.         150.         101.5
  70.           0.           0.        ]
[1001.          933.5         829.66666667  640.66666667  493.
  350.          250.          200.          150.          102.
   70.           50.           25.        ]
[1003.          934.5         830.66666667  640.66666667  492.5
  350.          250.          200.          150.           98.5
   70.            0.            0.        ]
[1004.5         936.          831.66666667  641.33333333  493.
  350.          250.          200.          150.           96.
   70.           50.           20.        ]
[1015.          959.          834.          641.66666667  493.
  350.          250.          192.5         150.           92.
   70.           50.           25.        ]
temperature:
[ 20.          18.33333333  13.33333333   6.66666667  -5.5
 -23.5        -41.         -53.         -68.         -81.
 -78.         -70.         -52.66666667]
[ 25.          22.          16.           3.33333333  -8.5
 -21.5        -41.         -53.         -65.         -82.5
 -74.         -70.         -52.33333333]
[ 27.5         22.          17.           5.66666667  -6.5
 -23.5        -39.         -54.         -67.         -78.5
 -77.         -69.         -51.        ]
[ 28.          23.5         17.66666667   5.66666667  -5.5
 -19.5        -37.         -50.         -64.         -79.5
 -82.         -69.         -55.5       ]
[ 26.          23.5         17.66666667   6.66666667  -4.
 -20.         -37.         -49.         -66.         -77.
 -76.           0.           0.        ]
[25.         26.         19.33333333 11.          0.          0.
  0.          0.          0.          0.          0.          0.
  0.        ]
[ 27.          23.          16.33333333   6.          -2.5
 -17.5        -34.         -48.         -64.         -76.5
 -71.         -64.         -56.        ]
[ 26.          22.5         17.66666667   6.66666667  -4.
 -19.5        -37.         -50.         -66.         -80.5
 -72.           0.           0.        ]
[ 28.          24.5         17.           5.33333333  -5.
 -24.         -40.         -51.         -67.         -79.
 -75.         -67.         -56.5       ]
[ 24.          20.5         15.33333333   4.66666667  -4.5
 -22.         -39.         -52.         -67.         -81.5
 -75.           0.           0.        ]
[ 22.5         17.          12.33333333   6.33333333  -4.
 -21.         -39.         -52.         -67.         -82.5
 -81.         -72.         -55.        ]
[ 20.          17.33333333  10.66666667   2.66666667  -6.
 -25.5        -41.         -54.         -67.         -80.
 -75.         -69.         -59.        ]
dewpoint:
[ 16.          12.           0.         -26.33333333 -25.5
 -45.         -62.         -72.           0.           0.
   0.           0.           0.        ]
[ 19.          16.           4.66666667  -8.         -26.5
 -48.5        -61.         -71.           0.           0.
   0.           0.           0.        ]
[ 22.          20.          13.33333333 -12.33333333 -41.
 -40.         -57.         -34.           0.           0.
   0.           0.           0.        ]
[ 24.          16.          14.33333333  -4.66666667 -30.
 -41.         -57.         -68.           0.           0.
   0.           0.           0.        ]
[ 24.          18.5         15.           3.66666667  -5.5
 -23.5        -48.         -57.           0.           0.
   0.           0.           0.        ]
[24.         18.5        16.33333333  7.          0.          0.
  0.          0.          0.          0.          0.          0.
  0.        ]
[ 23.          20.          14.33333333   3.33333333  -5.
 -39.         -41.         -59.           0.           0.
   0.           0.           0.        ]
[ 24.  21.  15.   4.  -6. -24. -43. -59.   0.   0.   0.   0.   0.]
[ 23.          16.           7.         -14.33333333 -26.
 -45.         -59.         -68.           0.           0.
   0.           0.           0.        ]
[ 22.5         19.5         14.          -0.33333333 -18.
 -24.         -44.         -60.           0.           0.
   0.           0.           0.        ]
[ 17.5         14.5          5.33333333 -20.66666667 -27.
 -46.5        -60.         -71.           0.           0.
   0.           0.           0.        ]
[ 18.          15.66666667   9.33333333 -11.         -47.
 -52.         -62.         -35.5          0.           0.
   0.           0.           0.        ]
