pressure:
[1007.07042254  949.61111111  809.1474359   642.31725888  475.28
  337.07117438  249.28571429  185.7755102   136.44907407   94.91025641
   65.3796034    47.4453125    20.66223699]
[994.         947.33333333 782.25       657.5        500.
 349.         253.33333333 179.5        135.5         92.71428571
  68.28571429  51.          18.3       ]
[1000.5         935.6         811.          654.83333333  477.71428571
  341.          258.5         185.75        133.           98.75
   64.85714286   47.2          17.88888889]
[995.         936.33333333 814.71428571 611.         474.63636364
 330.7        261.         187.6        134.          94.6
  67.6         47.5         20.15      ]
[994.    945.    810.25  633.5   476.375 347.    249.    189.75  131.5
 100.4    68.75   50.75   20.15 ]
[991.         935.33333333 826.         644.66666667 488.88888889
 332.875      256.         180.         140.33333333  95.
  65.          49.5         19.23809524]
[990. 925. 850. 700. 500. 350. 250. 200. 133. 100.   0.   0.   0.]
[995.         930.75       815.42857143 639.14285714 503.14285714
 350.83333333 261.         192.75       139.5         95.33333333
  67.5          0.           0.        ]
[998.         925.         854.5        614.25       484.75
 352.71428571 256.66666667 183.         135.25        95.83333333
  67.          50.4         20.52941176]
[1000.5         962.          811.44444444  658.83333333  481.
  332.625       256.          189.5         129.66666667   99.
   67.2          52.75         19.13333333]
[1008.          964.75        807.          632.5         504.
  339.          240.          186.66666667  141.5          96.
   63.85714286   47.8          19.73684211]
[1007.          965.2         807.36363636  636.75        468.25
  353.25        246.33333333  197.33333333  145.33333333   98.2
   72.66666667   47.4          19.35      ]
temperature:
[ 11.76056338   8.72916667   6.6025641    0.09137056  -9.26133333
 -25.34875445 -40.83597884 -56.21428571 -68.72685185 -78.94551282
 -75.63172805 -64.9609375  -57.00332226]
[ 23.          20.33333333  14.625       12.          -1.5
 -21.66666667 -39.         -57.         -70.5        -82.42857143
 -81.57142857 -69.5        -49.85      ]
[ 18.          15.          12.           2.5        -12.85714286
 -25.16666667 -38.         -54.5        -66.         -74.25
 -74.42857143 -67.8        -48.94444444]
[ 24.          21.33333333  15.71428571   0.5         -9.
 -27.6        -38.33333333 -54.2        -65.         -76.4
 -74.         -64.5        -50.25      ]
[ 26.    25.6   17.5    6.25  -5.25 -21.   -39.   -53.75 -69.25 -76.
 -78.   -66.75 -50.4 ]
[ 30.          25.66666667  19.33333333   8.33333333  -3.22222222
 -21.875      -35.         -53.5        -66.66666667 -78.66666667
 -72.         -64.5        -48.52380952]
[ 31.   26.   21.   13.   -1.  -20.  -39.  -51.  -70.5 -76.    0.    0.
   0. ]
[ 27.          24.          17.71428571   5.14285714  -4.
 -19.         -34.33333333 -52.5        -69.         -80.16666667
 -68.5          0.           0.        ]
[ 25.          20.          16.25         2.5         -5.5
 -20.14285714 -36.66666667 -55.         -69.         -79.33333333
 -72.5        -64.2        -49.41176471]
[ 25.          23.5         13.22222222   5.83333333  -6.33333333
 -27.5        -40.33333333 -54.5        -74.         -78.25
 -72.         -67.25       -50.4       ]
[ 16.          14.25         5.9          0.33333333  -5.5
 -24.8        -43.         -54.66666667 -69.         -80.5
 -73.71428571 -59.2        -49.31578947]
[ 14.          13.8          9.27272727   6.          -9.5
 -20.75       -40.66666667 -51.33333333 -67.66666667 -82.4
 -79.66666667 -64.2        -49.65      ]
dewpoint:
[ 7.83098592e+00  4.96875000e+00 -1.49572650e-02 -2.32512690e+01
 -3.94960000e+01 -5.06583630e+01 -6.40740741e+01 -4.35306122e+01
  0.00000000e+00  0.00000000e+00  0.00000000e+00  0.00000000e+00
  0.00000000e+00]
[ 20.    18.    -2.   -31.5  -36.25 -47.   -59.   -35.     0.     0.
   0.     0.     0.  ]
[ 16.          13.6          9.28571429  -2.83333333 -25.42857143
 -50.33333333 -58.         -34.75         0.           0.
   0.           0.           0.        ]
[ 23.          18.66666667  12.71428571  -2.         -18.
 -36.1        -47.33333333 -65.2          0.           0.
   0.           0.           0.        ]
[ 25.    22.    14.5    2.5   -9.   -28.75 -50.6  -46.5    0.     0.
   0.     0.     0.  ]
[ 24.          21.33333333  16.           0.33333333 -22.44444444
 -35.5        -48.33333333 -31.5          0.           0.
   0.           0.           0.        ]
[ 23.   20.   14.    0.  -19.  -43.5 -60.  -70.    0.    0.    0.    0.
   0. ]
[ 22.          21.75        14.57142857   1.71428571  -6.14285714
 -21.5        -37.33333333 -26.5          0.           0.
   0.           0.           0.        ]
[ 16.          15.          14.5         -2.25       -17.75
 -24.28571429 -42.83333333 -50.83333333   0.           0.
   0.           0.           0.        ]
[ 19.          16.75        11.11111111  -7.         -32.5
 -40.375      -56.33333333 -33.5          0.           0.
   0.           0.           0.        ]
[  4.           3.25        -0.4        -12.83333333 -20.75
 -43.         -58.33333333 -43.33333333   0.           0.
   0.           0.           0.        ]
[  4.          -1.2        -12.45454545 -36.         -37.75
 -47.         -62.66666667 -45.66666667   0.           0.
   0.           0.           0.        ]
