pressure:
[1001.    950.    821.6   672.    500.25  356.4   253.25  176.5   133.2
   93.4    65.2    46.     21.3 ]
[998.         944.33333333 802.375      667.25       478.6
 348.8        245.         177.         133.5         95.6
  64.4         47.6         21.625     ]
[995.         933.5        803.66666667 644.16666667 460.25
 352.6        250.66666667 187.         137.6         92.57142857
  65.16666667  46.25        24.66666667]
[998.         936.         822.75       663.6        481.66666667
 343.27272727 257.2        194.         141.8         93.16666667
  64.75        49.          17.91666667]
[991.         921.33333333 793.         624.28571429 496.375
 352.76923077 249.8        189.4        137.66666667  99.
  67.75        54.           0.        ]
[992.         945.33333333 819.25       623.33333333 465.22222222
 343.72727273 247.75       190.66666667 133.5         96.66666667
  70.           0.           0.        ]
[989.         942.33333333 806.08333333 668.         476.42857143
 353.33333333 249.5        195.         130.4        101.66666667
  71.4         47.66666667  17.9375    ]
[994.         922.         831.         664.33333333 490.55555556
 345.66666667 234.75       181.         143.          94.2
  66.16666667  50.           0.        ]
[998.         950.83333333 846.4        632.85714286 456.28571429
 346.2        249.57142857 189.25       136.          95.8
  63.5         51.          19.        ]
[999.         938.         809.16666667 659.125      506.625
 338.14285714 259.         188.4        139.33333333  97.33333333
  67.83333333  51.          21.45      ]
[999.         938.66666667 804.77777778 679.88888889 493.57142857
 353.66666667 249.8        176.25       138.          94.16666667
  71.          46.28571429  17.81818182]
[1009.          964.16666667  800.09090909  645.          501.4
  357.33333333  242.25        188.          143.5          99.8
   67.28571429   46.5          22.5       ]
temperature:
[ 20.          17.33333333  12.2          9.          -4.5
 -23.9        -40.25       -57.75       -68.2        -78.8
 -76.8        -65.         -54.5       ]
[ 20.          17.66666667  12.25         6.75        -9.
 -27.2        -41.         -56.5        -69.         -80.6
 -76.6        -64.         -53.6875    ]
[ 24.          19.75        15.25         5.83333333 -12.25
 -27.4        -42.33333333 -51.75       -65.4        -78.42857143
 -76.66666667 -65.75       -54.75      ]
[ 22.          18.          13.5          5.4         -8.5
 -25.45454545 -38.4        -53.5        -66.4        -78.16666667
 -70.75       -62.75       -46.08333333]
[ 30.          25.33333333  18.5          8.          -1.75
 -17.92307692 -36.         -51.4        -69.         -80.75
 -80.25       -72.           0.        ]
[ 27.          24.33333333  17.25         6.5         -5.11111111
 -19.         -35.5        -50.66666667 -70.5        -79.33333333
 -78.5          0.           0.        ]
[ 32.          29.          19.08333333  11.          -4.14285714
 -18.88888889 -36.         -49.6        -71.4        -76.33333333
 -73.6        -64.66666667 -49.3125    ]
[ 29.          24.66666667  19.           7.66666667  -4.55555556
 -21.33333333 -41.25       -56.5        -69.5        -75.4
 -69.5        -66.           0.        ]
[ 28.          26.33333333  19.8          5.71428571  -8.14285714
 -21.5        -39.42857143 -53.75       -69.5        -81.2
 -70.25       -66.         -50.25      ]
[ 26.          22.          15.5          7.375       -3.875
 -23.71428571 -38.         -56.4        -69.66666667 -78.
 -72.83333333 -63.         -52.9       ]
[ 24.          22.33333333  12.33333333   4.77777778  -1.42857143
 -20.16666667 -40.2        -59.75       -70.6        -80.33333333
 -80.4        -63.85714286 -52.45454545]
[ 17.          17.5          7.36363636   6.14285714  -4.
 -20.66666667 -41.25       -56.         -68.5        -79.6
 -77.14285714 -65.5        -57.6875    ]
dewpoint:
[  8.5          5.33333333  -4.6        -25.75       -36.5
 -46.3        -61.5        -37.25         0.           0.
   0.           0.           0.        ]
[ 18.          16.33333333   5.375      -15.         -35.4
 -40.6        -57.         -32.5          0.           0.
   0.           0.           0.        ]
[ 17.          14.75         9.66666667 -12.33333333 -36.25
 -45.6        -53.66666667 -65.25         0.           0.
   0.           0.           0.        ]
[ 16.          13.33333333   9.875       -0.6        -18.5
 -33.72727273 -57.2        -71.           0.           0.
   0.           0.           0.        ]
[ 25.          23.66666667  15.25        -1.71428571 -21.125
 -27.         -48.         -55.2          0.           0.
   0.           0.           0.        ]
[ 25.          23.33333333  16.75         2.         -16.77777778
 -25.36363636 -43.25       -39.33333333   0.           0.
   0.           0.           0.        ]
[ 24.          21.          13.16666667   1.16666667 -21.85714286
 -33.55555556 -55.         -38.2          0.           0.
   0.           0.           0.        ]
[ 24.          20.          16.           5.33333333 -11.11111111
 -32.16666667 -58.25       -32.5          0.           0.
   0.           0.           0.        ]
[ 21.          20.16666667  16.6        -11.57142857 -31.85714286
 -36.5        -51.         -31.           0.           0.
   0.           0.           0.        ]
[ 24.          21.          13.          -2.5        -27.25
 -47.85714286 -60.5        -43.           0.           0.
   0.           0.           0.        ]
[ 21.          15.66666667   6.88888889 -10.66666667 -33.
 -46.         -60.8        -17.75         0.           0.
   0.           0.           0.        ]
[  7.          -0.5         -8.27272727 -29.28571429 -17.4
 -47.16666667 -66.         -37.           0.           0.
   0.           0.           0.        ]
