pressure:
[1014.          949.          807.875       662.2         465.36363636
  354.28571429  250.5         190.          150.           96.
   64.           49.5          22.38461538]
[999.         938.33333333 807.55555556 680.33333333 501.2
 358.2        257.8        181.66666667 132.5         90.5
  66.6         50.          22.47619048]
[994.         929.         792.4        615.16666667 499.75
 337.         234.33333333 181.57142857 135.66666667  92.66666667
  66.          47.8         26.16666667]
[994.         948.5        789.16666667 614.85714286 484.92307692
 345.         243.         187.         145.25        97.
  68.57142857  47.66666667  19.91666667]
[990.         932.66666667 818.         640.5        462.16666667
 350.75       257.42857143 184.8        143.5        100.66666667
  68.33333333  46.66666667  18.53333333]
[987.         941.66666667 816.         654.33333333 449.2
 358.85714286 268.         207.33333333 143.66666667  96.
  70.          50.25        19.        ]
[994.         930.5        877.         651.66666667 470.36363636
 356.83333333 255.28571429 183.         137.8         93.6
  68.5         51.5         27.42857143]
[993.         933.         839.33333333 649.6        469.33333333
 341.88888889 240.         188.5        132.16666667  97.6
  66.33333333  50.          22.28571429]
[998.         941.         786.28571429 652.71428571 481.
 350.4        259.66666667 204.75       143.66666667  99.33333333
  66.33333333  49.66666667  19.23076923]
[1010.          947.8         806.          634.85714286  482.6
  343.09090909  244.          187.5         133.75         99.6
   72.5          47.5          21.        ]
[1002.          953.33333333  791.625       669.          461.
  360.8         245.          190.          131.          100.66666667
    0.            0.            0.        ]
[1014.          960.          808.76923077  636.57142857  464.75
  348.71428571  248.6         172.33333333  140.           99.75
   63.33333333   45.25         22.53333333]
temperature:
[  6.           3.42857143   5.125        0.2        -13.18181818
 -26.28571429 -41.33333333 -55.4        -64.         -75.66666667
 -74.         -63.         -53.76923077]
[ 25.          21.          14.11111111   8.66666667  -6.
 -25.6        -39.6        -57.66666667 -71.66666667 -79.16666667
 -74.         -63.25       -51.95238095]
[ 25.          21.          15.6          2.33333333  -5.5
 -28.5        -47.33333333 -56.85714286 -63.33333333 -74.83333333
 -75.6        -61.8        -53.91666667]
[ 23.          22.5         16.66666667   3.85714286  -6.07692308
 -21.83333333 -41.         -55.5        -67.5        -77.66666667
 -76.85714286 -65.16666667 -50.58333333]
[ 29.          25.          19.8          8.5         -6.
 -19.         -35.         -53.4        -66.         -78.66666667
 -78.         -59.66666667 -50.13333333]
[ 32.          28.66666667  20.625       11.66666667  -6.4
 -16.57142857 -32.5        -46.         -64.33333333 -78.25
 -74.         -67.5        -48.86666667]
[ 25.          21.5         18.33333333   7.66666667  -6.72727273
 -20.         -37.14285714 -56.         -69.         -69.8
 -68.75       -61.5        -53.14285714]
[ 25.          21.5         17.33333333   8.          -5.91666667
 -19.44444444 -40.2        -53.16666667 -70.         -75.6
 -68.66666667 -64.         -51.42857143]
[ 28.          25.5         15.71428571   8.85714286  -4.28571429
 -20.6        -35.5        -47.75       -66.33333333 -80.16666667
 -74.66666667 -66.         -50.46153846]
[ 17.          13.4         10.77777778   2.14285714  -8.7
 -24.63636364 -43.         -57.25       -72.         -77.8
 -73.5        -60.33333333 -51.25      ]
[ 18.          17.           9.           4.5         -7.75
 -20.2        -41.5        -56.66666667 -73.         -79.
   0.           0.           0.        ]
[ 13.          10.           8.07692308   1.14285714 -10.75
 -28.         -45.8        -62.         -65.75       -73.75
 -73.33333333 -64.75       -54.06666667]
dewpoint:
[  5.           2.57142857  -3.125      -38.4        -25.90909091
 -38.71428571 -63.         -28.8          0.           0.
   0.           0.           0.        ]
[ 19.          17.33333333   7.77777778 -13.         -25.
 -41.2        -53.4        -21.66666667   0.           0.
   0.           0.           0.        ]
[ 21.          19.           8.8        -15.16666667 -30.75
 -47.5        -62.66666667 -39.71428571   0.           0.
   0.           0.           0.        ]
[ 21.          20.83333333   6.83333333  -7.42857143 -16.69230769
 -42.         -61.66666667 -35.5          0.           0.
   0.           0.           0.        ]
[ 25.          23.33333333  16.4          2.5        -15.33333333
 -24.5        -43.42857143 -37.8          0.           0.
   0.           0.           0.        ]
[ 24.          24.          17.625       -0.83333333 -26.2
 -36.42857143 -49.         -60.33333333   0.           0.
   0.           0.           0.        ]
[ 23.          20.5         18.           5.66666667 -14.45454545
 -32.83333333 -43.14285714 -19.66666667   0.           0.
   0.           0.           0.        ]
[ 23.          20.          16.           6.6        -12.
 -34.77777778 -56.         -21.33333333   0.           0.
   0.           0.           0.        ]
[ 23.          18.5         10.85714286  -1.57142857 -25.28571429
 -42.6        -51.         -61.75         0.           0.
   0.           0.           0.        ]
[ 13.          11.4          9.          -7.         -12.1
 -31.90909091 -53.         -32.75         0.           0.
   0.           0.           0.        ]
[ 14.          14.66666667   4.375      -40.         -48.75
 -56.6        -72.         -27.           0.           0.
   0.           0.           0.        ]
[ 10.           6.6          5.61538462 -13.57142857 -34.25
 -42.71428571 -50.6        -20.33333333   0.           0.
   0.           0.           0.        ]
