pressure:
[1006.          955.          832.83333333  628.11111111  492.8
  354.25        249.33333333  177.          136.           95.28571429
    0.            0.            0.        ]
[1010.          966.2         805.25        623.42857143  488.55555556
  321.          248.66666667  197.66666667    0.            0.
    0.            0.            0.        ]
[999.         937.33333333 815.625      647.8        476.6
 334.         231.33333333 176.5        130.          92.75
  68.75        49.33333333  21.95      ]
[994.         938.         797.375      616.25       492.25
 337.8        259.         198.66666667 131.2         90.2
  67.33333333  47.          20.83333333]
[992.         921.25       791.75       648.6        488.77777778
 353.5        261.6        195.66666667 142.         101.75
  72.25        47.8         19.4       ]
[992.         931.5        791.66666667 667.5        502.14285714
 339.25       245.6        188.75       134.66666667  95.5
  73.5          0.           0.        ]
[990.         931.         810.4        646.25       459.75
 346.         256.         185.66666667 146.66666667  93.4
  66.5         49.          21.        ]
[989.         932.66666667 819.66666667 644.2        486.
 332.66666667 244.5        185.75       136.25        97.66666667
  68.          48.25        24.81818182]
[990.         915.         804.25       618.125      494.8
 345.25       250.8        178.33333333 132.25       100.5
  69.          47.6         23.46153846]
[1003.          952.5         824.5         623.88888889  473.27272727
  355.2         260.33333333  197.33333333  142.4          97.6
   68.4          47.25         21.23076923]
[1008.          947.75        801.27272727  608.6         483.22222222
  350.          233.33333333  189.          147.5         100.66666667
   64.8          49.           19.        ]
[1003.          946.83333333  805.66666667  651.4         464.44444444
  345.75        252.75        198.5         143.           95.
   64.25         48.33333333   19.2       ]
temperature:
[ 10.           8.33333333  10.83333333  -2.77777778  -2.2
 -19.75       -40.66666667 -56.75       -69.         -78.57142857
   0.           0.           0.        ]
[ 19.          19.8          8.          -4.         -14.33333333
 -32.66666667 -45.         -51.66666667   0.           0.
   0.           0.           0.        ]
[ 22.          18.          14.           6.          -8.6
 -28.33333333 -49.         -61.         -71.5        -75.75
 -73.75       -63.33333333 -51.15      ]
[ 21.          20.          16.75         4.25        -3.5
 -25.2        -39.5        -52.66666667 -68.6        -79.4
 -74.83333333 -64.75       -50.44444444]
[ 30.          25.          18.           9.8         -3.44444444
 -18.66666667 -35.         -50.33333333 -66.         -76.5
 -80.25       -66.6        -50.06666667]
[ 27.          24.5         16.66666667   9.5         -2.
 -19.625      -36.2        -51.75       -70.66666667 -78.83333333
 -77.           0.           0.        ]
[ 33.          29.          19.8          7.25        -7.83333333
 -21.6        -35.66666667 -52.         -64.33333333 -77.2
 -71.5        -66.66666667 -50.23529412]
[ 30.          25.66666667  19.16666667   9.2         -2.66666667
 -20.5        -37.5        -53.25       -70.         -80.
 -73.5        -65.25       -53.45454545]
[ 23.          18.          12.875        6.125       -2.
 -21.         -38.         -55.66666667 -69.75       -80.5
 -75.25       -63.6        -53.61538462]
[ 21.          18.          13.25         2.33333333  -7.72727273
 -21.2        -37.66666667 -52.66666667 -69.8        -81.
 -76.8        -66.75       -53.38461538]
[ 14.          10.75         7.72727273  -1.2         -9.88888889
 -25.         -44.33333333 -53.33333333 -64.5        -81.33333333
 -77.8        -70.66666667 -51.11111111]
[ 19.          15.5          9.55555556   4.4        -11.22222222
 -25.         -39.75       -52.5        -67.         -77.
 -76.5        -69.         -51.13333333]
dewpoint:
[  8.           6.66666667   8.83333333 -24.33333333 -45.
 -57.25       -71.66666667 -19.75         0.           0.
   0.           0.           0.        ]
[ 11.           5.4        -15.125      -38.57142857 -37.66666667
 -57.33333333 -66.         -72.33333333   0.           0.
   0.           0.           0.        ]
[ 19.          16.33333333   1.75       -27.4        -41.8
 -63.         -76.         -41.           0.           0.
   0.           0.           0.        ]
[ 20.          18.75         7.5        -11.75       -41.
 -48.4        -58.         -45.66666667   0.           0.
   0.           0.           0.        ]
[ 25.          20.75        13.           0.2        -15.88888889
 -45.         -59.8        -70.33333333   0.           0.
   0.           0.           0.        ]
[ 24.     22.     15.      6.5    -6.    -22.625 -41.    -25.25    0.
   0.      0.      0.      0.   ]
[ 24.          18.75         9.5         -3.25       -19.91666667
 -42.2        -62.33333333 -74.66666667   0.           0.
   0.           0.           0.        ]
[ 25.          23.33333333  16.83333333   1.4        -19.66666667
 -38.         -51.         -47.25         0.           0.
   0.           0.           0.        ]
[ 15.          13.5         11.125       -2.75       -27.6
 -48.25       -59.6        -47.33333333   0.           0.
   0.           0.           0.        ]
[ 16.          14.          12.375       -2.66666667 -19.36363636
 -35.4        -54.66666667 -44.33333333   0.           0.
   0.           0.           0.        ]
[  7.           5.           5.54545455  -2.8        -33.
 -46.         -62.         -45.33333333   0.           0.
   0.           0.           0.        ]
[  5.           3.           7.77777778 -17.         -18.22222222
 -40.5        -56.5        -33.5          0.           0.
   0.           0.           0.        ]
