pressure:
[1000.          918.5         790.44444444  650.5         450.75
  350.4         238.          186.33333333  139.4          97.66666667
   64.           46.5          21.11111111]
[1001.          939.2         815.          677.75        450.2
  348.          247.5         178.          130.75         89.66666667
   64.5           0.            0.        ]
[1001.          945.33333333  830.14285714  628.83333333  467.375
  331.71428571  246.          181.          133.5          92.83333333
   64.5          45.           23.42857143]
[991.         948.5        787.875      654.83333333 486.
 353.         261.         189.25       127.          95.66666667
  67.33333333  45.66666667  21.64705882]
[985.         916.5        824.2        664.25       478.33333333
 362.16666667 269.         198.4        137.5        101.
  67.5         50.          26.5       ]
[986.         941.         835.16666667 653.6        490.25
 351.25       255.16666667 193.         140.          98.33333333
  78.           0.           0.        ]
[983.         936.33333333 816.85714286 642.6        475.71428571
 344.25       255.8        180.75       139.33333333 103.6
   0.           0.           0.        ]
[988.         933.5        810.25       626.33333333 493.77777778
 352.         245.         185.         143.25       100.25
  68.          49.          17.15384615]
[994.         936.2        793.125      643.85714286 498.44444444
 345.23076923 257.5        190.33333333 137.66666667  96.5
  65.33333333  49.4         16.91666667]
[1001.          960.83333333  822.75        636.71428571  468.
  363.75        261.          195.25        136.6          96.5
   64.85714286   46.8          24.2       ]
[1001.          941.5         837.14285714  665.88888889  485.2
  338.5         249.66666667  186.66666667  129.           95.75
   66.4          49.           19.64705882]
[1003.          952.          827.33333333  635.375       499.4
  359.42857143  250.5         177.66666667  150.           98.66666667
   65.16666667    0.            0.        ]
temperature:
[ 18.          13.5          7.           2.33333333 -10.75
 -22.6        -42.5        -56.33333333 -68.         -79.33333333
 -77.5        -68.5        -56.83333333]
[ 13.           9.8          8.           0.          -9.4
 -22.33333333 -41.5        -59.33333333 -73.         -79.
 -80.75         0.           0.        ]
[ 16.          12.66666667   8.57142857   1.33333333 -11.625
 -27.         -41.         -56.33333333 -68.5        -77.66666667
 -74.5        -65.66666667 -50.21428571]
[ 24.          20.5         13.875        7.83333333  -5.5
 -21.66666667 -37.5        -54.75       -70.75       -76.33333333
 -79.         -67.33333333 -50.29411765]
[ 29.          25.5         19.8         11.          -2.66666667
 -16.33333333 -32.5        -49.         -69.         -81.33333333
 -78.5        -66.75       -52.375     ]
[ 26.          24.66666667  18.5          9.          -3.25
 -19.5        -35.16666667 -51.33333333 -70.         -79.66666667
 -76.           0.           0.        ]
[ 25.          26.33333333  20.71428571   6.8         -5.42857143
 -18.375      -33.         -52.         -65.66666667 -79.6
   0.           0.           0.        ]
[ 31.          27.5         18.75         6.5         -3.44444444
 -19.92307692 -39.33333333 -53.8        -66.5        -76.75
 -73.         -63.66666667 -50.46153846]
[ 26.          25.          16.5          8.28571429  -3.22222222
 -20.53846154 -36.5        -53.33333333 -68.66666667 -79.75
 -75.         -63.4        -49.5       ]
[ 21.          19.16666667  12.125        2.85714286  -6.25
 -20.         -37.66666667 -53.5        -70.2        -78.75
 -72.42857143 -61.8        -53.3       ]
[ 17.          14.75        11.85714286   4.44444444  -6.4
 -24.25       -39.33333333 -54.66666667 -72.66666667 -80.75
 -76.2        -63.5        -51.47058824]
[ 13.          11.2          8.55555556   2.5         -5.7
 -22.28571429 -42.         -59.33333333 -67.         -80.
 -78.           0.           0.        ]
dewpoint:
[ 11.          11.           1.55555556 -19.16666667 -37.
 -45.6        -61.         -47.66666667   0.           0.
   0.           0.           0.        ]
[ 11.           9.           7.33333333  -8.75       -50.2
 -58.66666667 -71.         -26.66666667   0.           0.
   0.           0.           0.        ]
[ 11.          10.           5.85714286  -5.33333333 -22.25
 -49.28571429 -61.         -48.33333333   0.           0.
   0.           0.           0.        ]
[ 20.          18.5          5.875      -29.         -48.
 -58.33333333 -69.5        -39.5          0.           0.
   0.           0.           0.        ]
[ 23.          21.          17.6          5.25       -13.33333333
 -35.16666667 -50.         -58.           0.           0.
   0.           0.           0.        ]
[ 23.          20.33333333  16.66666667   3.2         -5.75
 -21.25       -39.33333333 -36.33333333   0.           0.
   0.           0.           0.        ]
[ 23.          20.5         15.57142857   5.6         -6.
 -20.125      -36.         -41.           0.           0.
   0.           0.           0.        ]
[ 23.          19.75        12.875       -0.33333333 -24.11111111
 -39.         -54.33333333 -39.           0.           0.
   0.           0.           0.        ]
[ 24.          19.          11.625       -1.42857143  -8.
 -28.30769231 -44.83333333 -63.33333333   0.           0.
   0.           0.           0.        ]
[ 10.           6.66666667  -1.625      -13.85714286 -44.75
 -51.25       -62.         -54.5          0.           0.
   0.           0.           0.        ]
[ 12.          12.25         9.71428571 -14.55555556 -38.4
 -50.75       -62.33333333 -47.33333333   0.           0.
   0.           0.           0.        ]
[  7.           5.4          7.         -12.375      -23.5
 -41.42857143 -57.         -22.33333333   0.           0.
   0.           0.           0.        ]
