pressure:
[1007.          966.25        823.1         625.          485.
  331.          252.33333333  181.2         128.33333333   95.75
   64.4          47.8          20.5       ]
[994.         949.5        784.63636364 631.375      502.8
 366.         243.5        185.5        138.25        97.5
  64.6         45.66666667  20.70588235]
[995.         931.25       808.6        644.22222222 481.
 351.33333333 243.         181.         130.          98.5
  65.33333333  44.33333333  20.        ]
[991.         923.33333333 819.         631.57142857 468.4
 361.16666667 259.         191.66666667 144.          93.4
  67.22222222  49.33333333  18.38461538]
[990.         930.4        795.75       658.33333333 465.58333333
 344.53846154 255.         191.         137.75       100.5
  69.4          0.           0.        ]
[983.         925.         789.5        631.5        469.66666667
 339.5        262.66666667 196.         132.5         98.66666667
  66.75        49.5         18.5       ]
[985.         942.66666667 805.         664.6        459.75
 357.27272727 257.57142857 191.         135.6        101.4
  68.          49.          18.64705882]
[989.         961.5        786.5        680.33333333 467.75
 342.85714286 252.         187.         142.5        101.25
  69.          51.           0.        ]
[994.         947.5        797.57142857 637.72727273 479.88888889
 346.83333333 248.66666667 193.5        142.33333333  94.66666667
  67.5         49.33333333  25.42857143]
[999.         966.         832.         650.1        501.375
 355.75       265.33333333 185.83333333 133.6         93.71428571
  68.5         47.          20.22222222]
[999.         925.33333333 787.         630.85714286 452.75
 341.66666667 236.5        193.66666667 150.          94.4
  69.66666667  48.4         23.30769231]
[1013.          946.4         791.          632.18181818  455.
  353.14285714  246.          184.75        141.33333333   97.75
   67.4          46.33333333   23.90909091]
temperature:
[  8.           6.           2.3         -2.66666667  -4.83333333
 -27.         -41.66666667 -57.         -69.         -78.75
 -73.         -62.4        -55.45      ]
[ 22.          19.5         10.           3.375       -7.2
 -23.66666667 -43.5        -54.5        -67.         -79.25
 -79.         -65.         -54.52941176]
[ 25.          20.75        12.8          1.77777778  -7.
 -24.16666667 -43.66666667 -59.         -71.         -77.5
 -73.16666667 -62.33333333 -49.1875    ]
[ 25.          21.33333333  15.33333333   5.14285714  -7.4
 -20.33333333 -38.         -54.33333333 -66.5        -78.4
 -72.44444444 -63.66666667 -47.92307692]
[ 29.          24.6         17.75         8.66666667  -6.
 -19.84615385 -35.6        -52.33333333 -69.25       -76.75
 -76.6          0.           0.        ]
[ 30.          26.          17.75         8.16666667  -5.4
 -21.08333333 -33.66666667 -50.2        -69.         -79.33333333
 -67.75       -62.         -48.125     ]
[ 27.          24.33333333  17.2          9.6         -5.375
 -18.27272727 -34.71428571 -52.2        -69.6        -77.
 -68.         -60.5        -48.05882353]
[ 24.          24.5         16.           9.33333333  -5.
 -20.57142857 -36.8        -54.33333333 -67.75       -77.75
 -70.         -65.66666667   0.        ]
[ 25.          23.75        14.42857143   6.63636364  -5.44444444
 -20.         -39.33333333 -52.         -64.33333333 -81.
 -74.5        -63.66666667 -56.14285714]
[ 23.          22.33333333  13.2          3.8         -4.5
 -21.25       -35.66666667 -55.         -70.         -78.85714286
 -70.5        -63.         -52.38888889]
[ 19.          17.66666667  10.           3.14285714 -10.5
 -27.33333333 -46.5        -54.66666667 -63.         -77.4
 -76.66666667 -65.8        -57.        ]
[  4.           1.6          5.44444444  -1.72727273 -12.33333333
 -23.28571429 -40.5        -56.         -68.33333333 -79.
 -75.4        -68.83333333 -59.72727273]
dewpoint:
[ -4.         -12.          -7.1        -19.33333333 -35.
 -51.5        -63.         -43.4          0.           0.
   0.           0.           0.        ]
[ 19.          17.5         -2.09090909 -40.375      -48.2
 -55.5        -68.5        -39.5          0.           0.
   0.           0.           0.        ]
[ 17.          15.           7.2         -9.22222222 -39.75
 -42.5        -61.         -17.5          0.           0.
   0.           0.           0.        ]
[ 22.          20.66666667  15.           1.42857143 -17.4
 -37.         -57.         -70.33333333   0.           0.
   0.           0.           0.        ]
[ 24.          23.          14.375        6.         -10.25
 -26.15384615 -41.8        -57.66666667   0.           0.
   0.           0.           0.        ]
[ 24.          22.          15.25        -0.16666667 -15.4
 -37.25       -40.83333333 -58.8          0.           0.
   0.           0.           0.        ]
[ 24.          22.66666667  15.2          6.2        -15.
 -25.27272727 -40.71428571 -57.2          0.           0.
   0.           0.           0.        ]
[ 24.          24.25        14.5          8.66666667  -7.75
 -23.85714286 -41.4        -60.33333333   0.           0.
   0.           0.           0.        ]
[ 17.          13.75        -8.71428571  -8.45454545 -17.44444444
 -44.         -59.66666667 -34.5          0.           0.
   0.           0.           0.        ]
[  4.           0.33333333  -9.4         -9.         -22.75
 -32.75       -54.33333333 -57.5          0.           0.
   0.           0.           0.        ]
[ 18.          17.           8.         -15.         -39.5
 -50.33333333 -65.         -72.33333333   0.           0.
   0.           0.           0.        ]
[  1.           0.4          2.55555556 -18.36363636 -52.33333333
 -59.71428571 -71.5        -82.75         0.           0.
   0.           0.           0.        ]
