pressure:
[1003.          948.6         787.33333333  622.33333333  456.6
  361.22222222  262.          186.25        132.           99.66666667
   65.6          46.33333333   18.91666667]
[995.         940.5        781.6        652.         451.5
 347.66666667 233.66666667 199.         140.66666667  95.
  66.4         46.28571429  20.        ]
[995.         944.4        789.66666667 643.5        467.5
 335.         236.66666667 201.         128.          93.33333333
  66.33333333  50.5         25.84615385]
[992.         928.         823.625      651.66666667 462.57142857
 355.         243.33333333 190.66666667 135.          99.6
  63.66666667  47.25        28.5       ]
[990.         932.5        799.8        639.66666667 504.
 350.         254.6        182.5        132.66666667 100.8
  68.85714286  51.5         19.84615385]
[982.         927.         814.42857143 632.14285714 476.375
 342.9        254.5        183.33333333 132.          96.57142857
   0.           0.           0.        ]
[984.         937.         797.5        644.5        452.66666667
 350.         249.5        200.         146.66666667 102.66666667
  68.25        48.25        20.23076923]
[989.         941.         824.5        626.33333333 491.66666667
 341.4        253.6        185.25       141.75         0.
   0.           0.           0.        ]
[991.         947.5        782.75       644.66666667 485.
 350.83333333 251.         201.         135.4         94.57142857
  66.66666667  47.75        20.58333333]
[999.         953.         822.2        634.66666667 500.22222222
 352.85714286 261.4        187.         138.75        94.
  66.14285714  47.8         35.        ]
[1000.          925.          806.66666667  627.5         499.75
  347.5         250.          193.66666667  136.25         93.25
   65.           49.5          24.8125    ]
[1006.          946.          823.7         638.25        478.8
  325.2         256.33333333  187.66666667  144.           98.66666667
   66.4          46.25         23.2       ]
temperature:
[ 17.          14.4          8.5          5.         -11.7
 -23.11111111 -39.         -57.5        -71.         -78.66666667
 -75.4        -68.66666667 -51.        ]
[ 13.          15.          11.           2.5        -13.5
 -21.33333333 -44.33333333 -50.5        -69.66666667 -76.8
 -74.2        -67.         -51.72222222]
[ 22.          20.8         12.66666667   2.5         -8.75
 -28.33333333 -45.66666667 -52.66666667 -72.         -76.33333333
 -76.         -70.25       -55.15384615]
[ 20.          17.          14.75         6.33333333  -9.28571429
 -19.09090909 -38.33333333 -52.         -67.66666667 -77.6
 -76.         -65.5        -57.        ]
[ 24.          21.25        14.6          5.66666667  -2.
 -19.         -36.2        -54.5        -69.16666667 -75.6
 -78.         -66.75       -47.30769231]
[ 31.          27.          19.71428571   9.28571429  -3.375
 -18.5        -32.66666667 -51.66666667 -70.66666667 -80.71428571
   0.           0.           0.        ]
[ 27.          27.75        17.           6.5         -7.77777778
 -19.33333333 -36.5        -49.         -65.         -76.
 -71.5        -63.5        -52.92307692]
[ 24.    23.25  16.5    5.    -3.5  -19.8  -36.2  -54.75 -69.75   0.
   0.     0.     0.  ]
[ 30.          27.75        14.08333333   7.5         -5.5
 -23.         -42.28571429 -51.66666667 -68.2        -77.85714286
 -71.         -65.         -53.08333333]
[ 18.          17.83333333  13.4          2.83333333  -5.77777778
 -21.28571429 -37.4        -56.         -72.         -79.16666667
 -73.57142857 -64.6        -63.        ]
[ 17.          14.           9.16666667   3.33333333  -3.25
 -22.16666667 -39.         -54.         -71.75       -81.5
 -76.25       -65.75       -57.1875    ]
[ 18.          14.25        10.           1.          -9.4
 -32.2        -39.33333333 -57.         -65.5        -75.66666667
 -72.6        -66.75       -56.93333333]
dewpoint:
[ 12.          10.8         -6.83333333 -35.66666667 -33.3
 -36.88888889 -61.         -35.25         0.           0.
   0.           0.           0.        ]
[ 12.          13.66666667  -0.4        -14.5        -50.16666667
 -58.33333333 -74.33333333 -78.5          0.           0.
   0.           0.           0.        ]
[ 20.          19.6         10.5        -15.         -49.75
 -63.         -75.33333333 -80.33333333   0.           0.
   0.           0.           0.        ]
[ 17.          15.          13.           2.         -16.14285714
 -35.36363636 -67.         -77.           0.           0.
   0.           0.           0.        ]
[ 21.     19.25   13.4     3.     -5.25  -26.125 -43.6   -31.      0.
   0.      0.      0.      0.   ]
[ 24.          21.5         14.57142857  -0.28571429 -13.
 -35.6        -47.         -59.           0.           0.
   0.           0.           0.        ]
[ 24.          19.          12.5          4.5        -12.33333333
 -25.83333333 -54.25       -70.           0.           0.
   0.           0.           0.        ]
[ 23.          21.75        15.5          2.66666667  -5.16666667
 -23.6        -42.4        -27.5          0.           0.
   0.           0.           0.        ]
[ 14.          10.5         -0.5        -25.33333333 -22.125
 -50.83333333 -65.         -48.           0.           0.
   0.           0.           0.        ]
[ 14.          13.33333333  12.6          1.16666667 -22.77777778
 -40.85714286 -47.6        -31.           0.           0.
   0.           0.           0.        ]
[ 11.          11.           4.83333333 -35.         -45.75
 -59.         -71.         -53.33333333   0.           0.
   0.           0.           0.        ]
[ 11.           8.75         7.4        -17.625      -38.8
 -49.6        -57.66666667 -47.           0.           0.
   0.           0.           0.        ]
