pressure:
[0. 0. 0. 0. 0. 0. 0. 0. 0. 0. 0. 0. 0.]
[0. 0. 0. 0. 0. 0. 0. 0. 0. 0. 0. 0. 0.]
[0. 0. 0. 0. 0. 0. 0. 0. 0. 0. 0. 0. 0.]
[0. 0. 0. 0. 0. 0. 0. 0. 0. 0. 0. 0. 0.]
[  0.         935.         829.42857143 630.92307692 475.16666667
 339.5        262.5        195.5        140.33333333  92.2
  68.          53.5         21.07692308]
[0. 0. 0. 0. 0. 0. 0. 0. 0. 0. 0. 0. 0.]
[  0.  930.5 850.  700.  500.  350.  250.  200.  150.  100.    0.    0.
   0. ]
[  0.         935.5        810.28571429 626.28571429 479.90909091
 346.         247.66666667 193.5        128.66666667  98.4
  69.2         46.5         17.92307692]
[  0.         938.5        821.14285714 652.625      482.
 365.33333333 251.5        177.         137.66666667  96.625
  67.14285714  51.33333333  18.73333333]
[  0.         940.5        815.57142857 636.2        488.55555556
 333.83333333 250.         175.33333333 123.5         97.25
  66.66666667  47.5         22.6       ]
[  0.         946.4        805.6        645.22222222 467.57142857
 330.66666667 229.25       170.5        123.          91.8
  64.25        44.75        21.53846154]
[0. 0. 0. 0. 0. 0. 0. 0. 0. 0. 0. 0. 0.]
temperature:
[0. 0. 0. 0. 0. 0. 0. 0. 0. 0. 0. 0. 0.]
[0. 0. 0. 0. 0. 0. 0. 0. 0. 0. 0. 0. 0.]
[0. 0. 0. 0. 0. 0. 0. 0. 0. 0. 0. 0. 0.]
[0. 0. 0. 0. 0. 0. 0. 0. 0. 0. 0. 0. 0.]
[  0.          23.          15.85714286   2.92307692  -2.83333333
 -19.375      -33.         -50.75       -66.         -75.4
 -75.33333333 -70.         -50.53846154]
[0. 0. 0. 0. 0. 0. 0. 0. 0. 0. 0. 0. 0.]
[  0.  30.  23.  11.  -4. -20. -36. -47. -60. -73.   0.   0.   0.]
[  0.          22.5         14.57142857   3.85714286  -3.81818182
 -18.         -36.66666667 -51.         -70.33333333 -76.8
 -71.         -63.5        -47.46153846]
[  0.          20.          12.           1.125       -7.4
 -20.16666667 -40.5        -55.         -64.33333333 -73.
 -70.28571429 -63.33333333 -48.        ]
[  0.          13.           5.          -2.6        -14.44444444
 -36.         -46.25       -56.66666667 -65.         -68.5
 -65.83333333 -60.         -52.13333333]
[  0.          10.8          2.8         -3.88888889 -22.28571429
 -38.33333333 -48.25       -56.75       -66.         -69.2
 -68.75       -59.         -50.15384615]
[0. 0. 0. 0. 0. 0. 0. 0. 0. 0. 0. 0. 0.]
dewpoint:
[0. 0. 0. 0. 0. 0. 0. 0. 0. 0. 0. 0. 0.]
[0. 0. 0. 0. 0. 0. 0. 0. 0. 0. 0. 0. 0.]
[0. 0. 0. 0. 0. 0. 0. 0. 0. 0. 0. 0. 0.]
[0. 0. 0. 0. 0. 0. 0. 0. 0. 0. 0. 0. 0.]
[  0.          13.5          3.71428571  -9.92307692  -6.5
 -27.375      -46.5        -45.25         0.           0.
   0.           0.           0.        ]
[0. 0. 0. 0. 0. 0. 0. 0. 0. 0. 0. 0. 0.]
[  0.   23.5  19.    9.  -46.  -24.5 -68.  -76.    0.    0.    0.    0.
   0. ]
[  0.          18.5         12.           2.42857143 -16.45454545
 -48.25       -57.33333333 -65.           0.           0.
   0.           0.           0.        ]
[  0.          14.           8.          -1.875      -11.2
 -29.         -54.         -68.33333333   0.           0.
   0.           0.           0.        ]
[  0.           8.5          3.14285714  -5.8        -17.33333333
 -42.5        -56.75       -21.66666667   0.           0.
   0.           0.           0.        ]
[  0.           5.          -8.6        -20.55555556 -31.57142857
 -52.         -63.         -51.5          0.           0.
   0.           0.           0.        ]
[0. 0. 0. 0. 0. 0. 0. 0. 0. 0. 0. 0. 0.]
