pressure:
[  0.         925.8        784.66666667 664.         453.625
 345.5        245.         168.           0.          96.8
  65.5         49.33333333  19.07692308]
[  0.         939.         837.71428571 648.625      474.16666667
 318.         231.         173.         133.5         94.75
  61.33333333  49.25        20.23076923]
[0. 0. 0. 0. 0. 0. 0. 0. 0. 0. 0. 0. 0.]
[0. 0. 0. 0. 0. 0. 0. 0. 0. 0. 0. 0. 0.]
[  0.         928.33333333 777.25       656.14285714 492.4
 351.88888889 245.         184.33333333 133.          93.4
  66.83333333  47.8         21.57142857]
[  0.   935.25 799.   674.25 499.   344.   249.   187.   143.25  96.
  70.     0.     0.  ]
[  0.         924.         824.75       627.66666667 482.6
 349.75       261.6        190.5        143.4        101.
  66.5         50.66666667  25.1       ]
[0. 0. 0. 0. 0. 0. 0. 0. 0. 0. 0. 0. 0.]
[0. 0. 0. 0. 0. 0. 0. 0. 0. 0. 0. 0. 0.]
[  0.         939.         807.88888889 597.11111111 454.125
 342.66666667 241.         200.         131.25        98.75
  67.42857143  48.          24.47058824]
[  0.         930.66666667 800.25       624.4        470.28571429
 332.5        259.66666667 180.         123.6         95.6
  67.          47.          24.5       ]
[  0.         933.33333333 813.29411765 658.         478.16666667
 338.         238.         170.16666667 125.5         93.2
  65.75        47.33333333  18.58823529]
temperature:
[  0.           8.           7.77777778   5.5        -20.375
 -32.25       -47.         -57.25         0.         -69.6
 -69.25       -61.33333333 -53.46153846]
[  0.           8.           2.          -4.75       -15.
 -39.         -50.         -51.75       -65.         -74.25
 -66.33333333 -62.5        -53.07692308]
[0. 0. 0. 0. 0. 0. 0. 0. 0. 0. 0. 0. 0.]
[0. 0. 0. 0. 0. 0. 0. 0. 0. 0. 0. 0. 0.]
[  0.          28.33333333  16.           8.71428571  -4.2
 -19.88888889 -38.         -53.66666667 -66.75       -79.
 -72.         -61.8        -51.14285714]
[  0.          23.          13.14285714   6.75        -2.
 -18.5        -35.5        -53.         -65.75       -73.
 -73.           0.           0.        ]
[  0.     22.     20.25    7.     -2.6   -17.125 -31.6   -49.25  -60.8
 -74.    -73.75  -61.    -56.1  ]
[0. 0. 0. 0. 0. 0. 0. 0. 0. 0. 0. 0. 0.]
[0. 0. 0. 0. 0. 0. 0. 0. 0. 0. 0. 0. 0.]
[  0.          15.           7.11111111  -4.11111111 -15.
 -26.         -42.         -51.         -69.5        -72.25
 -68.28571429 -61.2        -53.82352941]
[  0.          11.33333333   2.75        -6.4        -17.85714286
 -29.33333333 -37.66666667 -55.66666667 -69.2        -72.6
 -68.         -63.         -53.4       ]
[  0.           2.33333333   1.41176471  -1.5        -12.66666667
 -28.88888889 -45.33333333 -57.16666667 -69.5        -74.8
 -70.         -67.66666667 -55.23529412]
dewpoint:
[  0.           6.4         -5.44444444 -23.5        -34.375
 -50.         -64.         -35.5          0.           0.
   0.           0.           0.        ]
[  0.           5.          -0.42857143  -7.         -22.66666667
 -44.         -57.6        -63.25         0.           0.
   0.           0.           0.        ]
[0. 0. 0. 0. 0. 0. 0. 0. 0. 0. 0. 0. 0.]
[0. 0. 0. 0. 0. 0. 0. 0. 0. 0. 0. 0. 0.]
[  0.          17.          10.25         4.14285714  -9.
 -37.77777778 -70.         -26.           0.           0.
   0.           0.           0.        ]
[  0.          17.5          8.71428571   2.25        -3.6
 -21.         -40.         -28.           0.           0.
   0.           0.           0.        ]
[  0.     21.     15.75    5.5    -3.8   -20.375 -37.4   -57.75  -27.
   0.      0.      0.      0.   ]
[0. 0. 0. 0. 0. 0. 0. 0. 0. 0. 0. 0. 0.]
[0. 0. 0. 0. 0. 0. 0. 0. 0. 0. 0. 0. 0.]
[  0.          10.5          4.88888889 -10.88888889 -26.875
 -57.83333333 -72.66666667 -79.           0.           0.
   0.           0.           0.        ]
[  0.           1.66666667   0.25       -13.4        -28.57142857
 -54.66666667 -67.33333333 -51.66666667   0.           0.
   0.           0.           0.        ]
[  0.           0.66666667  -7.11764706 -14.125      -39.83333333
 -43.         -59.         -57.83333333   0.           0.
   0.           0.           0.        ]
