pressure:
[  0.         943.5        827.71428571 651.2        452.16666667
 328.33333333 225.2        159.         105.          92.
  60.16666667  45.5         24.46153846]
[  0.         944.         817.125      628.90909091 458.85714286
 321.5        240.75       173.         123.         101.75
  69.33333333   0.           0.        ]
[  0.         927.         808.2        637.72727273 462.4
 329.14285714 245.         174.83333333   0.          91.66666667
  66.16666667  47.5         24.3       ]
[  0.         917.5        795.         626.71428571 465.
 342.8        239.16666667 186.33333333 133.25        97.
   0.           0.           0.        ]
[  0.         929.66666667 789.         627.         473.83333333
 331.11111111 243.6        178.         131.66666667  96.8
  65.4         51.          22.66666667]
[  0.         926.75       822.25       647.28571429 478.625
 341.4        252.         187.5        137.6        101.8
  67.5         46.33333333  26.5       ]
[  0.         933.         794.42857143 647.71428571 458.
 350.75       254.         181.8        137.75        96.25
  67.75        48.          18.5       ]
[  0.         926.25       800.33333333 649.7        462.
 354.85714286 246.         185.5        142.5         94.
  69.5         50.16666667  26.5       ]
[  0.         938.5        791.66666667 628.375      461.08333333
 353.33333333 260.6        204.5        142.83333333  94.66666667
  66.8         49.25        24.25      ]
[  0.         950.33333333 803.77777778 638.         437.33333333
 297.33333333 241.         185.         130.5         92.
  63.6         45.2         21.88888889]
[  0.         938.66666667 798.57142857 625.2        453.83333333
 334.4        250.33333333 177.2        132.66666667 100.
  62.8         47.5         24.375     ]
[  0.         944.         795.22222222 654.14285714 478.2
 348.         238.         167.5        129.33333333  88.2
  64.6         51.          26.30769231]
temperature:
[  0.           1.5         -4.14285714  -8.3        -25.66666667
 -40.         -49.         -54.25       -67.         -69.
 -65.16666667 -61.         -53.84615385]
[  0.           6.          -1.5         -6.72727273 -17.14285714
 -35.83333333 -53.         -56.75       -64.         -69.
 -70.           0.           0.        ]
[  0.          23.          14.8          4.45454545  -9.2
 -29.57142857 -47.33333333 -61.           0.         -68.83333333
 -70.66666667 -58.5        -51.        ]
[  0.          20.25        13.25        -1.57142857 -10.4
 -24.8        -43.66666667 -51.         -65.         -72.5
   0.           0.           0.        ]
[  0.          25.66666667  14.83333333   4.88888889  -5.
 -22.66666667 -38.2        -54.33333333 -66.66666667 -76.6
 -72.4        -63.5        -53.46666667]
[  0.          24.75        18.75         7.28571429  -2.5
 -16.4        -31.75       -48.75       -64.2        -78.
 -74.75       -60.66666667 -53.83333333]
[  0.          31.33333333  19.42857143   9.42857143  -4.75
 -20.         -39.         -56.         -64.75       -71.25
 -67.         -62.5        -46.3       ]
[  0.          24.5         16.5          5.4         -8.42857143
 -20.28571429 -39.33333333 -52.5        -62.5        -72.8
 -70.         -60.83333333 -54.125     ]
[  0.          19.5         13.66666667   4.375       -7.
 -20.22222222 -35.8        -47.         -64.5        -78.33333333
 -73.4        -63.5        -54.5       ]
[  0.          13.           2.88888889  -3.5        -20.5
 -37.33333333 -47.5        -59.         -68.25       -68.83333333
 -63.2        -58.8        -51.44444444]
[  0.           8.           2.42857143  -1.         -17.66666667
 -31.6        -42.         -57.6        -67.         -76.
 -71.4        -63.         -51.375     ]
[  0.           6.          -1.77777778  -5.14285714 -14.4
 -33.66666667 -53.75       -63.75       -65.66666667 -64.8
 -64.6        -59.66666667 -52.15384615]
dewpoint:
[  0.           0.          -5.28571429 -12.4        -32.16666667
 -52.66666667 -64.         -51.25         0.           0.
   0.           0.           0.        ]
[  0.           0.          -6.5         -8.54545455 -25.57142857
 -40.66666667 -58.25       -66.75         0.           0.
   0.           0.           0.        ]
[  0.          15.5          7.8         -2.81818182 -34.
 -42.42857143 -51.33333333 -20.83333333   0.           0.
   0.           0.           0.        ]
[  0.          17.75        11.25        -3.         -11.9
 -26.2        -49.66666667 -63.           0.           0.
   0.           0.           0.        ]
[  0.          16.66666667  10.66666667   0.88888889  -8.33333333
 -28.33333333 -46.         -41.66666667   0.           0.
   0.           0.           0.        ]
[  0.          19.75        13.75         6.28571429  -3.375
 -18.4        -41.75       -29.           0.           0.
   0.           0.           0.        ]
[  0.          20.          13.57142857   1.57142857 -26.25
 -41.         -56.25       -71.           0.           0.
   0.           0.           0.        ]
[  0.          17.75         9.5         -3.6        -10.14285714
 -26.         -54.33333333 -67.           0.           0.
   0.           0.           0.        ]
[  0.          18.5         12.          -0.5        -20.5
 -42.22222222 -50.6        -75.           0.           0.
   0.           0.           0.        ]
[  0.           8.           0.22222222 -11.         -35.33333333
 -55.33333333 -64.5        -35.25         0.           0.
   0.           0.           0.        ]
[  0.           7.           1.14285714 -21.6        -27.5
 -56.         -69.         -47.2          0.           0.
   0.           0.           0.        ]
[  0.           5.          -3.44444444  -9.28571429 -39.8
 -58.         -54.           0.           0.           0.
   0.           0.           0.        ]
