pressure:
[  0.         948.25       790.71428571 610.73333333 455.125
 320.66666667 250.5        170.66666667 129.          95.
  66.2         49.25        37.        ]
[0. 0. 0. 0. 0. 0. 0. 0. 0. 0. 0. 0. 0.]
[  0.         933.25       800.         632.         480.375
 352.83333333 250.33333333 173.33333333 117.          97.
  66.2         49.75        25.16666667]
[  0.         935.         807.375      646.125      472.2
 328.5        246.66666667 177.         136.          93.25
  65.8         44.33333333  18.33333333]
[0. 0. 0. 0. 0. 0. 0. 0. 0. 0. 0. 0. 0.]
[0. 0. 0. 0. 0. 0. 0. 0. 0. 0. 0. 0. 0.]
[  0.         923.5        798.75       625.         486.46153846
 372.71428571 246.         192.6        142.          94.4
  66.66666667  49.5         22.84615385]
[0. 0. 0. 0. 0. 0. 0. 0. 0. 0. 0. 0. 0.]
[  0.         934.75       827.16666667 639.77777778 487.77777778
 354.         261.66666667 198.5        143.          97.
  65.4         49.75        21.53846154]
[  0.         946.5        800.         664.11111111 455.85714286
 335.66666667 244.25       188.         135.25        91.33333333
  69.75        48.8         21.93333333]
[0. 0. 0. 0. 0. 0. 0. 0. 0. 0. 0. 0. 0.]
[0. 0. 0. 0. 0. 0. 0. 0. 0. 0. 0. 0. 0.]
temperature:
[  0.           6.5         -4.57142857 -11.4        -20.5
 -38.         -38.25       -54.66666667 -64.         -70.2
 -67.6        -68.5        -65.        ]
[0. 0. 0. 0. 0. 0. 0. 0. 0. 0. 0. 0. 0.]
[  0.          18.25         7.4          2.66666667 -11.75
 -29.33333333 -50.         -62.         -66.         -68.5
 -69.8        -63.5        -52.41666667]
[  0.          21.5         10.875        3.75       -11.1
 -32.25       -48.66666667 -58.         -63.         -69.
 -69.         -61.         -47.73333333]
[0. 0. 0. 0. 0. 0. 0. 0. 0. 0. 0. 0. 0.]
[0. 0. 0. 0. 0. 0. 0. 0. 0. 0. 0. 0. 0.]
[  0.          24.75        17.875        6.33333333  -4.07692308
 -15.57142857 -37.75       -50.6        -63.8        -70.2
 -71.33333333 -63.         -52.        ]
[0. 0. 0. 0. 0. 0. 0. 0. 0. 0. 0. 0. 0.]
[  0.          24.          15.83333333   4.88888889  -4.
 -21.         -37.66666667 -50.5        -65.33333333 -75.4
 -70.8        -64.25       -51.61538462]
[  0.          15.           4.57142857   1.88888889 -17.85714286
 -31.33333333 -44.25       -55.5        -67.75       -73.33333333
 -72.25       -61.6        -54.4       ]
[0. 0. 0. 0. 0. 0. 0. 0. 0. 0. 0. 0. 0.]
[0. 0. 0. 0. 0. 0. 0. 0. 0. 0. 0. 0. 0.]
dewpoint:
[  0.          -0.5         -7.42857143 -16.13333333 -28.5
 -48.66666667 -58.25       -72.33333333   0.           0.
   0.           0.           0.        ]
[0. 0. 0. 0. 0. 0. 0. 0. 0. 0. 0. 0. 0.]
[  0.           9.           3.1        -19.33333333 -26.625
 -45.66666667 -72.           0.           0.           0.
   0.           0.           0.        ]
[  0.          12.5          8.125       -2.375      -28.8
 -44.5        -54.33333333 -21.           0.           0.
   0.           0.           0.        ]
[0. 0. 0. 0. 0. 0. 0. 0. 0. 0. 0. 0. 0.]
[0. 0. 0. 0. 0. 0. 0. 0. 0. 0. 0. 0. 0.]
[  0.          21.          11.75         2.5        -13.30769231
 -25.85714286 -54.75       -51.           0.           0.
   0.           0.           0.        ]
[0. 0. 0. 0. 0. 0. 0. 0. 0. 0. 0. 0. 0.]
[  0.          15.25        12.66666667   1.22222222 -11.88888889
 -29.16666667 -51.         -64.5          0.           0.
   0.           0.           0.        ]
[  0.           6.75         0.28571429  -6.33333333 -27.42857143
 -51.         -62.         -71.5          0.           0.
   0.           0.           0.        ]
[0. 0. 0. 0. 0. 0. 0. 0. 0. 0. 0. 0. 0.]
[0. 0. 0. 0. 0. 0. 0. 0. 0. 0. 0. 0. 0.]
