pressure:
[0. 0. 0. 0. 0. 0. 0. 0. 0. 0. 0. 0. 0.]
[  0.         940.5        805.         650.4        455.71428571
 321.5        235.2        161.66666667 126.75        92.5
  58.6         44.          20.38461538]
[  0.         935.66666667 804.42857143 612.3        451.2
 329.66666667 230.6        167.         114.          90.6
  62.33333333  46.5         29.09090909]
[  0.         933.         797.16666667 644.5        476.
 328.75       241.75       177.         140.25        98.75
  67.5         50.25         0.        ]
[  0.         932.5        797.75       645.88888889 509.8
 337.8        250.5        182.         133.5         96.
  65.75        47.          25.64285714]
[  0.         928.66666667 812.5        643.875      482.5
 360.         258.25       185.66666667 140.66666667  92.8
  75.          48.8         20.6875    ]
[  0.         924.25       809.77777778 640.         486.54545455
 353.33333333 254.75       188.33333333 141.33333333  99.85714286
  67.75        53.5         24.61538462]
[  0.         936.5        812.125      671.375      482.71428571
 354.38461538 253.         193.33333333 144.8         95.5
  68.85714286  51.          25.625     ]
[  0.         935.         797.         646.         469.625
 354.66666667 276.5          0.           0.           0.
   0.           0.           0.        ]
[  0.         939.66666667 812.25       672.8        470.90909091
 345.5        249.5        184.         141.66666667  98.
  63.16666667  48.          23.64285714]
[  0.         942.         838.         652.75       481.33333333
 320.8        251.33333333 174.25       117.          93.6
  65.2         49.5         20.        ]
[  0.         941.5        793.9        660.41666667 475.8
 335.55555556 245.         173.2        119.75        94.
  66.375       47.4         23.        ]
temperature:
[0. 0. 0. 0. 0. 0. 0. 0. 0. 0. 0. 0. 0.]
[  0.          12.           1.33333333  -5.8        -23.42857143
 -40.5        -45.         -57.         -64.5        -70.16666667
 -66.2        -62.83333333 -53.15384615]
[  0.          18.           7.57142857  -6.3        -20.8
 -40.16666667 -51.8        -54.25       -67.         -69.
 -68.66666667 -66.5        -56.27272727]
[  0.          19.66666667  11.5          1.625      -11.57142857
 -31.         -41.5        -51.33333333 -61.5        -69.25
 -76.         -72.5          0.        ]
[  0.          25.5         14.125        4.77777778  -1.
 -19.4        -35.25       -53.         -66.75       -75.
 -73.5        -63.         -53.28571429]
[  0.          28.33333333  18.375        6.375       -4.8
 -18.75       -37.25       -52.         -64.33333333 -71.8
 -71.5        -61.         -49.125     ]
[  0.          29.5         21.44444444   9.5         -1.45454545
 -15.66666667 -33.75       -50.         -62.66666667 -72.57142857
 -72.25       -64.         -52.07692308]
[  0.          20.5         15.125        8.75        -3.85714286
 -16.53846154 -35.33333333 -51.33333333 -65.6        -75.75
 -72.         -63.5        -55.125     ]
[  0.          20.5         12.14285714   8.125       -3.625
 -17.5        -32.           0.           0.           0.
   0.           0.           0.        ]
[  0.          12.33333333   6.5         -0.6        -12.54545455
 -28.33333333 -44.25       -55.5        -63.         -72.5
 -66.33333333 -60.5        -54.85714286]
[  0.          11.66666667   3.75        -7.25       -17.5
 -35.6        -40.66666667 -56.75       -70.         -70.2
 -68.         -58.5        -52.83333333]
[  0.           8.75        -1.1         -4.25       -16.2
 -33.22222222 -43.         -59.         -69.25       -73.8
 -70.         -62.4        -49.28571429]
dewpoint:
[0. 0. 0. 0. 0. 0. 0. 0. 0. 0. 0. 0. 0.]
[  0.           3.          -1.33333333 -14.6        -33.14285714
 -55.         -65.6        -50.           0.           0.
   0.           0.           0.        ]
[  0.           6.           1.42857143  -9.1        -25.
 -46.5        -61.4        -65.25         0.           0.
   0.           0.           0.        ]
[  0.          14.           5.33333333  -1.125      -13.85714286
 -34.         -55.75       -67.66666667 -18.75         0.
   0.           0.           0.        ]
[  0.          17.           8.75         0.88888889  -2.
 -20.8        -43.75       -67.5          0.           0.
   0.           0.           0.        ]
[  0.          14.66666667  11.375        3.875      -19.9
 -45.75       -57.         -46.           0.           0.
   0.           0.           0.        ]
[  0.          20.          15.66666667   3.625      -13.36363636
 -41.33333333 -55.5        -45.           0.           0.
   0.           0.           0.        ]
[  0.          19.5          8.25         2.          -4.71428571
 -20.07692308 -47.66666667 -40.           0.           0.
   0.           0.           0.        ]
[  0.          18.5         11.           2.375      -13.
 -30.83333333 -47.           0.           0.           0.
   0.           0.           0.        ]
[  0.          11.66666667   5.5         -1.2        -16.54545455
 -37.16666667 -64.75       -36.           0.           0.
   0.           0.           0.        ]
[  0.           1.          -3.          -9.875      -28.33333333
 -51.6        -58.66666667 -53.5          0.           0.
   0.           0.           0.        ]
[  0.          -2.25       -11.3        -15.41666667 -29.8
 -42.88888889 -59.         -27.8          0.           0.
   0.           0.           0.        ]
