pressure:
[  0.         939.75       819.14285714 632.         474.4
 323.         236.         160.33333333 121.5         90.
  65.33333333  45.          22.64285714]
[  0.         935.33333333 778.66666667 652.11111111 442.2
 335.         244.         182.66666667 133.          98.
  65.          46.75        26.625     ]
[  0.         931.6        800.66666667 668.75       461.27272727
 312.8        240.         181.16666667 126.25        93.66666667
  63.          46.          24.63636364]
[  0.         933.33333333 762.125      661.875      473.71428571
 318.         246.5        182.2        131.75       102.25
  68.2         50.5         24.75      ]
[  0.         935.66666667 795.85714286 639.         451.4
 359.875      236.         181.25       133.5         91.8
  68.5         49.          20.78571429]
[  0.         931.5        821.75       654.85714286 486.5
 327.66666667 269.6        201.         144.2         94.6
  70.8         50.          24.44444444]
[  0.         922.         798.66666667 637.8        468.63636364
 327.125      256.14285714 189.         143.5        107.33333333
  70.66666667  50.33333333  31.25      ]
[  0.         933.33333333 798.         628.76923077 483.84615385
 355.         251.25       186.         134.75        95.
  69.          50.66666667  25.375     ]
[  0.         934.         848.75       630.125      487.81818182
 353.28571429 254.25       183.25       135.75       101.4
  70.5         48.66666667  25.8       ]
[  0.         944.4        816.         648.         475.33333333
 342.         229.33333333 177.66666667 136.          93.
  64.75        48.25        24.42857143]
[  0.         944.         847.66666667 647.14285714 475.5
 328.         259.         173.75       139.          91.75
  71.           0.           0.        ]
[  0.         948.         789.         680.         445.42857143
 297.66666667 232.4        152.66666667 109.          90.
  61.          45.33333333  22.23076923]
temperature:
[  0.           4.75        -3.85714286 -10.14285714 -19.2
 -42.2        -49.75       -53.66666667 -61.5        -66.8
 -66.83333333 -61.75       -54.92857143]
[  0.          17.           4.66666667   2.22222222 -16.4
 -34.         -53.         -54.         -63.         -70.75
 -71.25       -69.         -60.25      ]
[  0.          15.8          8.33333333  -0.5        -17.
 -38.         -51.         -57.66666667 -63.75       -68.
 -66.         -59.         -52.72727273]
[  0.          23.33333333  10.75         2.375      -11.85714286
 -32.25       -45.5        -54.8        -64.5        -69.25
 -71.4        -63.5        -50.66666667]
[  0.          23.33333333  11.71428571   2.28571429  -8.5
 -19.5        -40.         -54.75       -65.5        -73.8
 -72.75       -66.2        -51.28571429]
[  0.          26.5         19.25        10.85714286  -0.75
 -20.22222222 -30.4        -47.         -64.4        -76.6
 -72.6        -64.25       -52.        ]
[  0.          24.2         17.16666667   7.          -4.36363636
 -20.875      -33.85714286 -51.33333333 -65.5        -71.
 -68.66666667 -62.         -54.5       ]
[  0.          31.          19.83333333   7.84615385  -1.69230769
 -14.83333333 -34.5        -51.66666667 -68.25       -78.16666667
 -74.33333333 -62.66666667 -53.375     ]
[  0.          18.33333333  13.75        -0.375       -8.27272727
 -22.85714286 -41.         -55.         -64.25       -72.2
 -68.83333333 -59.66666667 -54.3       ]
[  0.          19.4         10.42857143   0.42857143 -15.83333333
 -33.         -48.         -55.         -62.83333333 -68.25
 -68.5        -65.5        -55.92857143]
[  0.          12.5          7.33333333  -1.71428571 -16.66666667
 -39.5        -50.         -53.         -59.         -71.25
 -73.           0.           0.        ]
[  0.           1.          -7.          -4.         -24.57142857
 -45.         -47.8        -60.66666667 -70.         -69.
 -69.         -64.         -59.15384615]
dewpoint:
[  0.          -8.         -17.42857143 -20.21428571 -33.2
 -49.4        -64.         -69.66666667 -37.           0.
   0.           0.           0.        ]
[  0.           3.66666667  -0.83333333 -11.44444444 -28.8
 -48.66666667 -65.         -42.66666667   0.           0.
   0.           0.           0.        ]
[  0.           9.6          6.          -1.5        -22.27272727
 -47.6        -61.         -32.83333333   0.           0.
   0.           0.           0.        ]
[  0.          13.66666667   4.          -2.         -15.71428571
 -43.25       -54.5        -37.8          0.           0.
   0.           0.           0.        ]
[  0.          12.66666667   8.42857143   0.42857143 -19.9
 -41.125      -57.         -32.5          0.           0.
   0.           0.           0.        ]
[  0.          24.5         18.5          7.14285714  -5.75
 -33.         -42.         -57.           0.           0.
   0.           0.           0.        ]
[  0.          21.8         15.5          5.6         -9.90909091
 -26.5        -44.42857143 -38.33333333   0.           0.
   0.           0.           0.        ]
[  0.          20.66666667  14.66666667  -0.92307692 -19.69230769
 -38.5        -50.75       -66.33333333   0.           0.
   0.           0.           0.        ]
[  0.          15.33333333   8.25        -1.75       -11.18181818
 -29.85714286 -56.25       -51.5          0.           0.
   0.           0.           0.        ]
[  0.           5.8         -2.57142857 -20.28571429 -38.66666667
 -56.75       -69.         -74.66666667 -13.16666667   0.
   0.           0.           0.        ]
[  0.           8.5          3.16666667  -6.85714286 -21.83333333
 -44.75       -60.33333333 -68.75         0.           0.
   0.           0.           0.        ]
[  0.           0.          -8.33333333 -21.66666667 -44.14285714
 -61.         -64.6          0.           0.           0.
   0.           0.           0.        ]
