pressure:
[  0.         943.66666667 837.42857143 653.81818182 466.6
 312.         241.5        179.5        121.75        87.
  65.4         44.2         23.81818182]
[  0.         934.66666667 804.71428571 647.16666667 468.42857143
 309.5        237.83333333 154.25       122.4         86.4
  67.33333333  49.25        27.6       ]
[  0.         939.66666667 809.66666667 638.25       473.85714286
 315.25       228.5        176.25       139.          99.
  68.75        47.5         34.33333333]
[  0.         934.         771.85714286 634.         462.83333333
 323.5        242.2        187.66666667 128.75        95.
  67.          48.4         25.        ]
[  0.         936.         781.75       638.33333333 483.33333333
 341.4        257.75       186.66666667 146.          96.8
  63.4         50.4         20.33333333]
[  0.         934.5        800.66666667 618.1        480.7
 346.625      255.25       181.33333333 139.          97.2
  70.6         52.33333333  23.        ]
[  0.         930.33333333 804.         647.16666667 494.72727273
 347.66666667 258.8        178.75       140.5         97.6
  66.5         53.          22.11111111]
[  0.         936.33333333 838.8        621.8        482.57142857
 355.5        260.5        186.75       139.25        95.5
  72.66666667  53.33333333  23.        ]
[  0.         935.         841.2        658.5        479.66666667
 345.5        236.66666667 194.33333333 135.          95.33333333
  63.75        48.          19.15384615]
[  0.         940.         784.83333333 624.22222222 459.2
 327.         250.         188.         134.          97.2
  66.5         47.625       24.91666667]
[  0.         941.25       842.83333333 634.66666667 482.75
 327.16666667 236.75       168.         126.75        92.57142857
  63.4         47.          23.        ]
[  0.         941.66666667 815.57142857 668.33333333 475.2
 316.6        239.25       179.66666667 124.2         94.6
  64.4         47.5         24.        ]
temperature:
[  0.           4.33333333  -1.28571429  -6.18181818 -15.4
 -37.         -50.         -59.25       -70.25       -67.66666667
 -71.         -65.6        -55.27272727]
[  0.           7.66666667  -0.57142857  -4.5        -17.85714286
 -40.25       -47.83333333 -58.25       -62.8        -69.2
 -58.66666667 -64.75       -54.3       ]
[  0.          15.33333333   6.44444444  -2.875      -14.28571429
 -35.75       -54.         -57.         -63.         -70.
 -70.75       -65.5        -60.66666667]
[  0.          22.66666667   8.57142857   2.         -13.16666667
 -32.66666667 -44.4        -49.66666667 -61.75       -72.5
 -71.5        -66.4        -55.16666667]
[  0.          22.5         10.75         1.22222222  -8.16666667
 -24.2        -36.         -50.66666667 -61.33333333 -72.
 -71.4        -65.6        -52.5       ]
[  0.          29.5         18.66666667   3.          -2.8
 -15.75       -31.5        -50.33333333 -63.5        -76.6
 -74.         -64.33333333 -49.375     ]
[  0.          28.33333333  19.25         9.33333333  -4.
 -19.66666667 -35.2        -53.25       -63.         -72.6
 -68.5        -62.5        -50.88888889]
[  0.          20.          14.6          2.          -5.85714286
 -20.85714286 -35.         -52.25       -65.75       -74.
 -72.66666667 -64.66666667 -53.09090909]
[  0.          22.5         16.2          5.5         -7.5
 -24.         -46.33333333 -54.33333333 -67.5        -71.
 -66.         -61.75       -52.        ]
[  0.          14.5          6.16666667  -2.22222222 -15.3
 -32.         -43.         -54.5        -67.5        -67.6
 -70.33333333 -62.75       -54.16666667]
[  0.           6.75         0.          -8.77777778 -17.25
 -39.33333333 -45.5        -57.33333333 -64.75       -68.42857143
 -67.6        -62.         -57.09090909]
[  0.           7.33333333  -0.57142857  -0.88888889 -16.4
 -40.4        -49.25       -57.66666667 -65.         -71.2
 -65.8        -61.5        -53.68421053]
dewpoint:
[  0.           2.          -2.57142857 -15.81818182 -35.6
 -53.5        -65.         -34.5          0.           0.
   0.           0.           0.        ]
[  0.           3.33333333  -1.85714286  -7.83333333 -25.28571429
 -45.         -59.         -70.25         0.           0.
   0.           0.           0.        ]
[  0.           5.33333333  -2.11111111  -3.75       -15.85714286
 -39.         -59.         -30.5          0.           0.
   0.           0.           0.        ]
[  0.           6.33333333   1.          -5.5        -38.
 -44.         -55.4        -64.66666667 -18.25         0.
   0.           0.           0.        ]
[  0.          13.5          8.25        -1.33333333  -9.5
 -29.         -42.         -40.           0.           0.
   0.           0.           0.        ]
[  0.          16.           3.83333333  -2.2         -6.9
 -30.75       -46.5        -41.33333333   0.           0.
   0.           0.           0.        ]
[  0.          20.66666667  12.625       -9.5        -10.09090909
 -26.77777778 -42.4        -48.25         0.           0.
   0.           0.           0.        ]
[  0.          17.66666667  11.6          0.8         -7.28571429
 -33.64285714 -65.5        -58.25         0.           0.
   0.           0.           0.        ]
[  0.          18.25        12.6          3.         -11.16666667
 -33.         -51.33333333 -40.33333333   0.           0.
   0.           0.           0.        ]
[  0.          11.5          3.5         -5.88888889 -27.5
 -43.8        -69.         -37.5          0.           0.
   0.           0.           0.        ]
[  0.          -0.25        -4.33333333 -11.33333333 -27.5
 -48.83333333 -61.25       -22.33333333   0.           0.
   0.           0.           0.        ]
[  0.           3.33333333  -1.85714286 -22.22222222 -48.6
 -67.         -73.         -52.33333333   0.           0.
   0.           0.           0.        ]
