pressure:
[1015.765625    961.8852459   785.32110092  700.          448.27559055
  287.24590164  223.23880597  153.35955056  108.40298507   94.24137931
   69.58928571   49.83018868   21.17647059]
[1000.          925.          775.            0.          450.
  300.          223.66666667    0.            0.            0.
    0.            0.            0.        ]
[1010.   962.5  850.   700.   450.   282.   233.   149.     0.   100.
   70.    50.    20. ]
[1001.5  925.   850.   700.   450.   298.   225.   150.     0.    97.
   70.    50.    20. ]
[996. 925. 850. 700. 450. 300. 250. 191. 150. 103.  70.  50.  25.]
[997.  925.  850.  700.  500.  350.  250.  200.  137.5 100.   70.   50.
  25. ]
[991. 925. 850. 700. 500. 350. 250. 202. 150. 100.   0.   0.   0.]
[1001.          925.          850.          700.          450.
  300.          236.33333333  175.          121.          100.
   70.           50.           25.        ]
[1009.          962.5         850.          700.          450.
  300.          250.          185.66666667  150.          101.5
   70.           50.           25.        ]
[1018.   962.5  850.   700.   450.   300.   233.   150.     0.   101.5
   70.    50.    20. ]
[1013.   962.5  775.     0.   450.   287.   225.   150.   101.     0.
   70.    50.    25. ]
[1000.5  925.   775.     0.   450.   274.   213.   150.   115.5    0.
   70.    50.    20. ]
temperature:
[ -4.484375    -6.20491803 -11.56880734  -9.46666667 -34.31496063
 -52.62295082 -55.14179104 -53.94382022 -57.19402985 -59.24137931
 -58.30357143 -57.62264151 -53.19117647]
[  2.           2.          -4.5          0.         -24.
 -47.         -57.33333333   0.           0.           0.
   0.           0.           0.        ]
[  2.           2.5          2.          -6.         -28.5
 -52.         -56.66666667 -56.           0.         -58.
 -59.         -59.         -50.66666667]
[ 12.5          7.           3.          -5.         -26.5
 -47.         -47.5        -51.           0.         -58.5
 -58.         -59.         -50.33333333]
[ 18.          17.          17.           6.         -16.5
 -34.         -41.         -55.33333333 -55.         -67.
 -62.         -58.         -51.        ]
[ 22.   21.   19.    7.   -5.  -24.5 -43.  -50.  -61.  -62.  -64.  -57.
 -50.5]
[ 25.   24.   21.   11.   -4.  -20.  -34.  -46.5 -60.  -69.    0.    0.
   0. ]
[ 21.          16.          12.           1.         -21.
 -41.         -45.33333333 -49.         -58.         -58.
 -57.         -55.         -49.5       ]
[ 19.          17.5         12.           4.         -16.5
 -35.         -45.         -60.66666667 -62.         -64.
 -61.         -56.         -51.5       ]
[ 12.           8.5          6.          -2.         -22.
 -44.         -54.66666667 -59.           0.         -65.
 -65.         -61.         -51.        ]
[  2.   -0.5  -7.    0.  -34.  -54.5 -54.5 -54.  -57.    0.  -54.  -56.
 -48. ]
[  5.           0.         -12.           0.         -34.
 -57.33333333 -51.5        -54.         -57.           0.
 -57.         -51.         -40.66666667]
dewpoint:
[-11.421875   -15.35245902 -29.34862385 -31.6        -51.46456693
 -67.33606557 -49.36567164 -51.21348315 -44.23880597 -15.31034483
 -25.71428571 -18.66037736 -13.81617647]
[  0.         -16.         -25.           0.         -36.5
 -55.         -21.66666667   0.           0.           0.
   0.           0.           0.        ]
[  0.           0.         -20.         -18.         -33.
 -59.5        -64.66666667 -69.           0.         -71.
   0.           0.           0.        ]
[  4.5   1.   -2.  -10.  -40.5 -65.5 -67.  -71.    0.  -77.5   0.    0.
   0. ]
[ 10.           5.         -32.         -37.         -25.
 -39.         -47.         -60.66666667 -65.           0.
   0.           0.           0.        ]
[ 19.   15.   -4.  -13.  -22.  -46.  -51.  -60.  -34.5   0.    0.    0.
   0. ]
[ 20.   20.   12.  -11.  -46.  -53.5 -67.  -76.    0.    0.    0.    0.
   0. ]
[  9.           3.          -9.         -23.         -43.
 -59.         -63.33333333 -66.5        -74.         -74.
   0.           0.           0.        ]
[ 15.          11.           3.         -21.         -30.5
 -39.         -49.         -20.33333333   0.           0.
   0.           0.           0.        ]
[  2.           1.         -39.         -38.         -23.5
 -51.         -62.33333333 -71.           0.           0.
   0.           0.           0.        ]
[-12.  -17.  -48.5   0.  -64.  -78.  -78.  -79.  -81.    0.  -79.  -81.
 -75. ]
[-12.         -20.         -24.5          0.         -51.
 -23.33333333   0.           0.           0.           0.
   0.           0.           0.        ]
