pressure:
[1010.          962.5         850.          700.          450.
  300.          230.33333333  147.5         126.          100.
   70.           50.           20.        ]
[1013.   962.5  775.     0.   450.   300.   231.5  150.     0.    95.5
   70.    50.    25. ]
[1003.          925.          850.          700.          450.
  300.          223.33333333  159.            0.           99.
   70.           50.           20.        ]
[999. 925. 850. 700. 450. 300. 221. 150. 110. 100.  70.  50.  20.]
[999.  925.  850.  700.  450.  300.  250.  184.  145.5 100.   70.   50.
  20. ]
[997.  925.  850.  700.  450.  300.  230.  200.  136.5 100.   70.   50.
  20. ]
[997. 925. 850. 700. 500. 350. 250. 200. 150.  98.  70.  50.  20.]
[1001.5  925.   850.   700.   450.   300.   250.   200.   148.   100.
    0.     0.     0. ]
[1010.   962.5  850.   700.   450.   300.   250.   181.     0.   101.5
   70.    50.    25. ]
[1003.5  925.   850.   700.   450.   300.   227.   156.5  114.   100.
   70.    50.    25. ]
[1003.          925.          775.            0.          450.
  300.          235.66666667  145.          114.          100.
   70.           50.           25.        ]
[1016.   962.5  775.     0.   450.   298.   200.   150.   100.    89.
   70.    50.    20. ]
temperature:
[  3.           0.          -2.          -2.         -27.5
 -49.         -57.66666667 -54.5        -59.         -57.
 -56.         -55.         -53.        ]
[  1.    0.   -6.5   0.  -25.5 -50.  -58.5 -55.    0.  -60.5 -62.  -52.
 -53.5]
[ 12.          13.           7.          -5.         -28.
 -46.         -55.         -56.           0.         -59.
 -59.         -57.         -51.66666667]
[ 18.          16.          10.           2.         -22.
 -44.         -57.33333333 -56.         -59.         -60.
 -60.         -61.         -49.33333333]
[ 15.          28.          22.           8.         -15.
 -34.         -43.         -57.5        -62.5        -64.
 -65.         -62.         -50.66666667]
[ 24.          22.          17.           6.         -14.5
 -36.         -49.5        -52.         -57.5        -62.
 -61.         -56.         -42.66666667]
[ 22.          20.          15.          10.          -5.
 -20.5        -36.         -48.         -58.         -68.5
 -68.         -59.         -47.66666667]
[ 23.5  19.   15.    4.  -16.  -37.  -48.  -53.  -59.5 -62.    0.    0.
   0. ]
[ 11.    10.5    9.     3.   -17.5  -39.   -50.   -56.25   0.   -66.
 -61.   -58.   -52.  ]
[ 13.           9.           6.          -1.         -22.
 -44.         -55.33333333 -54.         -60.         -61.
 -63.         -58.         -54.5       ]
[  1.5         -3.         -11.5          0.         -26.5
 -46.         -51.66666667 -54.         -60.         -60.
 -56.         -56.         -54.        ]
[ -2.          -6.5        -22.           0.         -36.5
 -49.         -46.         -48.         -56.         -58.
 -56.         -57.         -52.33333333]
dewpoint:
[ -1.          -2.          -4.         -45.         -36.5
 -59.         -67.66666667 -77.5        -85.         -83.
 -83.         -82.         -80.33333333]
[-18.  -32.5 -48.    0.  -35.  -54.  -15.5   0.    0.    0.    0.    0.
   0. ]
[ -5.5 -14.  -15.  -14.  -32.5 -64.  -72.  -74.    0.  -77.    0.    0.
   0. ]
[  5.   1.  -8. -33. -48. -65. -24.   0.   0.   0.   0.   0.   0.]
[ 14.   -1.    1.  -11.  -28.5 -38.  -47.  -30.    0.    0.    0.    0.
   0. ]
[ 13.   16.    3.  -11.  -49.5 -41.  -55.  -60.  -32.5   0.    0.    0.
   0. ]
[ 21.   19.   10.    4.  -24.  -44.5 -68.  -77.  -84.    0.    0.    0.
   0. ]
[ 20.  14.   2.  -8. -18. -45. -55. -66. -36.   0.   0.   0.   0.]
[  0.   -14.   -31.    -8.   -42.   -58.   -66.   -72.25   0.     0.
   0.     0.     0.  ]
[  8.           5.           5.          -2.         -45.5
 -49.         -61.33333333 -64.5          0.           0.
   0.           0.           0.        ]
[  0.   -4.  -13.5   0.  -52.5 -67.  -72.  -36.5   0.    0.    0.    0.
   0. ]
[-22.   -24.   -31.     0.   -63.5  -72.25 -70.   -72.   -79.   -81.
 -79.   -80.   -76.  ]
