pressure:
[1025.   962.5  850.   700.   450.   285.   225.   166.     0.    87.5
   70.    50.    25. ]
[1012.   962.5  775.     0.   450.   276.   225.   150.     0.    92.5
   70.    50.    25. ]
[1002.5         925.          850.          700.          450.
  300.          218.33333333  163.5           0.           93.
   70.           50.           25.        ]
[1001.   925.   850.   700.   450.   300.   250.   178.     0.    95.5
   70.    50.    20. ]
[993.         925.         850.         700.         450.
 300.         241.         180.66666667 107.         100.
  70.          50.          25.        ]
[987. 925. 775.   0. 450. 300. 253. 200. 150.  90.  70.  50.  25.]
[996.  925.  850.  700.  500.  350.  250.  200.  150.  104.5  70.   50.
  20. ]
[1000.5         925.          850.          700.          450.
  300.          250.          183.66666667    0.          100.5
   70.           50.           25.        ]
[1002.          925.          850.          700.          500.
  330.66666667  250.          200.          150.            0.
    0.            0.            0.        ]
[1019.   962.5  850.   700.   450.   300.   235.   150.     0.   100.
   70.    50.    20. ]
[1013.          962.5         850.          700.          450.
  300.          217.66666667  164.5         112.            0.
   70.           50.           25.        ]
[1021.    962.5   850.    700.    450.    300.    226.25  150.      0.
  100.     70.     50.     25.  ]
temperature:
[ -3.   -5.  -10.  -14.  -31.5 -52.5 -52.  -53.5   0.  -60.5 -56.  -62.
 -49.5]
[  0.          -3.         -11.           0.         -25.
 -51.33333333 -53.5        -52.           0.         -60.
 -58.         -58.         -52.5       ]
[  9.    5.    6.    0.  -19.5 -42.  -59.  -66.    0.  -62.5 -63.  -63.
 -51.5]
[ 17.          17.          14.           5.         -17.5
 -39.         -49.         -62.           0.         -65.5
 -66.         -65.         -50.33333333]
[ 22.          23.          17.           5.         -19.
 -41.         -50.         -55.66666667 -60.         -60.
 -60.         -56.         -49.        ]
[ 20.   17.   11.    0.  -13.5 -29.  -35.5 -43.  -55.  -65.5 -65.  -56.
 -50. ]
[ 24.          21.          17.           9.          -3.
 -22.         -39.         -49.         -58.         -65.5
 -64.         -59.         -46.66666667]
[ 23.   19.   14.    3.  -15.5 -36.  -47.  -57.    0.  -58.  -58.  -58.
 -51. ]
[ 19.          15.          12.           5.          -7.
 -26.66666667 -40.         -53.         -63.           0.
   0.           0.           0.        ]
[  9.           6.5          3.          -6.         -23.5
 -46.         -56.5        -59.           0.         -62.
 -60.         -58.         -49.66666667]
[  2.           0.          -2.          -8.         -29.
 -51.         -59.33333333 -59.5        -61.           0.
 -60.         -57.         -44.5       ]
[  2.    0.   -3.   -8.  -31.5 -53.  -58.  -54.    0.  -59.  -58.  -55.
 -44.5]
dewpoint:
[-12.  -18.5 -29.  -31.  -52.  -69.  -69.  -70.5   0.  -36.5   0.    0.
   0. ]
[ -6.   -7.5 -13.    0.  -39.  -56.  -61.5 -65.    0.  -35.    0.    0.
   0. ]
[  6.           4.           3.          -1.         -44.5
 -44.         -18.33333333   0.           0.           0.
   0.           0.           0.        ]
[  9.  -7. -21. -33. -44. -61. -69.   0.   0.   0.   0.   0.   0.]
[ 12.           0.           6.         -16.         -51.5
 -63.         -71.         -75.66666667   0.           0.
   0.           0.           0.        ]
[ 14.  -2. -22.   0. -41. -46. -55. -65. -75.   0.   0.   0.   0.]
[ 23.  20.  14.   6. -32. -36. -54. -63. -71.   0.   0.   0.   0.]
[ 18.   10.    5.   -3.  -26.5 -41.  -55.  -65.    0.  -70.  -71.  -72.
 -67.5]
[ 15.          12.           0.           2.          -8.
 -46.33333333 -59.         -70.           0.           0.
   0.           0.           0.        ]
[  4.   -4.  -32.  -29.  -50.  -61.  -70.5 -74.    0.    0.    0.    0.
   0. ]
[ -5.          -7.         -11.         -17.         -42.
 -65.         -23.33333333   0.           0.           0.
   0.           0.           0.        ]
[ -3.  -11.5 -26.  -39.  -47.5 -66.  -71.  -67.    0.  -72.    0.    0.
   0. ]
