pressure:
[1024.          962.5         775.            0.          450.
  285.5         230.33333333  150.          100.            0.
   70.           49.            0.        ]
[1021.   962.5  775.     0.   450.   300.   230.   150.   100.     0.
   70.    50.    25. ]
[999.         925.         850.         700.         450.
 300.         218.33333333 146.           0.         100.
   0.           0.           0.        ]
[994.   925.   850.   700.   450.   300.   218.25 150.   124.   100.
  70.    50.    25.  ]
[999.         925.         850.         700.         450.
 300.         250.         191.33333333 150.          99.
  70.          50.          25.        ]
[993. 925. 850. 700. 450. 300. 250. 180. 150.  93.  70.  50.  25.]
[998. 925. 850. 700. 500. 350. 239. 200. 142. 100.  70.  50.  20.]
[984.  925.  775.    0.  450.  300.  229.5 200.  150.   97.5  70.   50.
  25. ]
[1002.   925.   850.   700.   450.   300.   250.   196.5  150.    98.
   70.    50.    20. ]
[1023.    962.5   850.    700.    450.    300.    233.25  150.    111.
  100.     70.     50.     25.  ]
[1010.          962.5         775.            0.          450.
  300.          223.33333333  158.5         110.5           0.
   70.            0.            0.        ]
[1016.          962.5         850.          700.          450.
  300.          227.33333333  155.5           0.           94.5
   70.           50.           25.        ]
temperature:
[ -7.         -10.5        -15.5          0.         -31.5
 -52.         -58.66666667 -57.         -59.           0.
 -62.         -65.           0.        ]
[ -4.   -8.  -12.5   0.  -31.  -52.  -59.5 -56.  -59.    0.  -59.  -58.
 -57.5]
[ 14.          15.           9.          -1.         -23.5
 -46.         -62.33333333 -61.           0.         -62.
   0.           0.           0.        ]
[ 16.    17.    16.     4.   -22.   -46.   -61.25 -59.   -62.   -59.
 -61.   -57.   -51.  ]
[ 20.          15.          14.           4.         -15.5
 -32.         -42.         -55.66666667 -57.         -65.
 -65.         -63.         -50.5       ]
[ 21.          23.          18.           7.         -14.
 -34.         -44.         -58.33333333 -60.         -59.
 -59.         -56.         -50.        ]
[ 28.          24.          21.          11.          -5.
 -21.5        -41.         -50.         -62.         -66.
 -66.         -60.         -46.66666667]
[ 19.   15.    8.    0.  -12.  -32.  -46.  -47.  -51.  -60.  -58.  -56.
 -51.5]
[ 18.5         18.          14.           5.         -17.
 -32.         -39.         -51.5        -58.         -70.5
 -66.         -61.         -50.66666667]
[  1.   -2.5  -8.  -15.  -30.  -45.  -50.  -53.  -58.  -58.  -59.  -53.
 -51. ]
[  6.           3.          -8.           0.         -29.
 -49.         -56.66666667 -56.         -61.           0.
 -60.           0.           0.        ]
[  3.           0.          -1.          -8.         -27.5
 -46.         -54.33333333 -56.5          0.         -60.5
 -63.         -61.         -50.        ]
dewpoint:
[-21.         -24.5        -29.           0.         -49.
 -64.5        -23.66666667   0.           0.           0.
   0.           0.           0.        ]
[-19.  -24.5 -37.5   0.  -34.  -57.    0.    0.    0.    0.    0.    0.
   0. ]
[ -5.         -13.         -14.         -32.         -50.5
 -51.         -20.33333333   0.           0.           0.
   0.           0.           0.        ]
[  9.   9.  -4. -21. -37. -59. -17.   0.   0.   0.   0.   0.   0.]
[ -3.           2.          -9.           0.         -19.5
 -34.         -46.         -59.66666667 -64.           0.
   0.           0.           0.        ]
[ 16.          11.           8.           1.         -47.5
 -37.         -49.         -20.66666667   0.           0.
   0.           0.           0.        ]
[ 23.   20.    9.    4.   -7.  -37.  -49.5 -60.    0.    0.    0.    0.
   0. ]
[ 10.    9.    2.    0.  -27.  -34.  -49.5 -57.  -69.  -38.    0.    0.
   0. ]
[ 15.5  -5.   -4.   -9.  -36.5 -48.  -58.  -68.5 -74.    0.    0.    0.
   0. ]
[-13.  -12.5 -29.  -42.  -54.5 -66.  -70.  -73.  -77.  -77.    0.    0.
   0. ]
[ -1.   -2.5 -20.    0.  -55.5 -71.  -77.  -77.    0.    0.    0.    0.
   0. ]
[ -1.          -3.         -24.         -31.         -59.5
 -69.         -76.33333333 -78.5          0.           0.
   0.           0.           0.        ]
