pressure:
[1015.          962.5         775.            0.          450.
  300.          232.66666667  153.5         127.          100.
   70.           50.           25.        ]
[1003.5  925.   775.     0.   450.   279.   225.   150.   100.     0.
   70.    50.    30. ]
[1010.   962.5  850.   700.   450.   303.   225.   149.     0.   100.
   70.    50.    25. ]
[1000.   925.   850.   700.   450.   284.5  225.   166.5    0.   100.
   68.5   50.    20. ]
[990. 925. 775.   0. 450. 300. 227. 173. 119. 100.  70.  50.  25.]
[994.  925.  850.  700.  450.  300.  250.  200.  146.5 100.   70.   50.
  20. ]
[997.  925.  850.  700.  500.  350.  232.5 200.  142.5 100.   70.   50.
  20. ]
[1001.   925.   850.   700.   450.   300.   231.   200.   132.5  100.
   70.    50.    20. ]
[1002.5  925.   850.   700.   450.   300.   250.   187.5  136.   100.
   70.    50.    20. ]
[1007.          962.5         850.          700.          450.
  300.          222.33333333  165.5           0.          102.5
   70.           50.           25.        ]
[1019.          962.5         775.            0.          450.
  307.          225.33333333  150.          106.          100.
   70.           50.            0.        ]
[1013.          962.5         775.            0.          450.
  286.5         221.33333333  147.5         100.            0.
   70.           50.           25.        ]
temperature:
[ -1.          -4.         -10.5          0.         -29.
 -48.         -55.66666667 -54.         -59.         -59.
 -62.         -59.         -54.        ]
[  3.5          6.          -6.5          0.         -34.5
 -58.33333333 -58.         -52.         -55.           0.
 -56.         -57.         -56.        ]
[  8.    6.   -1.  -12.  -36.5 -49.  -50.  -55.    0.  -56.  -60.  -60.
 -51.5]
[ 21.          18.          14.           1.         -25.5
 -51.         -52.5        -53.           0.         -60.
 -66.5        -59.         -46.33333333]
[ 16.          15.           8.           0.         -21.
 -41.         -52.66666667 -53.5        -58.         -59.
 -58.         -57.         -51.        ]
[ 25.          24.          20.           7.         -11.5
 -32.         -42.         -53.         -68.         -64.
 -61.         -59.         -46.66666667]
[ 24.          21.          18.          11.          -4.
 -22.         -42.         -50.         -62.         -66.
 -69.         -60.         -48.66666667]
[ 23.          18.          15.           2.         -18.
 -38.         -44.5        -48.         -59.5        -63.
 -63.         -55.         -47.33333333]
[ 22.          19.          15.           5.         -18.
 -36.         -46.         -55.5        -63.5        -66.
 -61.         -61.         -50.33333333]
[ 14.   12.    7.    0.  -21.  -39.  -55.  -59.    0.  -65.  -64.  -60.
 -53.5]
[ -3.   -6.  -14.5   0.  -33.5 -49.  -50.  -50.  -57.  -57.  -59.  -56.
   0. ]
[  0.          -2.         -13.           0.         -36.
 -54.         -52.33333333 -54.5        -57.           0.
 -57.         -56.         -46.        ]
dewpoint:
[-12.  -13.  -27.    0.  -48.  -55.  -63.  -63.5 -69.  -69.    0.    0.
   0. ]
[  2.         -11.         -14.           0.         -40.5
 -21.33333333   0.           0.           0.           0.
   0.           0.           0.        ]
[ -5.  -10.  -15.  -36.  -45.  -59.  -60.5 -66.    0.  -67.    0.    0.
   0. ]
[ -3.  -11.  -16.  -17.  -34.5 -59.  -61.  -62.5   0.    0.    0.    0.
   0. ]
[ 15.   13.   -3.    0.  -32.5 -46.  -59.  -65.5 -74.  -75.    0.    0.
   0. ]
[ 18.  14.   2.   0. -40. -51. -60. -69.   0.   0.   0.   0.   0.]
[ 23.   20.   17.   -1.  -29.  -45.5 -54.5 -56.    0.    0.    0.    0.
   0. ]
[ 17.    8.   -2.  -10.  -49.5 -60.  -66.  -69.  -38.    0.    0.    0.
   0. ]
[ 15.   -4.  -14.  -12.  -56.  -39.  -49.  -30.5   0.    0.    0.    0.
   0. ]
[ -1.         -15.         -12.         -33.         -25.5
 -45.         -64.33333333   0.           0.           0.
   0.           0.           0.        ]
[-17. -16. -32.   0. -57. -70. -71. -72. -78. -78. -79. -77.   0.]
[-13.         -13.         -26.           0.         -56.5
 -71.5        -70.33333333 -72.5        -75.           0.
 -75.           0.           0.        ]
