pressure:
[1017.          962.5         775.            0.          450.
  276.33333333  200.          143.5         100.           73.
   70.           50.           25.        ]
[994. 925. 775.   0. 450. 313. 231. 150. 100.   0.  70.   0.   0.]
[1001.5         925.          850.          700.          450.
  300.          224.33333333  172.5           0.          100.
   70.           50.           25.        ]
[1001.          925.          850.          700.          450.
  300.          229.5         179.33333333    0.          102.
   70.           50.           25.        ]
[1001.5  925.   850.   700.   450.   300.   233.   175.     0.    96.5
   70.    50.    25. ]
[997.         925.         850.         700.         450.
 300.         250.         179.66666667   0.         100.
  70.          50.          25.        ]
[994.  925.  850.  700.  500.  350.  250.  200.  150.   99.5  70.   50.
  30. ]
[1001.   925.   850.   700.   500.   350.   234.5  200.   150.   105.
   70.    50.    25. ]
[997.  925.  775.    0.  429.  300.  222.  150.    0.   94.5  70.   50.
  20. ]
[1015.   962.5  850.   700.   450.   319.   225.   150.   124.   100.
   70.    50.    25. ]
[1014.          962.5         850.          700.          450.
  300.          228.66666667  157.            0.           96.5
   70.           50.           20.        ]
[1028.          962.5         850.          700.          450.
  297.33333333  225.          150.            0.            0.
    0.            0.            0.        ]
temperature:
[ -2.   -6.  -16.    0.  -37.  -54.  -52.  -52.  -54.  -57.  -57.  -52.
 -50.5]
[  2.    0.   -3.5   0.  -33.5 -47.  -54.  -54.  -57.    0.  -58.    0.
   0. ]
[  8.   14.   12.    0.  -22.5 -43.  -60.  -63.    0.  -62.  -59.  -59.
 -52. ]
[  9.          17.          13.           2.         -20.5
 -41.         -54.         -60.66666667   0.         -64.
 -63.         -60.         -51.        ]
[ 20.5  21.   17.    5.  -19.  -41.  -52.5 -54.    0.  -61.  -64.  -60.
 -49. ]
[ 19.  18.  14.   7. -15. -37. -47. -57.   0. -60. -58. -58. -49.]
[ 31.   26.   23.   13.    0.  -17.5 -36.  -47.  -61.  -72.  -69.  -65.
 -55. ]
[ 25.   19.   15.    6.   -6.  -25.  -41.  -49.  -59.  -68.  -66.  -59.
 -49.5]
[ 15.          10.          -2.           0.         -32.
 -35.         -39.66666667 -50.           0.         -58.5
 -62.         -54.         -50.        ]
[ 10.    7.    0.   -7.  -30.  -43.5 -46.  -54.  -57.  -59.  -61.  -60.
 -52.5]
[  7.           4.5          0.          -8.         -29.
 -48.         -59.         -55.5          0.         -60.
 -63.         -61.         -54.33333333]
[ -7.          -9.5         -9.         -14.         -38.
 -50.66666667 -49.         -56.           0.           0.
   0.           0.           0.        ]
dewpoint:
[-18.  -18.  -34.    0.  -54.  -69.  -67.  -68.  -69.  -72.  -72.  -68.
 -66.5]
[  1.    0.   -5.    0.  -37.5 -54.5 -62.  -62.  -65.    0.  -66.    0.
   0. ]
[  1.           1.         -22.          -1.         -39.
 -54.         -21.33333333   0.           0.           0.
   0.           0.           0.        ]
[  8.   -1.   10.   -1.  -39.5 -43.  -27.    0.    0.    0.    0.    0.
   0. ]
[  8.   -1.   -4.  -18.  -45.  -62.  -71.  -72.5   0.    0.    0.    0.
   0. ]
[ 18.          15.           2.         -12.         -32.
 -69.         -75.         -82.33333333   0.           0.
   0.           0.           0.        ]
[ 18.  17.  18.   5. -36. -46. -58. -67.   0.   0.   0.   0.   0.]
[ 11.5  13.   -4.  -15.  -48.  -56.  -72.5 -78.  -85.    0.    0.    0.
   0. ]
[  0.          -1.         -16.           0.         -52.
 -63.         -69.33333333 -77.           0.         -41.
   0.           0.           0.        ]
[  0.   -0.5 -10.  -48.  -64.  -73.5 -75.5 -81.  -83.  -85.    0.    0.
   0. ]
[  4.   2. -23. -26. -44. -61. -23.   0.   0.   0.   0.   0.   0.]
[-20.  -22.5 -35.  -29.  -42.5 -61.  -60.  -67.    0.    0.    0.    0.
   0. ]
