pressure:
[1015.   962.5  775.     0.   450.   297.   200.   161.   101.5    0.
   70.    50.    25. ]
[1009.   962.5  775.     0.   450.   279.   225.   150.   129.    87.
   70.    50.    25. ]
[1011.          962.5         775.            0.          450.
  283.33333333  225.          150.          121.          100.
   70.           50.           25.        ]
[997.         925.         775.           0.         450.
 300.         217.66666667 150.           0.          97.5
  70.          50.          20.        ]
[997.   925.   850.   700.   450.   300.   232.75 150.   107.   100.
  70.    50.    25.  ]
[992. 925. 850. 700. 450. 300. 234. 200.   0.   0.   0.   0.   0.]
[995. 925. 850. 700. 500. 350. 250. 200. 134. 100.  70.  50.  25.]
[1002.   925.   850.   700.   450.   300.   250.   191.5  133.   100.
   70.    50.    30. ]
[1003.  925.  850.  700.  450.  300.  229.  175.  132.  100.   70.   50.
    0.]
[1009.          962.5         850.          700.          450.
  300.          250.          171.33333333    0.          100.
   70.           50.           25.        ]
[1015.   962.5  850.   700.   450.   300.   226.   166.     0.    94.5
   70.    50.    25. ]
[1021.   962.5  850.   700.   450.   285.   225.   150.     0.    98.
   70.    50.    25. ]
temperature:
[ -3.   -6.  -13.5   0.  -40.  -51.  -50.  -52.5 -58.5   0.  -60.  -61.
 -53.5]
[  5.    3.5  -5.5   0.  -34.  -52.5 -53.5 -52.  -52.  -55.  -57.  -57.
 -50.5]
[  6.    3.  -11.    0.  -36.5 -51.  -50.  -49.  -55.  -55.  -59.  -55.
 -49. ]
[ 17.          13.           1.5          0.         -26.
 -43.         -49.33333333 -52.           0.         -59.
 -60.         -59.         -49.66666667]
[ 20.    17.    11.     1.   -23.   -43.   -50.25 -54.   -60.   -60.
 -57.   -55.   -50.5 ]
[ 24.   19.   15.    4.  -15.5 -35.  -40.  -45.    0.    0.    0.    0.
   0. ]
[ 27.   25.   22.   10.   -5.  -20.  -36.  -48.  -64.  -67.  -65.  -60.
 -52.5]
[ 25.   20.   14.    4.  -18.5 -39.  -44.  -51.  -59.  -61.  -60.  -56.
 -54. ]
[ 22.   20.   14.    2.  -18.5 -40.  -50.  -56.5 -62.  -61.  -63.  -58.
   0. ]
[ 16.          15.           9.           1.         -21.
 -43.         -52.         -63.66666667   0.         -65.
 -61.         -59.         -54.5       ]
[  4.    1.   -5.   -7.  -24.5 -46.  -59.  -58.    0.  -57.  -58.  -59.
 -56. ]
[ -2.          -6.          -4.         -11.         -33.5
 -53.66666667 -53.         -52.           0.         -58.5
 -57.         -51.         -52.5       ]
dewpoint:
[-17.  -17.  -36.    0.  -42.5 -60.  -65.  -68.  -73.5   0.    0.    0.
   0. ]
[-17.  -18.  -33.5   0.  -56.5 -72.  -72.5 -72.  -72.  -74.5 -76.  -76.
 -70.5]
[-16.         -17.5        -21.5          0.         -60.5
 -71.66666667 -71.5        -71.         -76.         -76.
 -80.         -76.         -71.5       ]
[  7.           2.          -8.           0.         -61.5
 -72.         -77.33333333 -80.           0.         -42.
   0.           0.           0.        ]
[ -4.  -7.  -6. -19. -48. -62. -69. -73.   0.   0.   0.   0.   0.]
[ 12.    8.    4.   -4.  -53.  -61.  -68.5 -72.    0.    0.    0.    0.
   0. ]
[ 25.   14.   11.   -1.  -17.  -29.5 -48.  -60.    0.    0.    0.    0.
   0. ]
[  8.    4.    3.  -40.  -54.  -65.  -69.  -74.5 -39.5   0.    0.    0.
   0. ]
[ 18.5   8.    4.  -13.  -43.5 -60.  -68.  -35.5   0.    0.    0.    0.
   0. ]
[  3.   -4.5 -14.  -29.  -38.5 -59.  -67.    0.    0.    0.    0.    0.
   0. ]
[  0.   -2.5 -18.  -32.  -26.5 -52.  -21.    0.    0.    0.    0.    0.
   0. ]
[-11.         -12.         -40.         -37.         -54.5
 -70.66666667 -70.         -70.           0.         -75.5
   0.           0.           0.        ]
