2.72 2.87 3.21 3.24 3.48 3.07 3.22 2.25 2.65 2.72 2.8 3.23 3.29 3.25 3.21 2.79 2.29 2.92 3.67 2.85 2.88 3.4 3.42 3.35 3.31 3.16 2.63 2.97 2.22 2.76 2.76 
4.37 4.35 3.07 4.2 3.73 4.23 4.53 3.75 3.74 4.02 4.11 3.86 3.67 4.08 3.96 4.34 3.17 4.56 3.55 4.1 3.85 3.67 4.32 3.67 3.62 3.44 4.37 3.44 
9.73 10.74 8.22 11.44 9.57 9.61 10.18 10.8 8.82 10.38 9.01 10.63 8.22 10.43 10.49 10.04 9.11 10.09 10.65 11.01 8.44 11.3 8.6 9.31 9.06 10.92 10.59 9.39 8.93 11.03 9.61 
5.22 5.61 5.38 5.16 5.27 4.64 5.35 5.36 6.04 5.74 6.08 4.85 5.64 5.54 5.71 5.19 5.37 4.31 4.39 5.65 5.31 5.04 5.4 5.66 6.25 4.53 6.24 5.2 6.67 5.26 
25.28 28.68 26.39 24.69 24.71 26.03 26.79 22.14 23.92 23.85 20.88 23.2 22.84 24.93 21.34 24.63 24.48 25.74 25.67 22.93 21.48 22.59 15.22 25.45 26.8 23.27 25.13 24.74 24.24 26.87 29.81 
79.67 92.26 104.41 115.93 85.95 90.25 87.31 98.23 100.21 103.56 105.74 105.13 99.38 100.63 94.84 91.25 90.48 104.8 105.49 91.25 79.17 81.99 108.82 93.98 101.6 100.17 120.14 89.8 99.71 100.88 
245.98 237.11 241.8 214.05 250.52 234.63 237.88 248.2 228.59 272.73 253.37 290.01 261.41 234.26 229.82 261.06 257.09 262.42 195.31 253.15 236.36 285.91 240.18 283.67 212.29 236.39 224.61 227.64 243.35 231.9 266.55 
103.69 94.18 77.49 97.28 97.76 75.16 101.1 96.94 92.55 94.3 112.55 85.47 99.7 84.03 91.49 104.58 86.01 97.83 84.83 111.22 101.62 103.24 86.17 78.48 97.15 86.69 90.38 95.76 101.8 112.44 96.49 
63.69 69.29 68.93 67.97 73.5 72.74 70.56 65.44 65.05 66.94 85.84 66.82 65.04 78.01 67.06 77.87 78.94 76.26 73.52 65.17 68.94 66.12 62.25 81.23 78.53 74.5 67.36 70.04 66.5 72.56 
17.64 16.07 15.08 17.12 16.0 18.29 15.65 17.33 11.71 17.62 16.18 17.81 19.36 16.75 18.66 15.16 17.9 17.32 19.63 16.95 19.53 14.78 13.27 15.2 16.8 17.99 16.23 18.13 16.23 14.48 15.8 
0.2 0.19 0.18 0.19 0.18 0.23 0.23 0.2 0.16 0.21 0.17 0.22 0.21 0.2 0.2 0.18 0.22 0.23 0.19 0.2 0.22 0.18 0.19 0.21 0.19 0.17 0.2 0.21 0.21 0.21 
0.0 0.0 0.0 0.0 0.0 0.0 0.0 0.0 0.0 0.0 0.0 0.0 0.0 0.0 0.0 0.0 0.0 0.0 0.0 0.0 0.0 0.0 0.0 0.0 0.0 0.0 0.0 0.0 0.0 0.0 0.0 
