0.0 0.0 0.0 0.0 0.0 0.0 0.0 0.0 0.0 0.0 0.0 0.0 0.0 0.0 0.0 0.0 0.0 0.0 0.0 0.0 0.0 0.0 0.0 0.0 0.0 0.0 0.0 0.0 0.0 0.0 0.0 
1.85 1.66 1.63 1.41 1.51 2.04 1.46 1.59 1.74 1.64 1.61 1.78 1.8 1.64 1.85 1.59 1.67 1.65 1.48 1.75 1.71 1.76 1.65 1.39 1.53 1.7 1.88 1.76 
0.87 0.83 0.99 1.05 0.85 0.85 0.99 0.81 0.98 0.76 0.93 1.02 0.93 0.88 0.92 0.84 0.93 0.92 1.1 0.87 0.94 0.96 1.01 1.02 0.73 0.82 1.13 0.86 0.85 0.89 0.89 
21.1 16.34 17.66 23.64 22.95 20.34 23.89 22.43 20.59 19.02 21.26 22.12 25.2 23.81 20.35 21.45 23.94 20.52 22.52 19.79 25.9 16.89 18.8 24.42 21.35 21.87 24.02 19.52 25.42 20.22 
48.38 38.48 45.47 46.09 42.45 48.67 39.54 36.66 36.99 42.54 46.91 44.21 35.84 40.22 44.62 45.45 48.59 45.8 42.97 38.92 34.15 40.08 39.63 39.26 34.41 38.24 41.24 39.9 40.73 35.85 33.12 
87.49 92.36 88.95 65.46 91.65 75.78 81.34 97.48 75.94 78.96 77.48 97.74 101.19 77.47 72.69 89.4 109.62 91.29 61.52 61.43 71.06 85.26 90.2 78.15 75.69 98.32 92.24 73.11 68.14 78.63 
114.35 117.13 127.41 121.72 125.72 106.89 126.23 130.06 113.34 113.82 114.55 137.18 110.97 140.9 121.11 121.91 128.61 116.03 123.79 118.93 120.47 105.3 129.64 121.88 126.9 165.73 116.85 124.65 106.3 127.73 136.16 
54.49 50.56 61.38 52.66 55.81 41.74 57.2 57.44 52.93 33.37 51.68 54.82 57.98 51.78 52.08 56.89 56.24 44.64 57.8 49.58 46.15 43.94 48.88 59.36 52.67 53.07 60.31 51.42 52.03 47.89 46.48 
122.49 105.32 130.04 123.22 97.25 147.83 133.29 127.4 108.67 115.42 138.13 128.27 111.68 126.73 132.72 135.94 113.43 148.04 119.89 135.66 117.97 126.96 132.91 87.13 119.09 123.86 119.56 137.96 128.78 128.59 
11.08 12.15 11.45 11.56 10.91 12.85 12.73 9.55 12.51 11.49 12.36 12.21 12.5 11.84 11.11 11.75 12.51 11.94 14.16 12.27 11.77 12.85 11.4 13.31 12.27 10.19 13.26 12.13 15.43 9.72 11.72 
0.0 0.0 0.0 0.0 0.0 0.0 0.0 0.0 0.0 0.0 0.0 0.0 0.0 0.0 0.0 0.0 0.0 0.0 0.0 0.0 0.0 0.0 0.0 0.0 0.0 0.0 0.0 0.0 0.0 0.0 
0.0 0.0 0.0 0.0 0.0 0.0 0.0 0.0 0.0 0.0 0.0 0.0 0.0 0.0 0.0 0.0 0.0 0.0 0.0 0.0 0.0 0.0 0.0 0.0 0.0 0.0 0.0 0.0 0.0 0.0 0.0 
