0.48 0.42 0.3 0.33 0.37 0.46 0.4 0.33 0.46 0.42 0.45 0.38 0.43 0.46 0.44 0.41 0.37 0.39 0.33 0.47 0.34 0.38 0.42 0.37 0.39 0.42 0.4 0.39 0.38 0.42 0.44 
10.72 9.02 10.89 11.66 12.52 11.67 10.72 11.08 11.99 12.25 11.2 10.9 12.15 12.38 12.38 12.74 11.62 12.25 10.51 10.71 10.68 10.82 10.51 10.27 12.64 11.69 11.47 12.04 
6.91 7.61 8.63 5.97 7.05 7.19 7.46 6.8 8.61 6.74 8.31 5.71 8.0 8.52 6.2 9.18 8.0 8.65 9.11 7.95 9.28 7.26 7.37 8.17 8.39 7.64 7.18 7.38 7.03 9.83 7.37 
34.9 33.28 29.96 33.61 34.04 39.98 38.74 38.47 40.09 34.38 30.85 34.14 35.54 39.54 29.07 39.28 41.72 46.02 36.8 32.11 38.95 37.5 36.74 34.03 39.08 38.59 36.36 31.63 35.25 29.44 
32.53 35.57 33.4 32.92 34.46 34.04 37.85 31.96 31.84 34.15 38.83 37.21 42.04 39.85 35.6 30.1 42.81 37.65 37.53 36.71 40.22 34.74 34.64 29.28 40.11 34.28 33.96 35.14 37.85 40.82 42.47 
36.83 45.5 42.04 42.11 42.64 47.24 44.18 42.97 45.49 44.31 49.31 45.9 42.59 40.68 40.91 47.19 43.01 36.73 37.69 48.69 37.23 42.83 38.23 37.8 50.96 53.68 46.75 45.95 39.76 50.06 
93.18 105.62 117.39 114.39 113.33 105.04 98.45 118.79 103.32 99.11 115.2 109.77 90.46 107.31 93.14 108.78 91.56 89.04 109.5 96.68 94.5 106.06 103.32 106.99 95.9 100.44 107.34 100.78 103.84 115.28 117.94 
85.11 83.19 94.79 102.05 96.4 92.18 99.33 75.63 103.88 77.67 78.61 94.32 94.61 86.52 83.66 98.62 81.92 96.48 94.99 85.36 83.44 79.22 73.05 98.03 94.54 90.71 82.21 91.59 67.35 90.14 91.94 
99.1 80.98 93.9 73.03 87.53 82.58 92.15 99.21 83.12 78.81 87.35 91.14 73.37 87.53 84.48 74.5 91.49 100.71 98.81 89.3 88.78 103.1 75.88 77.93 87.2 78.18 79.92 82.3 89.7 85.69 
16.63 14.81 16.07 18.2 17.41 12.7 15.14 18.15 15.92 12.51 14.34 15.51 14.44 15.97 16.2 14.48 18.34 16.25 15.48 17.61 18.35 17.79 13.08 15.5 14.94 15.15 14.4 16.56 19.54 14.78 17.89 
22.85 25.7 23.22 18.22 21.89 23.5 24.87 23.09 26.3 24.39 26.44 21.54 22.79 20.0 24.16 24.95 24.73 21.29 27.68 18.67 24.39 26.53 20.93 21.14 20.91 24.86 22.78 24.1 23.56 26.86 
2.02 1.79 1.58 1.87 1.86 1.93 1.87 1.67 1.7 2.23 1.7 1.7 1.66 1.8 1.38 1.75 1.98 1.48 2.09 1.6 1.76 1.81 1.76 1.51 1.65 1.75 2.02 1.95 2.01 1.59 1.98 
