0.1 0.11 0.11 0.11 0.09 0.1 0.1 0.09 0.11 0.1 0.09 0.1 0.09 0.1 0.1 0.1 0.1 0.09 0.13 0.1 0.12 0.09 0.12 0.11 0.09 0.08 0.1 0.09 0.09 0.1 0.1 
8.68 8.8 8.6 8.53 7.37 7.58 6.56 7.57 7.56 9.81 6.77 8.43 9.11 9.68 8.44 8.2 7.92 8.22 7.25 8.54 8.45 9.02 8.6 8.33 9.15 7.89 8.45 9.39 7.46 
0.0 0.0 0.0 0.0 0.0 0.0 0.0 0.0 0.0 0.0 0.0 0.0 0.0 0.0 0.0 0.0 0.0 0.0 0.0 0.0 0.0 0.0 0.0 0.0 0.0 0.0 0.0 0.0 0.0 0.0 0.0 
5.82 5.14 5.81 4.55 5.39 4.91 6.35 5.87 4.84 6.11 4.84 5.94 4.65 5.32 5.44 6.03 5.52 5.17 6.95 4.89 5.32 6.43 5.56 4.96 5.22 5.44 6.05 5.86 6.45 5.17 
24.82 26.31 25.36 24.97 27.46 27.37 24.95 25.65 22.0 26.77 22.89 22.36 23.37 24.25 28.72 24.46 25.06 26.07 21.05 23.47 20.83 21.02 24.02 19.98 28.33 28.18 22.6 27.62 24.55 27.35 28.08 
74.84 56.0 73.24 72.22 63.6 70.09 70.56 68.61 71.22 81.91 85.71 71.89 73.87 90.21 64.39 78.82 77.31 76.72 78.7 79.35 75.29 70.28 69.23 82.36 67.21 92.72 73.35 66.95 70.74 76.02 
292.36 352.24 321.34 310.94 345.21 367.4 351.79 325.69 331.26 335.77 354.45 299.7 339.55 344.92 353.97 325.62 361.29 347.69 368.75 274.03 441.65 334.47 325.0 333.75 371.55 342.97 305.97 365.52 339.28 359.04 386.31 
96.67 78.49 88.01 79.96 72.94 78.59 77.79 81.17 82.46 82.49 67.35 81.86 82.2 81.08 78.56 67.59 84.43 75.15 76.93 78.37 70.58 66.24 81.19 73.52 78.05 54.95 84.62 75.79 65.3 76.91 75.07 
57.93 68.04 54.25 64.47 60.36 61.17 59.62 64.41 56.75 54.73 51.46 44.25 57.37 56.51 57.82 66.32 53.55 56.98 57.6 60.13 51.08 53.5 60.6 66.57 61.72 57.6 55.98 47.79 61.17 57.78 
68.47 68.17 72.01 64.25 83.86 74.36 65.34 69.07 76.54 81.11 71.57 77.69 69.67 77.89 72.26 79.91 70.82 74.51 63.59 85.2 61.86 51.87 71.46 71.77 59.12 64.85 69.85 74.15 70.11 68.72 75.52 
7.07 8.56 7.59 7.18 9.07 7.45 6.64 9.15 7.14 9.35 5.59 7.31 7.56 9.16 7.4 7.92 8.39 8.29 8.13 9.1 6.61 7.82 7.7 8.0 7.78 8.66 8.47 7.98 6.95 7.67 
0.0 0.0 0.0 0.0 0.0 0.0 0.0 0.0 0.0 0.0 0.0 0.0 0.0 0.0 0.0 0.0 0.0 0.0 0.0 0.0 0.0 0.0 0.0 0.0 0.0 0.0 0.0 0.0 0.0 0.0 0.0 
