0.24 0.19 0.22 0.21 0.23 0.17 0.22 0.21 0.18 0.21 0.18 0.2 0.21 0.19 0.21 0.15 0.21 0.18 0.17 0.19 0.23 0.19 0.17 0.21 0.2 0.19 0.19 0.19 0.21 0.18 0.24 
5.15 6.19 5.32 5.45 5.37 5.28 5.09 5.06 5.47 5.33 5.72 5.54 4.96 5.33 5.89 6.32 6.15 5.67 4.23 5.91 4.56 5.41 5.3 5.69 5.73 6.15 4.62 4.91 
12.13 12.67 10.42 11.38 10.13 12.38 9.58 14.11 10.94 11.55 12.19 11.86 12.05 11.31 12.83 12.45 12.44 12.87 14.28 11.55 10.4 11.75 12.08 13.25 14.87 11.51 11.8 12.52 10.27 13.17 11.66 
0.0 0.0 0.0 0.0 0.0 0.0 0.0 0.0 0.0 0.0 0.0 0.0 0.0 0.0 0.0 0.0 0.0 0.0 0.0 0.0 0.0 0.0 0.0 0.0 0.0 0.0 0.0 0.0 0.0 0.0 
35.05 28.75 25.02 27.55 31.48 33.98 24.08 34.24 32.16 35.45 32.67 29.43 31.99 36.69 30.04 38.14 31.2 26.1 32.02 28.34 28.06 29.89 33.17 32.39 34.04 37.07 31.66 26.77 34.0 31.32 30.82 
117.58 127.97 109.9 128.45 106.24 131.4 116.57 133.73 117.83 114.11 113.53 133.17 117.7 111.12 112.42 139.59 102.97 117.86 121.18 104.49 116.43 124.03 129.98 135.99 125.0 132.03 111.5 125.51 147.66 113.92 
102.81 107.52 97.6 79.5 96.76 79.46 88.44 110.69 105.34 67.75 94.83 110.41 85.67 87.69 71.87 103.54 101.2 96.28 103.49 95.43 101.72 91.82 101.91 109.5 95.06 128.18 100.05 102.59 87.01 84.28 97.23 
281.27 241.62 260.77 236.02 250.45 224.52 270.01 227.37 203.64 248.3 235.81 262.06 214.93 256.47 232.88 287.89 228.78 246.13 249.95 224.99 221.38 205.72 283.33 197.51 238.02 236.03 249.34 238.72 298.74 197.69 242.96 
2.88 2.49 3.02 3.21 2.61 2.92 2.87 2.76 2.8 2.81 2.9 2.93 2.83 2.5 2.62 2.36 2.51 2.29 2.81 3.43 3.03 2.84 2.78 2.23 2.86 2.57 2.55 3.06 2.61 2.99 
71.86 57.89 72.65 86.1 79.08 66.04 73.87 66.76 71.26 75.06 73.21 75.19 78.84 70.38 88.79 76.15 63.41 68.84 80.93 60.3 67.46 51.96 72.7 65.53 61.65 61.02 69.36 61.04 73.0 67.58 74.62 
0.0 0.0 0.0 0.0 0.0 0.0 0.0 0.0 0.0 0.0 0.0 0.0 0.0 0.0 0.0 0.0 0.0 0.0 0.0 0.0 0.0 0.0 0.0 0.0 0.0 0.0 0.0 0.0 0.0 0.0 
0.0 0.0 0.0 0.0 0.0 0.0 0.0 0.0 0.0 0.0 0.0 0.0 0.0 0.0 0.0 0.0 0.0 0.0 0.0 0.0 0.0 0.0 0.0 0.0 0.0 0.0 0.0 0.0 0.0 0.0 0.0 
