0.0 0.0 0.0 0.0 0.0 0.0 0.0 0.0 0.0 0.0 0.0 0.0 0.0 0.0 0.0 0.0 0.0 0.0 0.0 0.0 0.0 0.0 0.0 0.0 0.0 0.0 0.0 0.0 0.0 0.0 0.0 
0.0 0.0 0.0 0.0 0.0 0.0 0.0 0.0 0.0 0.0 0.0 0.0 0.0 0.0 0.0 0.0 0.0 0.0 0.0 0.0 0.0 0.0 0.0 0.0 0.0 0.0 0.0 0.0 
4.66 4.62 4.05 4.11 3.99 4.28 4.29 4.59 4.12 4.09 4.41 3.64 4.38 3.97 4.19 4.29 3.67 4.25 3.32 4.21 3.93 3.43 4.47 4.89 4.68 4.18 3.27 4.51 4.21 3.94 4.18 
48.7 41.43 49.98 52.97 53.27 49.69 43.85 45.53 45.66 39.43 46.36 45.24 52.22 46.7 48.46 59.32 42.5 52.93 49.06 44.05 43.64 44.33 52.03 45.93 47.38 50.39 49.5 49.85 47.12 53.71 
10.64 7.73 10.03 9.5 10.78 9.76 8.78 8.51 9.93 7.78 7.47 8.93 9.62 9.93 9.7 8.96 9.99 9.12 11.57 9.96 10.43 9.2 8.26 11.13 10.19 10.49 8.75 10.74 9.88 9.8 8.68 
41.85 42.35 46.2 46.82 42.05 41.77 43.58 50.26 47.36 46.14 41.65 47.19 50.73 46.86 50.24 46.89 41.09 37.66 38.16 42.36 46.48 45.47 39.55 47.32 39.38 38.06 43.85 40.85 39.15 44.45 
312.85 314.33 353.24 306.5 289.08 326.19 296.81 246.05 259.04 297.67 250.04 316.09 293.07 342.94 320.4 335.15 295.54 321.79 299.5 331.01 318.58 266.74 286.42 298.78 246.08 283.18 304.96 253.26 294.05 316.3 334.72 
111.05 118.4 103.88 103.26 109.43 96.81 93.63 107.94 113.52 124.0 116.28 97.81 106.67 108.95 135.31 113.43 102.6 100.11 95.42 123.64 119.46 123.4 104.15 96.49 99.78 124.03 96.5 100.98 105.03 87.94 102.48 
26.02 27.1 23.43 22.64 25.02 26.57 26.13 25.91 25.28 27.09 24.84 26.52 23.07 25.83 25.72 23.88 27.53 29.4 22.9 27.69 24.74 23.22 20.87 29.72 26.1 26.02 27.55 26.69 29.95 31.5 
4.1 3.96 4.31 4.35 4.77 4.4 4.51 4.55 4.42 4.52 4.92 5.0 4.92 4.49 4.2 4.25 4.77 4.21 4.32 5.07 4.55 4.59 3.41 4.02 4.19 4.02 4.08 4.46 4.64 4.31 4.81 
1.45 1.76 1.96 1.72 1.6 1.62 1.32 1.73 1.73 1.36 1.56 1.63 1.41 1.64 1.65 1.41 1.65 1.41 1.68 1.57 1.18 1.83 1.55 1.54 1.69 1.52 1.48 1.63 1.61 1.64 
0.2 0.2 0.18 0.2 0.17 0.24 0.23 0.2 0.2 0.23 0.2 0.18 0.21 0.18 0.24 0.19 0.2 0.21 0.22 0.19 0.21 0.22 0.17 0.16 0.2 0.2 0.2 0.2 0.22 0.19 0.23 
