0.0 0.0 0.0 0.0 0.0 0.0 0.0 0.0 0.0 0.0 0.0 0.0 0.0 0.0 0.0 0.0 0.0 0.0 0.0 0.0 0.0 0.0 0.0 0.0 0.0 0.0 0.0 0.0 0.0 0.0 0.0 
2.36 1.83 1.85 2.39 1.87 1.85 2.12 1.63 2.11 2.06 1.76 2.13 2.09 2.32 2.19 2.32 1.68 2.04 1.87 2.21 2.09 1.91 1.97 1.93 2.17 1.92 2.04 1.93 
2.64 2.74 2.91 2.79 2.0 2.49 2.3 2.45 2.29 2.27 2.56 2.3 2.11 2.96 2.58 2.54 2.64 2.62 2.14 2.52 2.47 2.36 2.5 2.08 2.3 2.46 2.49 2.15 2.39 2.49 2.4 
42.75 40.15 37.33 40.93 35.2 38.46 37.45 40.37 38.89 37.42 42.83 41.72 36.74 43.59 44.95 35.59 41.26 45.54 39.5 36.72 40.09 39.15 40.61 39.6 34.92 36.77 41.11 35.45 41.85 41.42 
63.09 60.92 50.33 59.14 53.95 54.05 55.39 61.58 67.48 67.76 63.37 46.12 55.93 59.2 68.86 52.4 62.19 55.79 59.15 59.02 55.79 56.36 55.13 55.46 61.43 63.46 61.19 61.82 64.18 53.97 59.81 
8.32 9.19 10.28 6.99 10.44 8.96 9.02 9.71 9.04 10.3 10.01 9.63 8.82 12.43 10.25 9.92 9.99 9.86 8.24 10.06 10.2 10.02 11.12 8.02 10.22 7.76 9.41 7.66 9.12 10.21 
81.91 103.02 100.59 80.55 76.46 90.02 95.39 97.03 77.46 94.4 77.63 89.53 88.7 87.83 109.61 72.93 99.49 73.73 90.29 94.31 101.83 90.21 91.55 89.42 106.79 96.08 83.57 89.56 90.55 99.35 96.88 
61.45 65.69 67.41 62.56 55.0 64.54 58.86 50.26 58.4 57.26 58.63 56.28 66.0 54.56 66.45 68.3 63.14 63.73 67.67 63.19 57.63 63.76 71.71 60.84 74.7 78.78 58.88 58.1 67.27 57.86 66.01 
92.53 88.63 87.22 76.73 95.55 96.89 102.48 84.67 97.36 96.86 91.16 87.91 89.82 77.72 96.71 106.86 112.48 79.88 110.36 112.69 85.38 109.32 101.73 99.55 90.57 88.19 106.17 92.34 108.79 75.89 
21.25 21.2 24.72 23.02 20.57 23.81 23.46 23.59 17.87 22.1 26.43 21.25 24.46 20.36 20.09 19.27 21.19 22.75 20.24 21.77 21.29 21.79 22.91 23.15 23.05 20.77 21.59 21.28 23.56 23.05 19.07 
23.0 19.13 20.73 19.39 21.11 20.11 22.38 18.0 20.25 22.86 25.06 20.91 23.59 20.72 20.19 21.42 19.66 19.27 20.96 22.18 20.51 19.39 19.8 23.64 24.08 17.63 17.13 24.74 20.46 16.71 
6.02 5.62 5.53 5.81 4.96 5.68 5.81 5.02 4.14 5.47 5.57 6.35 5.91 5.17 5.64 5.23 6.42 5.99 6.49 5.95 6.59 6.41 5.62 5.56 5.39 5.95 6.03 5.3 6.65 5.34 6.59 
