4.39 5.07 5.28 4.71 4.42 4.75 4.98 4.78 3.94 4.17 4.05 5.43 4.54 4.26 4.62 5.0 5.11 4.28 4.93 4.05 5.08 4.38 4.71 5.23 4.92 4.88 4.89 4.26 4.79 5.0 4.85 
50.11 42.19 41.95 47.75 33.01 38.47 34.36 45.98 41.81 31.94 41.22 38.31 41.41 40.38 42.58 48.74 37.05 39.22 38.23 38.35 41.8 34.41 41.33 33.62 43.18 41.01 52.89 39.31 38.05 
11.29 12.36 11.69 11.83 11.39 12.52 11.66 12.86 10.19 13.24 12.9 13.08 11.57 11.8 13.48 13.57 10.28 11.8 13.38 11.63 13.14 9.34 11.31 9.98 10.93 12.03 10.2 9.57 11.75 11.58 12.2 
12.45 12.24 12.73 12.12 12.16 12.05 11.37 12.58 14.27 9.44 12.63 10.93 11.86 10.95 11.92 13.01 11.4 13.66 10.28 11.79 12.02 11.82 12.27 12.38 13.44 10.72 12.65 10.71 13.47 14.16 
45.44 43.84 49.86 53.63 51.98 48.94 46.25 43.92 57.21 49.24 53.88 50.53 45.83 48.21 47.12 50.62 54.02 44.67 41.15 51.04 52.22 42.6 48.4 47.08 42.7 54.92 54.29 48.96 39.12 47.08 53.06 
37.13 34.83 32.83 36.92 33.65 38.06 40.34 34.07 26.44 30.56 33.36 30.21 34.37 33.93 35.56 31.76 35.11 33.87 32.21 34.37 34.1 34.93 30.22 37.7 32.74 40.6 33.14 31.2 30.91 32.37 
111.03 87.78 114.14 147.2 113.54 118.56 98.74 105.67 102.89 110.69 121.01 104.62 101.99 123.0 117.56 104.79 109.29 110.98 98.92 116.37 120.96 105.58 110.53 126.05 109.95 100.11 101.11 111.39 133.75 108.63 127.14 
173.43 171.78 179.75 140.08 166.15 149.61 173.85 162.06 168.48 179.0 160.54 188.44 185.62 173.26 147.08 153.95 190.26 185.37 177.05 161.92 143.61 173.01 149.9 168.48 178.5 157.5 166.34 145.02 201.05 163.82 186.53 
81.51 79.92 85.1 71.87 77.36 66.1 79.59 77.74 62.54 75.73 71.13 68.61 77.33 69.9 72.62 71.46 85.56 75.55 65.39 64.02 70.19 79.55 62.99 71.93 76.92 76.45 69.56 71.48 77.62 69.85 
0.0 0.0 0.0 0.0 0.0 0.0 0.0 0.0 0.0 0.0 0.0 0.0 0.0 0.0 0.0 0.0 0.0 0.0 0.0 0.0 0.0 0.0 0.0 0.0 0.0 0.0 0.0 0.0 0.0 0.0 0.0 
24.71 24.01 27.19 29.61 30.62 29.26 37.97 29.49 29.74 30.95 31.9 28.06 27.72 28.78 26.73 26.44 26.25 23.7 27.22 28.73 31.61 23.43 25.6 23.45 26.26 28.64 23.19 30.42 23.58 26.97 
0.0 0.0 0.0 0.0 0.0 0.0 0.0 0.0 0.0 0.0 0.0 0.0 0.0 0.0 0.0 0.0 0.0 0.0 0.0 0.0 0.0 0.0 0.0 0.0 0.0 0.0 0.0 0.0 0.0 0.0 0.0 
