0.67 0.68 0.79 0.87 0.71 0.84 0.75 0.86 0.84 0.73 0.69 0.77 0.78 0.81 0.83 0.75 0.69 0.82 0.79 0.74 0.82 0.68 0.84 0.72 0.8 0.7 0.8 0.87 0.71 0.84 0.8 
19.42 19.32 19.59 19.68 19.45 17.56 16.72 20.42 20.91 16.63 20.24 17.46 18.77 16.73 19.41 19.09 13.48 17.09 18.87 18.35 17.99 15.96 19.9 20.5 15.2 18.44 22.28 16.58 
21.51 21.7 25.23 22.94 21.66 19.78 21.87 21.84 19.16 23.19 23.35 20.95 23.46 23.89 21.75 26.55 23.18 25.68 23.39 16.5 19.96 21.54 22.97 22.36 25.09 19.43 22.61 23.81 25.11 24.3 17.0 
1.56 1.48 1.51 1.72 1.61 1.73 1.41 1.59 1.78 1.68 1.55 1.73 1.67 1.59 1.61 1.6 1.69 1.46 1.55 1.25 1.5 1.49 1.39 1.78 1.6 1.58 1.65 1.76 1.53 1.74 
21.6 16.2 15.87 17.67 16.28 15.06 16.01 15.66 20.51 16.83 17.78 15.05 14.29 12.87 18.22 14.98 14.59 15.37 19.62 18.99 17.33 15.94 15.57 17.11 18.89 18.67 18.62 19.25 19.71 17.13 17.83 
40.03 36.22 37.33 33.82 49.81 33.71 41.59 35.24 35.43 33.23 38.18 39.78 49.22 42.43 40.8 41.96 47.22 45.43 33.39 41.86 41.16 38.32 35.48 40.69 39.2 42.11 32.96 43.45 45.17 35.31 
262.06 248.04 242.5 250.55 290.68 225.48 204.79 284.17 268.82 252.41 277.21 242.83 239.31 233.31 247.06 264.92 232.67 283.14 195.84 253.69 237.89 254.76 258.07 260.19 223.84 264.3 223.9 235.53 235.53 294.67 202.29 
136.42 123.87 152.37 156.73 145.29 130.98 150.85 139.57 137.75 140.3 150.28 176.11 162.63 142.28 147.64 128.23 111.25 161.72 159.98 149.87 129.94 144.91 149.98 138.52 129.99 158.56 140.95 139.04 153.11 141.87 159.58 
141.05 169.27 135.34 134.33 144.12 127.98 156.33 139.38 137.63 153.74 150.52 162.06 141.85 170.69 149.84 150.87 151.08 155.33 119.34 140.99 184.56 162.43 122.41 123.8 127.75 154.59 113.98 143.85 129.53 133.72 
44.74 49.99 42.85 43.46 40.83 38.76 45.75 52.25 54.75 46.35 52.85 43.41 42.49 47.33 43.81 48.05 57.56 38.73 43.56 50.81 41.44 52.46 48.99 48.45 52.63 48.89 49.91 42.04 51.59 42.78 40.28 
19.1 16.72 24.71 20.69 21.77 19.61 19.23 19.35 21.81 20.25 21.94 18.01 20.83 21.53 22.49 19.67 19.33 18.03 22.61 16.84 17.7 21.07 20.94 19.32 19.27 21.46 19.84 23.66 19.41 21.52 
2.81 3.04 2.89 3.24 2.97 2.78 2.32 3.01 3.17 2.79 2.62 2.66 2.86 2.7 2.69 2.75 2.45 2.59 2.76 2.94 2.94 2.75 2.41 2.82 3.28 2.86 3.57 3.04 3.17 2.54 2.62 
