2.78 3.26 3.21 2.62 2.73 3.13 2.52 2.66 2.92 2.94 2.54 2.83 3.17 3.14 2.64 3.07 3.19 2.69 3.03 3.3 2.75 2.52 2.87 2.73 2.48 2.75 2.61 2.7 2.7 2.58 2.63 
3.12 3.3 2.87 3.25 3.36 2.63 3.28 3.06 3.28 2.6 2.87 3.4 2.95 3.17 2.72 3.36 3.22 3.14 2.66 3.21 3.23 3.34 2.94 2.85 2.71 3.02 3.25 2.88 
12.96 13.69 12.36 12.41 12.93 13.52 13.26 11.25 11.3 13.85 10.94 13.66 12.88 12.34 11.62 11.5 15.16 12.35 11.64 13.69 10.12 12.7 11.42 11.68 10.91 13.43 12.37 11.72 13.3 12.63 9.45 
12.83 16.39 13.54 14.48 11.44 15.17 12.95 12.47 12.46 13.11 14.3 13.15 15.31 15.56 12.74 14.33 13.94 14.24 13.76 12.3 12.6 12.84 13.93 13.04 14.29 10.08 15.07 13.82 13.79 13.91 
11.36 10.24 11.82 12.79 10.84 13.14 13.83 12.26 10.51 11.03 12.27 9.68 10.24 11.86 10.54 9.96 13.26 10.23 12.24 10.91 10.21 12.57 12.18 9.63 11.41 11.25 13.92 11.7 10.09 9.45 11.93 
90.44 87.78 98.68 89.13 99.19 99.92 82.91 100.07 88.59 85.54 99.25 85.75 97.88 88.35 96.61 90.79 83.13 105.48 101.09 98.05 83.91 86.07 85.72 115.29 83.69 83.58 85.79 91.17 87.09 91.06 
296.03 318.18 257.32 323.94 303.86 357.23 304.14 332.83 310.56 294.82 364.8 311.78 299.22 298.66 317.16 312.7 265.68 289.61 296.2 325.36 340.91 367.21 288.65 344.99 282.7 292.96 247.39 266.56 257.38 292.99 331.19 
105.7 120.76 105.05 100.71 102.41 113.78 75.8 102.05 108.74 85.65 104.63 132.35 98.14 92.92 111.36 118.71 95.72 102.76 101.64 116.49 114.8 105.16 92.08 106.78 106.55 115.55 111.79 104.93 115.21 105.23 117.57 
4.67 4.42 3.56 4.35 4.17 4.26 4.23 4.34 3.54 4.22 4.61 5.5 4.1 3.9 3.48 3.84 3.72 4.63 4.65 4.28 4.65 4.41 3.77 4.23 4.09 4.32 4.73 4.25 3.79 4.7 
6.52 6.84 7.08 7.35 5.17 6.72 6.69 6.75 6.42 6.33 7.45 6.05 7.27 6.08 7.72 6.13 6.45 5.54 6.9 6.7 6.55 6.69 7.54 7.33 6.12 6.59 6.72 6.63 6.95 6.33 7.34 
32.78 31.84 32.33 29.6 40.83 38.65 36.99 33.07 27.41 31.31 34.04 38.59 30.59 43.35 29.8 39.5 29.23 32.31 34.25 35.64 29.17 30.33 33.3 27.4 31.34 34.22 29.27 30.27 35.48 34.82 
0.0 0.0 0.0 0.0 0.0 0.0 0.0 0.0 0.0 0.0 0.0 0.0 0.0 0.0 0.0 0.0 0.0 0.0 0.0 0.0 0.0 0.0 0.0 0.0 0.0 0.0 0.0 0.0 0.0 0.0 0.0 
