0101 6.0
0101 10.0
0102 10.4
0102 13.4
0103 9.4
0103 7.2
0104 6.6
0104 7.6
0105 7.4
0105 9.4
0106 9.8
0106 10.0
0107 10.2
0107 11.2
0108 10.4
0108 9.8
0109 9.4
0109 8.6
0110 8.0
0110 8.2
0111 8.6
0111 10.6
0112 10.0
0112 11.2
0113 12.2
0113 12.4
0114 8.6
0114 10.0
0115 6.6
0115 13.6
0116 10.0
0116 12.8
0117 9.6
0117 8.4
0118 4.4
0118 7.8
0119 3.6
0119 12.8
0120 11.8
0120 15.4
0121 14.4
0121 21.2
0122 13.2
0122 10.2
0123 10.8
0123 11.2
0124 11.0
0124 16.2
0125 11.2
0125 10.2
0126 7.4
0126 12.6
0127 9.2
0127 11.4
0128 7.4
0128 12.4
0129 10.0
0129 14.6
0130 10.2
0130 14.4
0131 10.6
0131 17.4
0201 13.2
0201 22.0
0202 14.6
0202 15.4
0203 13.6
0203 15.4
0204 13.4
0204 20.6
0205 13.8
0205 16.2
0206 13.6
0206 12.8
0207 11.6
0207 10.6
0208 7.2
0208 6.0
0209 6.0
0209 7.8
0210 8.0
0210 9.2
0211 9.8
0211 10.6
0212 11.0
0212 11.4
0213 8.4
0213 11.6
0214 11.0
0214 15.0
0215 12.4
0215 9.6
0216 9.6
0216 12.4
0217 11.8
0217 18.6
0218 15.8
0218 20.0
0219 11.6
0219 8.4
0220 7.8
0220 9.8
0221 9.4
0221 11.0
0222 11.0
0222 11.4
0223 10.0
0223 12.0
0224 11.0
0224 13.4
0225 13.4
0225 16.2
0226 14.4
0226 21.8
0227 14.4
0227 13.2
0228 13.2
0228 16.8
0301 15.2
0301 11.8
0302 9.0
0302 9.0
0303 8.0
0303 9.4
0304 6.8
0304 13.6
0305 7.6
0305 16.8
0306 10.4
0306 18.2
0307 12.2
0307 21.0
0308 14.0
0308 23.4
0309 14.4
0309 22.2
0310 16.2
0310 14.0
0311 11.2
0311 13.8
0312 10.8
0312 17.8
0313 14.8
0313 14.4
0314 11.0
0314 9.8
0315 9.8
0315 12.8
0316 12.6
0316 17.8
0317 16.0
0317 22.2
0318 19.2
0318 22.0
0319 18.2
0319 18.8
0320 18.6
0320 19.0
0321 11.8
0321 13.6
0322 13.2
0322 23.2
0323 18.0
0323 16.4
0324 14.8
0324 19.8
0325 13.8
0325 12.6
0326 9.0
0326 11.0
0327 11.4
0327 11.4
0328 11.4
0328 14.8
0329 13.8
0329 11.4
0330 11.4
0330 11.4
0331 14.2
0331 15.4
0401 12.8
0401 15.4
0402 15.6
0402 16.6
0403 12.6
0403 11.4
0404 11.4
0404 15.8
0405 11.4
0405 11.4
0406 17.8
0406 15.2
0407 10.4
0407 13.0
0408 10.8
0408 17.6
0409 15.8
0409 18.4
0410 14.2
0410 15.6
0411 14.6
0411 17.2
0412 14.6
0412 11.4
0413 11.4
0413 11.4
0414 17.0
0414 21.8
0415 16.6
0415 22.2
0416 16.2
0416 23.0
0417 21.2
0417 22.6
0418 20.8
0418 20.6
0419 17.2
0419 16.0
0420 14.8
0420 18.8
0421 13.6
0421 12.6
0422 13.0
0422 16.4
0423 16.2
0423 24.8
0424 21.8
0424 17.2
0425 17.4
0425 19.0
0426 18.6
0426 19.8
0427 17.6
0427 21.0
0428 17.4
0428 21.8
0429 19.6
0429 24.2
0430 22.6
0430 19.6
0501 14.2
0501 19.6
0502 16.2
0502 18.8
0503 16.6
0503 20.0
0504 16.8
0504 17.0
0505 16.8
0505 18.8
0506 18.6
0506 20.8
0507 20.2
0507 20.2
0508 21.0
0508 22.0
0509 20.6
0509 26.2
0510 23.2
0510 23.4
0511 18.8
0511 19.6
0512 19.4
0512 22.6
0513 21.4
0513 24.8
0514 23.4
0514 24.6
0515 22.8
0515 23.4
0516 23.4
0516 24.8
0517 24.6
0517 25.0
0518 23.4
0518 25.4
0519 25.6
0519 25.4
0520 24.0
0520 22.0
0521 22.2
0521 23.0
0522 23.4
0522 23.6
0523 23.6
0523 25.2
0524 24.2
0524 25.0
0525 24.4
0525 24.8
0526 24.0
0526 25.6
0527 25.8
0527 28.0
0528 26.0
0528 29.0
0529 27.2
0529 28.6
0530 26.4
0530 26.2
0531 25.0
0531 28.2
0601 26.2
0601 29.0
0602 25.8
0602 22.2
0603 21.0
0603 21.0
0604 21.2
0604 21.0
0605 21.8
0605 25.0
0606 23.8
0606 25.0
0607 24.2
0607 28.4
0608 27.0
0608 27.0
0609 26.8
0609 28.0
0610 23.6
0610 24.6
0611 22.4
0611 23.8
0612 21.4
0612 21.4
0613 20.8
0613 23.2
0614 21.8
0614 26.0
0615 24.4
0615 27.6
0616 26.0
0616 29.4
0617 26.4
0617 30.6
0618 27.2
0618 29.0
0619 27.4
0619 25.0
0620 25.4
0620 30.0
0621 28.2
0621 30.0
0622 29.0
0622 30.2
0623 28.0
0623 29.4
0624 28.0
0624 26.4
0625 27.8
0625 29.0
0626 27.8
0626 28.4
0627 28.0
0627 30.2
0628 29.2
0628 30.0
0629 28.4
0629 30.8
0630 27.8
0630 30.8
0701 28.2
0701 33.0
0702 30.0
0702 31.4
0703 28.8
0703 31.6
0704 29.2
0704 31.8
0705 29.0
0705 31.0
0706 28.8
0706 30.8
0707 29.6
0707 29.0
0708 27.8
0708 30.6
0709 27.8
0709 30.6
0710 27.8
0710 31.4
0711 28.2
0711 30.0
0712 26.8
0712 30.8
0713 26.0
0713 24.4
0714 25.2
0714 25.8
0715 25.8
0715 28.8
0716 26.0
0716 24.8
0717 25.4
0717 28.4
0718 26.0
0718 28.8
0719 27.0
0719 28.8
0720 25.4
0720 28.4
0721 24.8
0721 27.6
0722 26.6
0722 29.8
0723 26.4
0723 30.2
0724 28.4
0724 30.8
0725 28.4
0725 30.4
0726 28.2
0726 30.4
0727 27.2
0727 30.4
0728 27.6
0728 31.0
0729 28.0
0729 29.4
0730 28.6
0730 32.2
0731 28.8
0731 30.6
0801 27.4
0801 31.4
0802 28.8
0802 28.2
0803 26.0
0803 32.6
0804 27.8
0804 32.8
0805 29.0
0805 31.8
0806 29.6
0806 32.8
0807 28.4
0807 31.8
0808 29.4
0808 33.2
0809 29.8
0809 27.6
0810 25.6
0810 31.6
0811 28.6
0811 29.8
0812 28.0
0812 30.4
0813 29.4
0813 29.6
0814 29.0
0814 27.0
0815 24.2
0815 27.6
0816 26.0
0816 28.2
0817 26.0
0817 29.0
0818 25.8
0818 31.4
0819 27.8
0819 30.4
0820 28.2
0820 30.8
0821 28.8
0821 28.2
0822 25.8
0822 27.0
0823 26.8
0823 26.8
0824 25.8
0824 28.8
0825 26.2
0825 29.8
0826 27.6
0826 24.8
0827 26.6
0827 29.6
0828 27.4
0828 29.4
0829 27.0
0829 26.0
0830 25.2
0830 25.8
0831 26.4
0831 25.6
0901 23.6
0901 25.8
0902 25.0
0902 26.6
0903 25.2
0903 27.0
0904 23.6
0904 24.2
0905 23.6
0905 25.8
0906 23.4
0906 27.4
0907 26.2
0907 27.0
0908 26.2
0908 26.4
0909 25.8
0909 27.6
0910 25.4
0910 28.0
0911 25.8
0911 28.2
0912 27.4
0912 29.0
0913 27.4
0913 28.8
0914 26.6
0914 26.8
0915 25.8
0915 28.2
0916 26.0
0916 27.4
0917 24.2
0917 26.8
0918 25.2
0918 27.4
0919 25.4
0919 27.6
0920 25.6
0920 27.2
0921 24.6
0921 27.4
0922 28.8
0922 27.6
0923 25.6
0923 25.4
0924 25.2
0924 27.4
0925 24.2
0925 27.0
0926 23.8
0926 23.2
0927 22.8
0927 24.0
0928 22.8
0928 25.6
0929 23.4
0929 23.6
0930 24.2
0930 25.2
1001 22.8
1001 25.6
1002 23.0
1002 24.8
1003 21.0
1003 22.4
1004 19.6
1004 24.0
1005 20.8
1005 27.0
1006 23.6
1006 26.6
1007 26.8
1007 25.4
1008 23.4
1008 26.8
1009 24.8
1009 25.2
1010 23.8
1010 26.6
1011 25.2
1011 26.8
1012 23.6
1012 23.8
1013 22.4
1013 23.6
1014 23.0
1014 24.4
1015 22.0
1015 24.6
1016 21.4
1016 18.8
1017 17.6
1017 20.6
1018 19.6
1018 22.8
1019 20.2
1019 23.6
1020 21.6
1020 22.6
1021 21.0
1021 21.0
1022 19.0
1022 21.2
1023 17.6
1023 21.2
1024 17.6
1024 21.4
1025 18.4
1025 19.0
1026 15.2
1026 18.0
1027 15.2
1027 18.6
1028 15.2
1028 20.0
1029 17.4
1029 21.6
1030 18.0
1030 21.0
1031 20.8
1031 22.0
1101 21.2
1101 21.0
1102 20.6
1102 21.6
1103 21.0
1103 20.2
1104 19.0
1104 19.4
1105 17.6
1105 20.0
1106 18.2
1106 20.4
1107 18.8
1107 20.4
1108 17.2
1108 23.0
1109 22.6
1109 25.0
1110 23.2
1110 24.4
1111 19.0
1111 16.6
1112 15.6
1112 14.2
1113 15.0
1113 16.6
1114 17.8
1114 19.8
1115 17.4
1115 18.0
1116 16.8
1116 17.8
1117 13.8
1117 17.2
1118 12.6
1118 15.2
1119 10.8
1119 15.2
1120 10.6
1120 17.0
1121 14.4
1121 17.8
1122 13.8
1122 18.2
1123 16.6
1123 20.8
1124 17.6
1124 18.2
1125 12.6
1125 15.0
1126 12.0
1126 16.0
1127 13.0
1127 13.6
1128 12.2
1128 12.4
1129 7.4
1129 11.0
1130 7.0
1130 13.4
1201 8.4
1201 14.4
1202 8.4
1202 14.8
1203 9.4
1203 15.4
1204 10.2
1204 16.2
1205 11.4
1205 17.4
1206 14.0
1206 16.4
1207 16.0
1207 17.0
1209 16.0
1209 18.8
1210 13.6
1210 11.8
1211 11.2
1211 12.4
1212 11.6
1212 13.8
1213 11.8
1213 14.6
1214 12.8
1214 14.0
1215 12.8
1215 12.6
1216 11.6
1216 11.2
1217 11.4
1217 11.2
1218 9.0
1218 9.4
1219 7.0
1219 10.0
1220 5.4
1220 9.2
1221 7.0
1221 7.8
1222 3.6
1222 9.6
1223 8.6
1223 11.8
1224 10.6
1224 10.4
1225 8.8
1225 11.8
1226 10.6
1226 11.0
1227 6.8
1227 7.4
1228 3.8
1228 9.0
1229 6.2
1229 7.8
1230 3.6
1230 9.8
1231 5.2
1231 13.0
