0101 6.0
0101 10.0
0102 10.4
0102 13.4
0103 9.4
0103 7.2
0104 6.6
0104 7.6
0105 7.4
0105 9.4
0106 9.8
0106 10.0
0107 10.2
0107 11.2
0108 10.4
0108 9.8
0109 9.4
0109 8.6
0110 8.0
0110 8.2
0111 8.6
0111 10.6
0112 10.0
0112 11.2
0113 12.2
0113 12.4
0114 8.6
0114 10.0
0115 6.6
0115 13.6
0116 10.0
0116 12.8
0117 9.6
0117 8.4
0118 4.4
0118 7.8
0119 3.6
0119 12.8
0120 11.8
0120 15.4
0121 14.4
0121 21.2
0122 13.2
0122 10.2
0123 10.8
0123 11.2
0124 11.0
0124 16.2
0125 11.2
0125 10.2
0126 7.4
0126 12.6
0127 9.2
0127 11.4
0128 7.4
0128 12.4
0129 10.0
0129 14.6
0130 10.2
0130 14.4
0131 10.6
0131 17.4
0201 13.2
0201 22.0
0202 14.6
0202 15.4
0203 13.6
0203 15.4
0204 13.4
0204 20.6
0205 13.8
0205 16.2
0206 13.6
0206 12.8
0207 11.6
0207 10.6
0208 7.2
0208 6.0
0209 6.0
0209 7.8
0210 8.0
0210 9.2
0211 9.8
0211 10.6
0212 11.0
0212 11.4
0213 8.4
0213 11.6
0214 11.0
0214 15.0
0215 12.4
0215 9.6
0216 9.6
0216 12.4
0217 11.8
0217 18.6
0218 15.8
0218 20.0
0219 11.6
0219 8.4
0220 7.8
0220 9.8
0221 9.4
0221 11.0
0222 11.0
0222 11.4
0223 10.0
0223 12.0
0224 11.0
0224 13.4
0225 13.4
0225 16.2
0226 14.4
0226 21.8
0227 14.4
0227 13.2
0228 13.2
0228 16.8
0301 15.2
0301 11.8
0302 9.0
0302 9.0
0303 8.0
0303 9.4
0304 6.8
0304 13.6
0305 7.6
0305 16.8
0306 10.4
0306 18.2
0307 12.2
0307 21.0
0308 14.0
0308 23.4
0309 14.4
0309 22.2
0310 16.2
0310 14.0
0311 11.2
0311 13.8
0312 10.8
0312 17.8
0313 14.8
0313 14.4
0314 11.0
0314 9.8
0315 9.8
0315 12.8
0316 12.6
0316 17.8
0317 16.0
0317 22.2
0318 19.2
0318 22.0
0319 18.2
0319 18.8
0320 18.6
0320 19.0
0321 11.8
0321 13.6
0322 13.2
0322 23.2
0323 18.0
0323 16.4
0324 14.8
0324 19.8
0325 13.8
0325 12.6
0326 9.0
0326 11.0
0327 11.4
0327 11.4
0328 11.4
0328 14.8
0329 13.8
0329 11.4
0330 11.4
0330 11.4
0331 14.2
0331 15.4
0401 12.8
0401 15.4
0402 15.6
0402 16.6
0403 12.6
0403 11.4
0404 11.4
0404 15.8
0405 11.4
0405 11.4
0406 17.8
0406 15.2
0407 10.4
0407 13.0
0408 10.8
0408 17.6
0409 15.8
0409 18.4
0410 14.2
0410 15.6
0411 14.6
0411 17.2
0412 14.6
0412 11.4
0413 11.4
0413 11.4
0414 17.0
0414 21.8
0415 16.6
0415 22.2
0416 16.2
0416 23.0
0417 21.2
0417 22.6
0418 20.8
0418 20.6
0419 17.2
0419 16.0
0420 14.8
0420 18.8
0421 13.6
0421 12.6
0422 13.0
0422 16.4
0423 16.2
0423 24.8
0424 21.8
0424 17.2
0425 17.4
0425 19.0
0426 18.6
0426 19.8
0427 17.6
0427 21.0
0428 17.4
0428 21.8
0429 19.6
0429 24.2
0430 22.6
0430 19.6
0501 14.2
0501 19.6
0502 16.2
0502 18.8
0503 16.6
0503 20.0
0504 16.8
0504 17.0
0505 16.8
0505 18.8
0506 18.6
0506 20.8
0507 20.2
0507 20.2
0508 21.0
0508 22.0
0509 20.6
0509 26.2
0510 23.2
0510 23.4
0511 18.8
0511 19.6
0512 19.4
0512 22.6
0513 21.4
0513 24.8
0514 23.4
0514 24.6
0515 22.8
0515 23.4
0516 23.4
0516 24.8
0517 24.6
0517 25.0
0518 23.4
0518 25.4
0519 25.6
0519 25.4
0520 24.0
0520 22.0
0521 22.2
0521 23.0
0522 23.4
0522 23.6
0523 23.6
0523 25.2
0524 24.2
0524 25.0
0525 24.4
0525 24.8
0526 24.0
0526 25.6
0527 25.8
0527 28.0
0528 26.0
0528 29.0
0529 27.2
0529 28.6
0530 26.4
0530 26.2
0531 25.0
0531 28.2
0601 26.2
0601 29.0
0602 25.8
0602 22.2
0603 21.0
0603 21.0
0604 21.2
0604 21.0
0605 21.8
0605 25.0
0606 23.8
0606 25.0
0607 24.2
0607 28.4
0608 27.0
0608 27.0
0609 26.8
0609 28.0
0610 23.6
0610 24.6
0611 22.4
0611 23.8
0612 21.4
0612 21.4
0613 20.8
0613 23.2
0614 21.8
0614 26.0
0615 24.4
0615 27.6
0616 26.0
0616 29.4
0617 26.4
0617 30.6
0618 27.2
0618 29.0
0619 27.4
0619 25.0
0620 25.4
0620 30.0
0621 28.2
0621 30.0
0622 29.0
0622 30.2
0623 28.0
0623 29.4
0624 28.0
0624 26.4
0625 27.8
0625 29.0
0626 27.8
0626 28.4
0627 28.0
0627 30.2
0628 29.2
0628 30.0
0629 28.4
0629 30.8
0630 27.8
0630 30.8
0701 28.2
0701 33.0
0702 30.0
0702 31.4
0703 28.8
0703 31.6
0704 29.2
0704 31.8
0705 29.0
0705 31.0
0706 28.8
0706 30.8
0707 29.6
0707 29.0
0708 27.8
0708 30.6
0709 27.8
0709 30.6
0710 27.8
0710 31.4
0711 28.2
0711 30.0
0712 26.8
0712 30.8
0713 26.0
0713 24.4
0714 25.2
0714 25.8
0715 25.8
0715 28.8
0716 26.0
0716 24.8
0717 25.4
0717 28.4
0718 26.0
0718 28.8
0719 27.0
0719 28.8
0720 25.4
0720 28.4
0721 24.8
0721 27.6
0722 26.6
0722 29.8
0723 26.4
0723 30.2
0724 28.4
0724 30.8
0725 28.4
0725 30.4
0726 28.2
0726 30.4
0727 27.2
0727 30.4
0728 27.6
0728 31.0
0729 28.0
0729 29.4
0730 28.6
0730 32.2
0731 28.8
0731 30.6
0801 27.4
0801 31.4
0802 28.8
0802 28.2
0803 26.0
0803 32.6
0804 27.8
0804 32.8
0805 29.0
0805 31.8
0806 29.6
0806 32.8
0807 28.4
0807 31.8
0808 29.4
0808 33.2
0809 29.8
0809 27.6
0810 25.6
0810 31.6
0811 28.6
0811 29.8
0812 28.0
0812 30.4
0813 29.4
0813 29.6
0814 29.0
0814 27.0
0815 24.2
0815 27.6
0816 26.0
0816 28.2
0817 26.0
0817 29.0
0818 25.8
0818 31.4
0819 27.8
0819 30.4
0820 28.2
0820 30.8
0821 28.8
0821 28.2
0822 25.8
0822 27.0
0823 26.8
0823 26.8
0824 25.8
0824 28.8
0825 26.2
0825 29.8
0826 27.6
0826 24.8
0827 26.6
0827 29.6
0828 27.4
0828 29.4
0829 27.0
0829 26.0
0830 25.2
0830 25.8
0831 26.4
0831 25.6
0901 23.6
0901 25.8
0902 25.0
0902 26.6
0903 25.2
0903 27.0
0904 23.6
0904 24.2
0905 23.6
0905 25.8
0906 23.4
0906 27.4
0907 26.2
0907 27.0
0908 26.2
0908 26.4
0909 25.8
0909 27.6
0910 25.4
0910 28.0
0911 25.8
0911 28.2
0912 27.4
0912 29.0
0913 27.4
0913 28.8
0914 26.6
0914 26.8
0915 25.8
0915 28.2
0916 26.0
0916 27.4
0917 24.2
0917 26.8
0918 25.2
0918 27.4
0919 25.4
0919 27.6
0920 25.6
0920 27.2
0921 24.6
0921 27.4
0922 28.8
0922 27.6
0923 25.6
0923 25.4
0924 25.2
0924 27.4
0925 24.2
0925 27.0
0926 23.8
0926 23.2
0927 22.8
0927 24.0
0928 22.8
0928 25.6
0929 23.4
0929 23.6
0930 24.2
0930 25.2
1001 22.8
1001 25.6
1002 23.0
1002 24.8
1003 21.0
1003 22.4
1004 19.6
1004 24.0
1005 20.8
1005 27.0
1006 23.6
1006 26.6
1007 26.8
1007 25.4
1008 23.4
1008 26.8
1009 24.8
1009 25.2
1010 23.8
1010 26.6
1011 25.2
1011 26.8
1012 23.6
1012 23.8
1013 22.4
1013 23.6
1014 23.0
1014 24.4
1015 22.0
1015 24.6
1016 21.4
1016 18.8
1017 17.6
1017 20.6
1018 19.6
1018 22.8
1019 20.2
1019 23.6
1020 21.6
1020 22.6
1021 21.0
1021 21.0
1022 19.0
1022 21.2
1023 17.6
1023 21.2
1024 17.6
1024 21.4
1025 18.4
1025 19.0
1026 15.2
1026 18.0
1027 15.2
1027 18.6
1028 15.2
1028 20.0
1029 17.4
1029 21.6
1030 18.0
1030 21.0
1031 20.8
1031 22.0
1101 21.2
1101 21.0
1102 20.6
1102 21.6
1103 21.0
1103 20.2
1104 19.0
1104 19.4
1105 17.6
1105 20.0
1106 18.2
1106 20.4
1107 18.8
1107 20.4
1108 17.2
1108 23.0
1109 22.6
1109 25.0
1110 23.2
1110 24.4
1111 19.0
1111 16.6
1112 15.6
1112 14.2
1113 15.0
1113 16.6
1114 17.8
1114 19.8
1115 17.4
1115 18.0
1116 16.8
1116 17.8
1117 13.8
1117 17.2
1118 12.6
1118 15.2
1119 10.8
1119 15.2
1120 10.6
1120 17.0
1121 14.4
1121 17.8
1122 13.8
1122 18.2
1123 16.6
1123 20.8
1124 17.6
1124 18.2
1125 12.6
1125 15.0
1126 12.0
1126 16.0
1127 13.0
1127 13.6
1128 12.2
1128 12.4
1129 7.4
1129 11.0
1130 7.0
1130 13.4
1201 8.4
1201 14.4
1202 8.4
1202 14.8
1203 9.4
1203 15.4
1204 10.2
1204 16.2
1205 11.4
1205 17.4
1206 14.0
1206 16.4
1207 16.0
1207 17.0
1209 16.0
1209 18.8
1210 13.6
1210 11.8
1211 11.2
1211 12.4
1212 11.6
1212 13.8
1213 11.8
1213 14.6
1214 12.8
1214 14.0
1215 12.8
1215 12.6
1216 11.6
1216 11.2
1217 11.4
1217 11.2
1218 9.0
1218 9.4
1219 7.0
1219 10.0
1220 5.4
1220 9.2
1221 7.0
1221 7.8
1222 3.6
1222 9.6
1223 8.6
1223 11.8
1224 10.6
1224 10.4
1225 8.8
1225 11.8
1226 10.6
1226 11.0
1227 6.8
1227 7.4
1228 3.8
1228 9.0
1229 6.2
1229 7.8
1230 3.6
1230 9.8
1231 5.2
1231 13.0
0101 12.2
0102 9.6
0102 16.4
0103 12.4
0103 20.4
0104 11.8
0104 13.4
0105 7.6
0105 11.0
0106 7.8
0106 14.0
0107 12.0
0107 15.8
0108 14.8
0108 15.0
0109 9.8
0109 8.8
0110 7.6
0111 10.0
0111 14.8
0112 11.2
0112 10.8
0113 10.0
0113 10.0
0114 7.8
0114 8.0
0115 4.4
0115 7.2
0116 5.4
0116 10.6
0117 6.0
0117 11.8
0118 6.8
0118 9.8
0119 5.6
0119 13.2
0120 7.8
0120 12.4
0121 8.0
0121 8.0
0122 3.2
0122 6.4
0123 2.2
0123 12.0
0124 6.2
0124 13.4
0125 8.8
0125 18.2
0126 11.8
0126 11.2
0127 8.0
0127 12.4
0128 8.2
0128 16.2
0129 10.4
0129 16.6
0130 11.2
0130 21.4
0131 12.8
0131 19.0
0201 13.6
0201 19.8
0202 13.2
0202 20.2
0203 14.0
0203 14.8
0204 11.2
0204 9.2
0205 8.2
0205 10.4
0206 11.0
0206 15.4
0207 12.4
0207 12.8
0208 10.6
0208 9.0
0209 6.6
0209 6.6
0210 5.4
0210 5.6
0211 4.2
0211 5.8
0212 6.0
0212 8.2
0213 7.6
0213 8.0
0214 6.4
0214 8.0
0215 7.0
0215 7.4
0216 8.0
0216 11.0
0217 10.4
0217 20.2
0218 10.6
0218 9.4
0219 6.6
0219 7.6
0220 4.8
0220 7.6
0221 5.2
0221 9.6
0222 7.8
0222 11.6
0223 10.8
0223 14.4
0224 13.2
0224 15.6
0225 14.0
0225 16.2
0226 14.0
0226 17.4
0227 14.0
0227 14.6
0228 13.6
0228 16.4
0301 14.6
0301 14.4
0302 10.4
0302 10.6
0303 8.2
0303 11.0
0304 9.2
0304 14.2
0305 10.4
0305 10.8
0306 8.8
0306 7.4
0307 7.4
0307 -75.1
0308 10.2
0309 9.2
0309 9.4
0310 8.0
0310 12.6
0311 11.6
0311 11.4
0312 11.4
0312 13.2
0313 16.2
0313 13.4
0314 10.4
0314 11.0
0315 9.4
0315 16.4
0316 14.4
0316 16.4
0317 14.0
0317 21.2
0318 17.0
0318 23.4
0320 18.8
0320 11.8
0321 10.6
0321 10.8
0322 8.8
0322 12.4
0323 10.6
0323 16.6
0324 14.2
0324 19.0
0325 15.0
0325 21.6
0326 17.4
0326 25.6
0327 19.2
0327 18.6
0328 18.2
0328 22.6
0329 19.6
0329 21.2
0330 18.0
0330 18.4
0331 16.2
0331 14.0
0401 14.6
0401 15.8
0402 15.0
0402 16.8
0403 15.8
0403 19.0
0404 15.2
0404 14.8
0405 18.6
0406 15.2
0406 12.8
0407 10.6
0407 15.4
0408 14.6
0408 17.2
0409 16.6
0409 19.4
0410 15.8
0410 18.4
0411 16.0
0411 20.8
0412 18.2
0412 25.4
0413 21.6
0413 20.6
0414 17.2
0414 17.2
0415 15.0
0415 17.6
0416 17.2
0416 22.6
0417 20.2
0417 25.4
0418 23.0
0418 22.2
0419 19.6
0419 24.4
0420 17.6
0420 17.6
0421 17.6
0421 19.2
0422 17.6
0422 16.0
0423 16.6
0423 13.6
0424 14.0
0424 18.2
0425 17.4
0425 20.8
0426 19.4
0426 20.6
0427 19.8
0427 25.6
0428 19.2
0428 20.6
0429 19.8
0429 20.2
0430 18.4
0430 18.0
0501 17.4
0501 19.8
0502 20.2
0502 23.2
0503 20.6
0503 21.8
0504 20.8
0504 20.8
0505 16.6
0505 17.4
0506 14.8
0506 17.4
0507 16.2
0507 17.0
0508 18.2
0508 24.4
0509 18.2
0509 18.0
0510 17.8
0510 20.4
0511 20.2
0511 26.0
0512 23.4
0512 20.0
0513 19.4
0513 22.4
0514 22.8
0514 27.8
0515 24.6
0515 19.4
0516 21.0
0516 19.8
0517 21.2
0517 21.6
0518 21.8
0518 24.4
0519 20.4
0519 21.6
0520 21.4
0520 26.2
0521 21.4
0521 23.4
0522 19.0
0522 20.0
0523 19.8
0523 21.0
0524 21.4
0524 25.2
0525 24.0
0525 24.4
0526 24.4
0526 23.2
0527 23.4
0527 27.0
0528 25.4
0528 28.2
0529 24.0
0529 25.0
0530 23.4
0530 21.4
0531 21.8
0531 24.4
0601 23.4
0601 27.0
0602 24.2
0602 25.2
0603 25.4
0603 24.8
0604 24.0
0604 27.0
0605 23.6
0605 25.6
0606 22.6
0606 22.4
0607 22.0
0607 23.6
0608 23.6
0608 25.2
0609 23.8
0609 25.8
0610 24.6
0610 27.0
0611 25.8
0611 25.4
0612 23.8
0612 25.6
0613 23.0
0613 25.8
0614 24.4
0614 27.4
0615 24.4
0615 26.6
0616 25.0
0616 24.8
0617 25.8
0617 28.8
0618 24.8
0618 25.0
0619 25.0
0619 25.2
0620 25.2
0620 28.6
0621 28.0
0621 29.0
0622 29.0
0622 28.4
0623 25.8
0623 24.2
0624 22.2
0624 21.8
0625 22.4
0625 28.6
0626 27.0
0626 29.4
0627 27.8
0627 29.8
0628 27.8
0628 25.2
0629 25.4
0629 27.2
0630 26.4
0630 30.0
0701 29.2
0701 30.6
0702 29.2
0702 31.0
0703 29.2
0703 29.4
0704 29.2
0704 30.0
0705 29.2
0705 30.4
0706 29.2
0706 26.0
0707 27.2
0707 29.4
0708 27.8
0708 28.8
0709 28.4
0709 26.4
0710 27.8
0710 31.2
0711 29.8
0711 31.6
0712 30.2
0712 32.2
0713 30.2
0713 31.6
0714 29.4
0714 28.0
0715 26.6
0715 31.4
0716 28.4
0716 30.0
0717 28.8
0717 30.0
0718 29.0
0718 29.6
0719 27.2
0719 29.6
0720 28.2
0720 29.8
0721 28.4
0721 30.0
0722 28.6
0722 30.2
0723 27.4
0723 26.4
0724 25.4
0724 27.0
0725 26.0
0725 29.2
0726 27.2
0726 30.4
0727 28.2
0727 30.0
0728 28.4
0728 30.0
0729 27.6
0729 29.8
0730 27.6
0730 30.6
0731 27.6
0731 27.6
0801 28.4
0801 33.8
0802 29.0
0802 28.2
0803 26.6
0803 30.2
0804 27.8
0804 31.0
0805 28.0
0805 30.4
0806 28.0
0806 30.0
0807 27.6
0807 29.6
0808 28.4
0808 30.6
0809 28.0
0809 27.2
0810 -31.4
0810 28.0
0811 26.2
0811 28.2
0812 26.2
0812 29.0
0813 25.6
0813 27.6
0814 27.4
0814 25.4
0815 26.6
0815 29.6
0816 27.8
0816 29.2
0817 27.4
0817 24.6
0818 25.6
0818 25.4
0819 27.4
0819 26.2
0820 25.6
0820 25.2
0821 24.8
0821 29.2
0822 26.4
0822 28.8
0823 26.6
0823 29.4
0824 27.6
0824 30.4
0825 27.2
0825 31.2
0826 27.6
0826 29.4
0827 28.4
0827 29.6
0828 25.8
0828 30.0
0829 26.0
0829 30.0
0830 26.8
0830 26.2
0831 25.8
0831 29.2
0901 27.2
0901 30.4
0902 27.0
0902 30.2
0903 27.4
0903 25.4
0904 25.0
0904 27.2
0905 26.4
0905 28.4
0906 26.8
0906 29.0
0907 26.8
0907 29.6
0908 27.6
0908 30.2
0909 27.8
0909 31.0
0910 28.6
0910 30.2
0911 27.0
0911 27.4
0912 27.4
0912 29.2
0913 27.0
0913 26.6
0914 27.6
0914 28.2
0915 27.4
0915 28.4
0916 27.6
0916 29.2
0917 28.0
0917 29.2
0918 27.4
0918 29.4
0919 28.0
0919 28.2
0920 25.2
0920 24.8
0921 24.6
0921 24.8
0922 26.0
0923 24.8
0923 28.0
0924 24.6
0924 28.4
0925 26.2
0925 26.0
0926 25.8
0926 26.8
0927 25.4
0927 27.2
0928 26.6
0928 27.4
0929 26.2
0929 29.8
0930 27.4
0930 26.8
1001 24.6
1001 25.0
1002 24.6
1002 26.6
1003 24.4
1003 24.4
1004 21.8
1004 22.4
1005 19.6
1005 23.4
1006 20.4
1006 22.6
1007 20.2
1007 22.6
1008 21.8
1008 23.6
1009 21.0
1009 24.6
1010 23.2
1010 25.0
1011 22.8
1011 26.6
1012 22.0
1012 26.0
1013 21.2
1013 22.4
1014 19.6
1014 20.4
1015 19.0
1015 20.6
1016 18.0
1016 20.4
1017 17.2
1017 22.4
1018 20.0
1018 21.6
1019 18.8
1019 23.4
1020 21.0
1020 24.4
1021 21.6
1021 27.8
1022 24.0
1022 20.6
1023 19.8
1023 20.6
1024 18.0
1024 21.4
1025 18.6
1025 21.8
1026 18.8
1026 23.4
1027 20.4
1027 21.8
1028 20.2
1028 20.6
1029 20.0
1029 22.6
1030 21.6
1030 23.8
1031 21.8
1031 24.4
1101 21.8
1101 24.2
1102 20.8
1102 19.4
1103 16.6
1103 17.4
1104 14.6
1104 18.0
1105 15.8
1105 19.8
1106 18.6
1106 20.4
1107 18.4
1107 18.8
1108 16.8
1108 19.2
1109 18.4
1109 19.2
1110 18.2
1110 19.6
1111 18.0
1111 19.0
1112 17.0
1112 17.2
1113 16.0
1113 15.8
1114 15.0
1114 16.2
1115 16.0
1115 17.2
1116 16.6
1116 19.8
1117 18.0
1117 18.4
1118 14.2
1118 16.4
1119 13.6
1119 17.2
1120 13.2
1120 18.2
1121 16.8
1121 19.6
1122 17.6
1122 21.6
1123 20.2
1123 21.6
1124 18.8
1124 22.4
1125 18.8
1125 20.4
1126 18.2
1126 18.4
1127 17.6
1127 20.0
1128 19.2
1128 22.6
1129 19.6
1129 20.2
1130 19.6
1130 22.0
1201 16.6
1201 14.2
1202 12.4
1202 12.6
1203 12.2
1203 14.4
1204 10.6
1204 12.2
1205 10.2
1205 11.2
1206 8.2
1206 10.8
1207 10.2
1207 15.8
1208 14.8
1208 13.4
1209 12.0
1209 13.6
1210 12.8
1210 15.8
1211 14.8
1211 12.2
1212 10.0
1212 11.2
1213 7.8
1213 10.0
1214 6.6
1214 11.8
1215 11.6
1215 14.4
1216 12.0
1216 11.8
1217 6.0
1217 8.2
1218 5.4
1218 10.6
1219 10.4
1219 10.8
1220 7.4
1220 11.2
1221 7.6
1221 10.6
1222 5.8
1222 8.0
1223 6.4
1223 14.6
1224 13.4
1224 15.0
1225 12.4
1225 13.2
1226 9.4
1226 12.2
1227 11.0
1227 12.0
1228 11.0
1228 12.0
1229 8.0
1229 12.0
1230 6.4
1230 12.6
1231 6.6
1231 16.2
0101 8.6
0102 4.4
0102 9.0
0103 4.8
0103 12.0
0104 7.4
0104 14.6
0105 10.8
0105 14.8
0106 14.0
0106 14.6
0107 10.2
0107 10.0
0108 9.0
0108 9.4
0109 60.0
0109 9.8
0110 7.8
0110 12.2
0111 10.8
0111 14.0
0112 12.6
0112 11.4
0113 7.6
0113 9.4
0114 10.0
0114 11.2
0115 9.0
0115 10.0
0116 6.2
0116 13.2
0117 9.8
0117 8.6
0118 5.8
0118 13.2
0119 8.4
0119 10.4
0120 6.8
0120 13.4
0121 9.8
0121 16.8
0122 8.8
0122 11.8
0123 6.6
0123 12.8
0124 7.6
0124 15.6
0125 12.0
0125 16.8
0126 14.2
0126 15.0
0127 13.6
0127 11.4
0128 9.4
0128 10.0
0129 9.8
0129 12.6
0130 10.6
0130 9.2
0131 7.6
0131 8.2
0201 7.6
0202 9.6
0202 11.6
0203 10.8
0203 13.2
0204 9.6
0204 9.0
0205 8.4
0205 8.6
0206 6.4
0206 8.4
0207 7.0
0207 12.0
0208 10.0
0208 9.4
0209 5.6
0209 6.2
0210 2.8
0210 9.0
0211 7.0
0211 15.0
0212 9.8
0212 14.0
0213 7.2
0213 16.2
0214 11.0
0214 17.8
0215 13.2
0215 14.0
0216 12.4
0216 18.0
0217 14.0
0217 14.2
0218 13.0
0218 12.0
0219 10.4
0219 12.2
0220 9.6
0220 14.8
0221 11.8
0221 15.8
0222 14.8
0222 13.8
0223 12.2
0223 11.4
0224 11.8
0224 13.6
0225 13.2
0225 18.6
0226 14.4
0226 13.0
0227 11.8
0227 11.4
0228 10.0
0228 14.2
0301 12.2
0301 10.4
0302 9.6
0302 11.8
0303 11.0
0303 13.0
0304 9.4
0304 7.8
0305 7.0
0305 7.8
0306 8.8
0306 9.4
0307 9.6
0307 9.8
0308 9.6
0308 11.4
0309 12.2
0309 12.4
0310 10.0
0310 7.6
0311 7.2
0311 8.0
0312 8.4
0312 12.6
0313 8.0
0313 16.8
0314 13.0
0314 16.8
0315 14.4
0315 15.8
0316 14.2
0316 18.6
0317 15.0
0317 21.8
0318 17.8
0318 24.2
0319 20.2
0319 18.2
0320 17.2
0320 17.8
0321 16.0
0321 15.8
0322 15.6
0322 17.0
0323 15.4
0323 11.8
0324 12.2
0324 13.0
0325 11.6
0325 11.8
0326 11.6
0326 12.2
0327 13.8
0327 16.6
0328 14.6
0328 17.4
0329 15.8
0329 19.2
0330 16.4
0330 23.4
0331 20.4
0331 26.4
0401 22.6
0401 26.8
0402 22.2
0402 26.8
0403 23.6
0403 26.4
0404 22.0
0404 26.4
0405 22.8
0405 28.4
0406 23.8
0406 19.2
0407 15.6
0407 13.2
0408 10.4
0408 11.4
0409 10.6
0409 11.6
0410 12.0
0410 12.2
0411 12.6
0411 11.2
0412 12.2
0412 17.4
0413 16.4
0413 18.6
0414 12.6
0414 20.0
0415 13.0
0415 21.8
0416 17.4
0416 25.2
0417 19.8
0417 20.6
0418 18.6
0418 22.8
0419 21.8
0419 25.2
0420 22.4
0420 17.4
0421 15.0
0421 16.6
0422 17.2
0422 19.4
0423 15.4
0423 17.4
0424 17.0
0424 20.8
0425 19.0
0425 19.4
0426 19.2
0426 20.8
0427 19.8
0427 23.4
0428 19.6
0428 20.8
0429 20.6
0429 27.2
0430 21.4
0430 22.0
0501 20.6
0501 22.4
0502 21.4
0502 26.8
0503 24.6
0503 25.2
0504 20.0
0504 19.4
0505 14.8
0505 17.2
0506 17.4
0506 21.6
0507 20.8
0507 23.0
0508 19.8
0508 22.0
0509 20.8
0509 23.0
0510 20.8
0510 21.0
0511 21.2
0511 24.0
0512 19.8
0512 21.4
0513 18.0
0513 26.4
0514 22.8
0514 28.2
0515 26.0
0515 29.0
0516 27.4
0516 22.2
0517 20.8
0517 23.0
0518 23.2
0518 28.2
0519 25.0
0519 24.0
0520 23.4
0520 22.0
0521 18.0
0521 15.4
0522 16.4
0522 20.0
0523 19.6
0523 21.0
0524 20.6
0524 20.8
0525 20.8
0525 22.0
0526 19.8
0526 20.4
0527 21.2
0527 25.2
0528 25.0
0528 25.6
0529 24.6
0529 28.8
0530 27.8
0530 25.8
0531 23.8
0531 22.2
0601 22.0
0601 27.4
0602 26.2
0602 29.4
0603 27.6
0603 28.8
0604 19.4
0604 20.0
0605 20.8
0605 23.0
0606 20.8
0606 21.0
0607 21.6
0607 27.8
0608 25.6
0608 28.8
0609 26.4
0609 29.6
0610 27.8
0610 25.0
0611 25.8
0611 26.0
0612 25.4
0612 27.6
0613 25.6
0613 28.2
0614 25.4
0614 27.6
0615 26.8
0615 30.6
0616 27.2
0616 30.8
0617 29.2
0617 30.8
0618 29.2
0618 24.2
0619 23.6
0619 23.0
0620 24.2
0620 25.4
0621 24.4
0621 25.6
0622 25.0
0622 27.0
0623 27.2
0623 28.8
0624 26.6
0624 28.0
0625 27.2
0625 30.6
0626 29.4
0626 31.4
0627 30.6
0627 31.6
0628 29.8
0628 31.2
0629 29.8
0629 31.2
0630 29.8
0630 31.0
0701 29.2
0701 31.2
0702 29.2
0702 25.2
0703 25.0
0703 25.4
0704 24.4
0704 24.4
0705 23.4
0705 25.2
0706 25.0
0706 26.0
0707 23.2
0707 23.4
0708 24.6
0708 25.4
0709 27.2
0709 29.2
0710 26.8
0710 30.8
0711 29.6
0711 30.6
0712 29.0
0712 32.6
0713 28.0
0713 30.4
0714 27.8
0714 29.2
0715 27.6
0715 28.8
0716 27.2
0716 28.8
0717 27.8
0717 28.8
0718 26.8
0718 28.8
0719 26.8
0719 28.8
0720 25.2
0720 25.6
0721 25.4
0721 25.4
0722 26.2
0722 26.6
0723 26.0
0723 28.0
0724 26.2
0724 27.0
0725 28.0
0725 30.4
0726 28.2
0726 29.8
0727 28.4
0727 30.8
0728 28.2
0728 26.2
0729 25.8
0729 30.2
0730 26.0
0730 30.4
0731 26.6
0731 31.2
0801 27.4
0801 31.0
0802 27.4
0802 30.2
0803 27.0
0803 30.4
0804 27.2
0804 29.8
0805 26.6
0805 28.8
0806 26.8
0806 30.2
0807 27.4
0807 30.2
0808 25.6
0808 25.6
0809 23.8
0809 24.8
0810 25.8
0810 27.2
0811 27.0
0811 29.0
0812 28.2
0812 29.0
0813 27.2
0813 26.8
0814 26.4
0814 26.0
0815 26.0
0815 29.4
0816 27.0
0816 28.0
0817 26.6
0817 27.4
0818 26.2
0818 27.8
0819 25.6
0819 25.2
0820 25.2
0820 29.0
0821 27.2
0821 29.0
0822 27.6
0823 25.6
0823 29.6
0824 27.4
0824 30.6
0825 26.6
0825 28.2
0826 26.2
0826 27.6
0827 26.8
0827 26.4
0828 25.0
0828 23.8
0829 23.6
0829 25.6
0830 23.6
0830 23.8
0831 21.8
0831 23.2
0901 22.6
0901 23.8
0902 23.8
0902 26.8
0903 23.4
0903 28.8
0904 24.6
0904 24.8
0905 24.2
0905 28.0
0906 25.8
0906 26.8
0907 24.0
0907 26.8
0908 24.8
0908 26.4
0909 24.4
0909 25.4
0910 24.8
0910 25.4
0911 24.6
0911 25.6
0912 23.6
0912 26.8
0913 23.2
0913 23.8
0914 23.4
0914 24.2
0915 23.2
0915 25.6
0916 23.4
0916 24.4
0917 24.0
0917 25.0
0918 23.6
0918 25.0
0919 24.2
0919 23.8
0920 20.0
0920 21.0
0921 21.0
0921 21.4
0922 21.2
0922 24.4
0923 23.8
0923 27.4
0924 25.2
0924 25.0
0925 24.2
0925 25.2
0926 22.8
0926 25.4
0927 23.4
0927 24.6
0928 24.2
0928 25.8
0929 25.6
0929 25.0
0930 24.6
0930 25.8
1001 24.4
1001 26.6
1002 22.4
1002 22.4
1003 22.0
1003 25.4
1004 23.6
1004 25.0
1005 24.8
1005 25.4
1006 24.0
1006 24.8
1007 23.4
1007 24.0
1008 22.2
1008 22.8
1009 21.4
1009 21.0
1010 20.4
1010 22.4
1011 19.8
1011 21.4
1012 17.6
1012 21.2
1013 17.8
1013 20.8
1014 17.8
1014 21.6
1015 18.0
1015 22.2
1016 18.0
1016 22.8
1017 20.8
1017 22.2
1018 19.8
1018 22.6
1019 21.2
1019 23.2
1020 21.6
1020 21.8
1021 21.6
1021 23.8
1022 22.8
1022 23.2
1023 20.0
1023 25.2
1024 22.6
1024 23.8
1025 21.2
1025 22.4
1026 20.0
1026 23.0
1027 20.6
1027 25.4
1028 21.0
1028 20.8
1029 20.4
1029 23.8
1030 21.8
1030 18.6
1031 17.8
1031 17.8
1101 16.4
1101 18.4
1102 17.0
1102 17.8
1103 16.4
1103 18.8
1104 18.8
1104 19.8
1105 20.4
1105 22.8
1106 21.8
1106 25.4
1107 23.0
1107 26.0
1108 23.2
1108 23.6
1109 21.4
1109 19.4
1110 17.4
1110 17.4
1111 14.8
1111 16.0
1112 16.4
1112 18.4
1113 18.8
1113 22.2
1114 20.2
1114 21.0
1115 20.4
1115 21.2
1116 20.2
1116 22.6
1117 21.2
1117 24.0
1118 21.0
1118 25.6
1119 20.0
1119 21.0
1120 20.2
1120 21.8
1121 20.8
1121 22.4
1122 21.0
1122 21.8
1123 18.6
1123 21.8
1124 19.4
1124 20.4
1125 18.2
1125 14.8
1126 10.6
1126 13.6
1127 9.6
1127 11.2
1128 11.0
1128 16.4
1129 15.0
1129 16.2
1130 15.4
1130 17.0
1201 16.4
1201 18.6
1202 16.0
1202 17.4
1203 15.6
1203 15.2
1204 14.6
1204 14.2
1205 12.6
1205 11.2
1206 11.6
1206 13.8
1207 12.6
1207 15.0
1208 14.2
1208 15.4
1209 13.8
1209 15.4
1210 15.0
1210 17.6
1211 14.6
1211 15.2
1212 14.2
1212 14.8
1213 13.4
1213 16.4
1214 15.2
1214 15.2
1215 13.8
1215 13.0
1216 11.4
1216 11.0
1217 5.8
1217 7.6
1218 4.0
1218 10.8
1219 9.2
1219 14.2
1220 12.4
1220 15.2
1221 14.2
1221 14.8
1222 14.6
1222 16.8
1223 16.4
1223 17.2
1224 15.2
1224 15.8
1225 13.0
1225 12.2
1226 11.8
1226 13.0
1227 12.0
1227 12.8
1228 9.4
1228 11.6
1229 9.8
1229 12.8
1230 10.6
1230 12.8
1231 12.2
1231 12.0
0101 12.6
0102 11.8
0102 16.8
0103 13.6
0103 18.2
0104 15.8
0104 19.8
0105 16.8
0105 17.4
0106 13.8
0106 15.2
0107 12.4
0107 12.6
0108 10.6
0108 11.8
0109 11.0
0109 11.8
0110 11.6
0110 12.0
0111 12.0
0111 12.6
0112 12.0
0112 11.6
0113 10.4
0113 10.0
0114 9.8
0114 11.0
0115 10.0
0115 10.0
0116 10.4
0116 12.4
0117 11.8
0117 14.4
0118 8.8
0118 10.8
0119 10.0
0119 9.4
0120 7.6
0120 7.0
0121 8.2
0121 10.0
0122 7.6
0122 8.6
0123 5.2
0123 6.8
0124 2.0
0124 4.2
0125 -1.9
0125 3.6
0126 1.4
0126 9.8
0127 7.6
0127 9.6
0128 10.0
0128 12.6
0129 12.4
0129 14.6
0130 9.6
0130 10.0
0131 8.6
0131 10.0
0201 8.4
0201 6.4
0202 5.4
0202 6.4
0203 5.8
0203 7.2
0204 7.2
0204 11.2
0205 9.2
0205 8.6
0206 5.8
0206 8.2
0207 3.6
0207 9.6
0208 3.4
0208 13.4
0209 6.2
0209 15.4
0210 10.2
0210 17.0
0211 13.6
0211 17.2
0212 15.0
0212 21.0
0213 17.6
0213 22.4
0214 13.8
0214 9.0
0215 6.8
0215 8.2
0216 6.6
0216 9.4
0217 8.0
0217 11.0
0218 12.8
0219 11.4
0219 12.8
0220 12.6
0220 11.8
0221 8.4
0221 11.6
0222 9.2
0222 11.8
0223 10.4
0223 10.4
0224 8.0
0224 9.2
0225 8.0
0225 9.6
0226 10.2
0227 8.8
0227 12.6
0228 9.2
0228 17.4
0229 11.2
0229 10.2
0301 8.2
0301 11.2
0302 7.2
0302 15.2
0303 9.8
0303 17.2
0304 12.0
0304 17.8
0305 13.0
0305 19.6
0306 16.0
0306 19.0
0307 16.8
0307 19.2
0308 17.2
0308 20.8
0309 15.0
0309 10.4
0310 8.0
0310 7.0
0311 6.4
0311 8.2
0312 8.0
0312 8.4
0313 9.4
0313 11.4
0314 11.2
0314 10.8
0315 9.8
0315 10.8
0316 11.0
0316 11.8
0317 12.0
0317 16.2
0318 14.8
0318 19.6
0319 16.0
0319 17.8
0320 15.0
0320 13.0
0321 10.2
0321 13.6
0322 12.0
0322 14.8
0323 13.0
0323 12.4
0324 11.2
0324 9.4
0325 9.0
0325 10.6
0326 7.4
0326 11.8
0327 9.2
0327 13.0
0328 8.6
0328 13.6
0329 10.2
0329 15.6
0330 14.2
0330 15.0
0331 13.2
0331 21.2
0401 16.0
0401 18.4
0402 15.6
0402 20.8
0403 18.4
0403 20.4
0404 19.6
0404 15.2
0405 15.6
0405 19.2
0406 16.6
0406 25.6
0407 21.2
0407 26.4
0408 18.2
0408 16.0
0409 16.0
0409 15.8
0410 16.6
0410 16.0
0411 16.2
0411 16.6
0412 16.8
0412 19.8
0413 18.4
0413 20.4
0414 19.6
0414 19.0
0415 16.8
0415 15.8
0416 16.6
0416 20.4
0417 18.0
0417 15.6
0418 15.2
0418 14.4
0419 15.2
0419 18.0
0420 17.2
0420 23.0
0421 23.0
0421 27.4
0422 20.6
0422 22.0
0423 20.6
0423 22.6
0424 21.0
0424 18.4
0425 16.8
0425 17.2
0426 16.6
0426 20.4
0427 20.8
0427 26.8
0428 21.8
0428 21.2
0429 19.2
0429 21.0
0430 17.8
0430 18.6
0501 17.8
0501 22.6
0502 21.0
0502 25.6
0503 28.2
0504 22.0
0504 24.8
0505 23.6
0505 27.4
0506 25.4
0506 25.2
0507 22.8
0507 24.4
0508 22.0
0508 23.6
0509 23.2
0509 26.4
0510 24.4
0510 25.4
0511 19.8
0511 20.4
0512 18.6
0512 23.2
0513 21.8
0513 25.4
0514 23.2
0514 23.4
0515 24.2
0515 26.8
0516 17.8
0516 17.6
0517 18.0
0517 20.0
0518 17.8
0518 21.8
0519 19.8
0519 21.8
0520 19.2
0520 22.0
0521 20.2
0521 21.6
0522 21.6
0522 22.6
0523 22.4
0523 23.0
0524 22.2
0524 24.4
0525 22.6
0525 24.4
0526 23.4
0526 28.2
0527 26.2
0527 29.0
0528 28.6
0528 29.0
0529 28.6
0529 26.4
0530 26.2
0530 24.2
0531 24.4
0531 29.2
0601 28.2
0601 30.6
0602 24.6
0602 21.8
0603 21.6
0603 26.4
0604 24.4
0604 28.8
0605 22.6
0606 23.4
0606 26.0
0607 24.8
0607 28.0
0608 26.0
0608 27.4
0609 26.2
0609 27.6
0610 27.0
0610 27.8
0611 26.4
0611 25.8
0612 26.0
0612 25.8
0613 25.8
0613 25.0
0614 23.8
0614 24.4
0615 25.0
0615 28.8
0616 28.8
0616 28.0
0617 22.6
0617 23.4
0618 23.8
0618 24.4
0619 24.0
0619 29.6
0620 28.6
0620 30.4
0621 29.6
0621 31.2
0622 29.0
0622 28.0
0623 28.2
0623 31.6
0624 29.0
0624 31.6
0625 29.2
0625 28.8
0626 25.8
0626 24.4
0627 25.2
0627 32.2
0628 29.6
0628 31.6
0629 29.0
0629 30.6
0630 26.2
0630 27.8
0701 26.6
0701 31.0
0702 29.4
0702 31.2
0703 29.4
0703 31.4
0704 29.2
0704 31.0
0705 29.6
0705 30.2
0706 29.2
0706 30.0
0707 29.0
0707 30.2
0708 29.4
0708 29.0
0709 27.2
0709 25.6
0710 27.4
0710 27.0
0711 25.6
0711 27.6
0712 26.8
0712 28.2
0713 27.8
0713 30.4
0714 29.2
0714 28.6
0715 27.8
0715 31.8
0716 30.0
0716 30.8
0717 27.2
0717 25.6
0718 25.8
0718 26.4
0719 26.0
0719 29.8
0720 27.6
0720 30.8
0721 28.0
0721 31.0
0722 28.6
0722 32.0
0723 29.2
0723 31.6
0724 29.4
0724 31.6
0725 27.2
0725 30.0
0726 27.8
0726 30.8
0727 29.2
0727 28.6
0728 28.0
0728 26.0
0729 27.2
0729 30.6
0730 27.4
0730 29.6
0731 27.0
0731 29.8
0801 28.8
0801 29.0
0802 26.6
0802 30.0
0803 27.8
0803 30.6
0805 -69.7
0805 29.0
0806 28.2
0806 27.4
0807 27.4
0807 30.0
0808 27.4
0808 28.8
0809 27.2
0809 25.6
0810 26.8
0810 30.4
0811 25.8
0811 27.4
0812 27.2
0812 26.4
0813 27.2
0813 26.2
0814 26.4
0814 29.8
0815 27.6
0815 29.6
0816 28.2
0816 29.8
0817 27.6
0817 28.8
0818 28.2
0818 29.2
0819 27.0
0819 30.8
0820 28.6
0820 28.8
0821 27.0
0821 30.2
0822 27.6
0822 30.2
0823 28.2
0823 30.8
0824 28.2
0824 30.8
0825 28.8
0825 31.0
0826 28.6
0826 30.4
0827 27.6
0827 28.8
0828 25.2
0828 23.6
0829 23.0
0829 26.4
0830 22.6
0830 27.2
0831 23.8
0831 27.8
0901 25.0
0901 29.0
0902 26.8
0902 25.2
0903 25.0
0903 28.4
0904 26.2
0904 28.4
0905 26.6
0905 28.8
0906 26.8
0906 27.8
0907 26.4
0907 24.8
0908 26.0
0908 26.8
0909 25.8
0909 27.6
0910 26.4
0910 27.2
0911 23.8
0911 25.2
0912 21.8
0912 25.2
0913 23.8
0913 25.4
0914 27.0
0914 27.6
0915 24.2
0915 25.6
0916 25.6
0916 28.4
0917 25.0
0917 25.0
0918 24.8
0918 28.0
0919 23.6
0919 26.6
0920 23.2
0920 25.0
0921 23.4
0921 24.8
0922 22.4
0922 25.2
0923 23.8
0923 25.2
0924 22.6
0924 25.4
0925 22.4
0925 26.4
0926 23.2
0926 27.6
0927 27.6
0927 25.8
0928 25.2
0928 25.2
0929 25.8
0929 26.8
0930 26.0
0930 28.4
1001 24.4
1001 27.6
1002 25.0
1002 27.0
1003 24.4
1003 27.6
1004 23.0
1004 27.2
1005 26.0
1005 26.4
1006 24.6
1006 24.6
1007 25.6
1007 25.2
1008 24.0
1008 23.0
1009 20.8
1009 18.8
1010 17.4
1010 18.4
1011 18.6
1011 20.8
1012 20.6
1012 21.8
1013 20.6
1013 23.2
1014 21.0
1014 24.0
1015 23.6
1015 24.2
1016 24.8
1016 25.4
1017 25.0
1017 23.4
1018 22.4
1018 23.2
1019 23.0
1019 24.2
1020 25.4
1020 27.6
1021 27.8
1021 27.0
1022 26.0
1022 27.2
1023 25.0
1023 24.8
1024 21.2
1024 23.0
1025 22.6
1025 25.4
1026 24.6
1026 27.2
1027 24.0
1027 26.4
1028 25.4
1028 27.0
1029 22.0
1029 20.4
1030 19.0
1030 20.0
1031 19.2
1031 22.6
1101 19.6
1101 19.8
1102 17.4
1102 18.0
1103 -76.7
1104 20.2
1105 17.4
1105 21.8
1106 19.4
1106 23.4
1107 22.2
1107 23.2
1108 20.4
1108 17.6
1109 14.8
1109 12.8
1110 13.8
1110 14.8
1111 12.4
1111 17.2
1112 17.0
1112 19.6
1113 18.6
1113 24.0
1114 19.6
1114 26.2
1115 22.4
1115 20.0
1116 18.8
1116 20.0
1117 19.4
1117 21.2
1118 20.0
1118 23.8
1119 21.2
1119 23.8
1120 19.2
1120 20.2
1121 20.0
1121 20.8
1122 19.8
1122 19.8
1123 15.6
1123 14.6
1124 13.2
1124 12.4
1125 13.0
1125 15.2
1126 15.8
1126 13.8
1127 11.4
1127 14.0
1128 9.4
1128 14.4
1129 14.0
1129 15.6
1130 15.2
1130 16.4
1201 15.8
1201 15.2
1202 13.4
1202 15.6
1203 17.6
1204 15.8
1204 19.0
1205 17.4
1205 18.4
1206 16.8
1206 14.0
1207 9.6
1207 14.6
1208 10.4
1208 15.4
1209 11.0
1209 17.0
1210 14.8
1210 16.0
1211 14.8
1211 15.4
1212 15.6
1212 17.8
1213 15.6
1213 18.6
1214 16.6
1214 14.0
1215 11.8
1215 11.0
1216 7.0
1216 9.2
1217 7.4
1217 13.8
1218 13.2
1218 17.8
1219 15.2
1219 19.6
1220 17.8
1220 21.4
1221 20.6
1221 20.6
1222 19.0
1222 16.2
1223 14.0
1223 12.8
1224 11.0
1224 14.4
1225 12.8
1225 15.8
1226 16.2
1226 22.0
1227 14.4
1227 12.2
1228 6.2
1228 10.8
1229 8.6
1229 9.4
1230 9.0
1230 12.8
1231 10.2
1231 16.2
0101 17.8
0102 17.6
0103 15.2
0103 16.2
0104 13.0
0104 18.2
0105 16.8
0105 19.6
0106 17.0
0106 16.6
0107 16.4
0107 19.6
0108 17.8
0108 16.8
0109 15.0
0109 12.4
0110 11.8
0110 13.6
0111 13.0
0111 13.0
0112 12.4
0112 13.0
0113 10.6
0113 10.8
0114 9.2
0114 10.6
0115 8.8
0115 10.4
0116 9.6
0116 11.2
0117 10.8
0117 12.4
0118 11.6
0118 13.8
0119 12.6
0119 12.6
0120 11.0
0120 9.0
0121 7.0
0121 10.8
0122 5.8
0122 9.6
0123 7.4
0123 8.6
0124 8.2
0124 10.8
0125 9.8
0125 11.8
0126 10.6
0126 12.2
0127 6.8
0127 13.4
0128 9.6
0128 16.4
0129 14.6
0129 20.4
0130 16.6
0130 10.0
0131 8.4
0131 11.2
0201 11.4
0201 11.4
0202 9.0
0202 11.0
0203 10.6
0203 13.4
0204 13.2
0204 16.8
0205 14.8
0205 14.2
0206 11.0
0206 10.8
0207 8.0
0207 12.0
0208 10.4
0208 12.6
0209 7.8
0209 8.8
0210 5.0
0210 8.4
0211 7.2
0211 8.0
0212 6.2
0212 9.6
0213 4.4
0213 11.6
0214 7.0
0214 12.8
0215 7.2
0215 14.4
0216 11.2
0216 18.6
0217 12.6
0217 20.2
0218 13.8
0218 12.4
0219 12.4
0219 17.6
0220 14.2
0220 19.4
0221 10.2
0221 12.0
0222 12.0
0222 18.2
0223 11.0
0223 8.6
0224 5.4
0224 7.0
0225 6.4
0225 7.8
0226 7.0
0226 9.8
0227 7.4
0227 12.2
0228 9.2
0228 11.6
0301 8.4
0301 18.4
0302 11.8
0302 11.6
0303 8.2
0303 12.4
0304 10.4
0304 16.4
0305 14.2
0305 17.8
0306 12.0
0306 12.6
0307 10.2
0307 11.0
0308 10.4
0308 12.8
0309 9.0
0309 16.0
0310 11.6
0310 10.8
0311 11.6
0311 14.4
0312 13.4
0312 15.6
0313 14.6
0313 11.8
0314 10.2
0314 11.2
0315 10.8
0315 12.0
0316 9.8
0316 11.4
0317 11.2
0317 12.4
0318 12.0
0318 14.2
0319 12.4
0319 15.0
0320 14.4
0320 21.8
0321 16.4
0321 12.6
0322 12.0
0322 11.0
0323 11.6
0323 15.6
0324 13.4
0324 15.8
0325 13.0
0325 12.4
0326 11.6
0326 14.0
0327 10.0
0327 16.8
0328 12.4
0328 18.2
0329 14.6
0329 19.6
0330 15.8
0330 18.0
0331 16.0
0331 12.6
0401 10.8
0401 14.4
0402 10.8
0402 16.8
0403 12.4
0403 17.2
0404 13.2
0404 18.2
0405 15.4
0405 22.4
0406 19.2
0406 23.2
0407 20.2
0407 21.4
0408 20.4
0408 25.4
0409 21.8
0409 25.2
0410 20.0
0410 22.8
0411 16.6
0411 13.6
0412 14.2
0412 15.6
0413 14.8
0413 17.8
0414 14.0
0414 21.2
0415 18.4
0415 23.4
0416 21.0
0416 23.2
0417 21.4
0417 24.4
0418 22.6
0418 26.4
0419 21.4
0419 18.8
0420 19.4
0420 24.4
0421 21.0
0421 18.0
0422 15.4
0422 18.8
0423 16.8
0423 18.4
0424 15.6
0424 20.0
0425 17.6
0425 20.0
0426 19.4
0426 18.2
0427 15.4
0427 14.6
0428 14.4
0428 18.4
0429 14.0
0429 20.6
0430 16.2
0430 23.2
0501 19.2
0501 22.6
0502 21.4
0502 24.4
0503 20.4
0503 22.2
0504 21.6
0504 26.4
0505 23.6
0505 21.8
0506 20.6
0506 21.6
0507 21.0
0507 22.0
0508 21.0
0508 25.0
0509 21.8
0509 27.8
0510 21.2
0510 25.4
0511 23.0
0511 27.6
0512 25.0
0512 22.4
0513 21.8
0513 23.0
0514 23.6
0514 26.2
0515 21.0
0515 20.2
0516 18.8
0516 21.2
0517 20.2
0517 22.4
0518 20.8
0518 22.8
0519 21.4
0520 22.8
0520 23.6
0521 23.4
0521 24.0
0522 23.0
0522 25.2
0523 24.4
0523 27.4
0524 25.8
0524 22.6
0525 21.8
0525 21.6
0526 20.6
0526 25.0
0527 21.0
0527 23.6
0528 21.8
0528 23.6
0529 21.0
0529 24.8
0530 22.8
0530 25.8
0531 24.2
0531 27.6
0601 25.8
0601 26.8
0602 22.4
0602 21.8
0603 21.4
0603 22.8
0604 22.8
0604 21.0
0605 21.2
0605 23.8
0606 23.4
0606 29.4
0607 27.0
0607 25.2
0608 23.4
0608 24.8
0609 24.4
0609 28.8
0610 27.4
0610 30.6
0611 27.8
0611 30.0
0612 27.4
0612 29.4
0613 26.8
0613 24.6
0614 24.8
0614 21.2
0615 20.8
0615 19.8
0616 19.6
0616 19.8
0617 19.8
0617 20.8
0618 19.8
0618 20.8
0619 21.4
0619 23.8
0620 23.6
0620 24.2
0621 23.0
0621 27.6
0622 26.0
0622 28.4
0623 27.4
0623 30.0
0624 27.8
0624 31.0
0625 29.2
0625 29.2
0626 28.8
0626 24.6
0627 23.8
0627 23.4
0628 24.8
0628 24.0
0629 24.4
0629 23.6
0630 24.4
0630 29.8
0701 28.2
0701 29.2
0702 28.6
0702 29.6
0703 27.4
0703 30.4
0704 27.6
0704 30.0
0705 28.0
0705 27.6
0706 27.0
0706 30.2
0707 28.6
0707 28.8
0708 27.0
0708 29.8
0709 27.2
0709 30.4
0710 28.2
0710 31.0
0711 29.0
0711 31.2
0712 28.6
0712 31.8
0713 29.4
0713 30.6
0714 27.6
0714 31.4
0715 28.4
0715 31.0
0716 28.2
0716 30.0
0717 28.8
0717 32.4
0718 28.4
0718 31.6
0719 28.2
0719 32.6
0720 28.6
0720 33.2
0721 29.0
0721 32.0
0722 27.6
0722 31.4
0723 28.4
0723 31.0
0724 28.2
0724 33.0
0725 28.8
0725 34.4
0726 28.4
0726 32.6
0727 28.4
0727 30.2
0728 28.4
0728 30.8
0729 29.2
0729 27.6
0730 25.2
0730 27.8
0731 27.0
0731 24.0
0801 24.2
0801 26.0
0802 25.8
0802 28.6
0803 27.2
0803 27.2
0804 26.8
0804 31.4
0805 28.6
0805 31.2
0806 28.8
0806 30.6
0807 28.2
0807 31.2
0808 28.8
0808 30.0
0809 29.6
0809 30.8
0810 30.0
0810 27.2
0811 26.4
0811 29.4
0812 28.6
0812 31.2
0813 28.8
0813 31.0
0814 28.4
0814 31.2
0815 28.4
0815 31.4
0816 29.0
0816 25.2
0817 25.6
0817 29.8
0818 28.2
0818 30.2
0819 27.6
0819 31.2
0820 27.6
0820 30.6
0821 28.2
0821 30.4
0822 29.4
0822 30.0
0823 28.0
0823 28.8
0824 26.6
0824 29.0
0825 27.2
0825 29.8
0826 27.6
0826 29.6
0827 28.2
0827 28.0
0828 26.2
0828 30.0
0829 27.6
0829 29.8
0830 27.8
0830 29.4
0831 28.0
0831 28.0
0901 26.8
0901 27.2
0902 26.0
0902 26.4
0903 26.0
0903 24.8
0904 26.0
0904 24.8
0905 26.4
0905 29.0
0906 27.2
0906 30.2
0907 28.4
0907 30.2
0908 27.4
0908 26.6
0909 26.4
0909 29.6
0910 27.6
0910 29.8
0911 27.6
0911 30.8
0912 29.6
0912 28.2
0913 26.6
0913 27.6
0914 25.4
0914 31.0
0915 26.4
0915 32.0
0916 26.8
0916 30.8
0917 26.0
0917 27.0
0918 25.6
0918 26.2
0919 23.6
0919 27.0
0920 24.6
0920 29.0
0921 26.4
0921 29.2
0922 24.8
0922 27.6
0923 26.8
0923 28.4
0924 27.2
0924 30.0
0925 27.4
0925 31.2
0926 28.0
0926 32.4
0927 28.2
0927 32.2
0928 29.2
0928 24.8
0929 24.6
0929 25.6
0930 25.2
0930 27.4
1001 25.4
1001 29.0
1002 27.0
1002 30.2
1004 24.2
1004 24.2
1005 23.4
1005 26.0
1006 24.8
1006 26.8
1007 25.6
1007 25.2
1008 25.2
1008 26.4
1009 25.6
1009 28.2
1010 27.6
1010 28.0
1011 26.8
1011 27.2
1012 25.2
1012 25.8
1013 22.8
1013 24.0
1014 22.2
1014 21.0
1015 21.4
1015 21.8
1016 22.4
1016 25.2
1017 23.4
1017 24.4
1018 22.8
1018 24.0
1019 22.6
1019 24.0
1020 22.8
1020 22.6
1021 19.0
1021 23.0
1022 17.4
1022 20.2
1023 17.0
1023 20.6
1024 17.8
1024 19.4
1025 17.8
1025 20.4
1026 18.8
1026 20.6
1027 17.6
1027 21.4
1028 17.8
1028 22.6
1029 18.0
1029 20.2
1030 17.4
1030 17.6
1031 14.8
1031 19.8
1101 16.6
1101 21.0
1102 17.2
1102 22.0
1103 18.4
1104 19.2
1104 17.4
1105 15.6
1105 18.8
1106 18.6
1106 23.0
1107 20.4
1107 22.0
1108 21.6
1108 22.0
1109 19.2
1109 20.4
1110 19.6
1110 22.8
1111 20.8
1111 18.6
1112 17.6
1112 19.4
1113 18.2
1113 18.6
1114 19.0
1114 20.4
1115 19.8
1115 20.4
1116 19.2
1116 21.2
1117 20.0
1117 24.6
1118 20.6
1118 16.6
1119 12.8
1119 12.0
1120 12.6
1120 14.2
1121 13.2
1121 15.4
1122 14.8
1122 15.6
1123 12.8
1123 14.2
1124 12.8
1124 13.4
1125 9.8
1125 11.8
1126 12.6
1126 14.6
1127 12.6
1127 18.0
1128 17.2
1128 21.8
1129 21.2
1129 19.6
1130 18.0
1130 15.6
1201 14.6
1201 15.0
1202 14.6
1202 16.4
1203 14.4
1203 18.4
1204 16.2
1204 15.8
1205 13.2
1205 12.0
1206 11.0
1206 12.0
1207 8.4
1207 14.8
1208 12.0
1208 10.8
1209 7.6
1209 11.0
1210 10.0
1210 15.4
1211 10.0
1211 12.2
1212 11.4
1212 12.6
1213 12.2
1213 12.8
1214 12.8
1214 13.2
1215 13.0
1215 14.0
1216 13.6
1216 11.8
1217 7.2
1217 9.2
1218 8.4
1218 10.6
1219 7.2
1219 10.0
1220 5.4
1220 9.8
1221 4.6
1221 10.0
1222 6.8
1222 15.6
1223 14.2
1223 18.0
1224 16.6
1224 17.2
1225 11.2
1225 10.4
1226 8.2
1226 13.2
1227 10.4
1227 15.0
1228 14.2
1228 14.0
1229 14.2
1229 16.2
1230 14.8
1230 16.0
1231 12.6
1231 11.2
0101 12.6
0102 12.4
0102 16.8
0103 14.8
0103 17.0
0104 15.0
0104 14.4
0105 13.8
0105 10.8
0106 9.8
0106 11.0
0107 11.2
0107 13.8
0108 14.6
0108 9.4
0109 5.4
0109 8.8
0110 5.2
0110 10.0
0111 5.0
0111 8.0
0112 3.2
0112 6.6
0113 4.4
0113 8.8
0114 6.8
0114 11.4
0115 10.6
0115 15.4
0116 12.6
0116 17.6
0117 12.6
0117 15.4
0118 15.2
0118 16.0
0119 14.6
0119 14.6
0120 14.2
0120 15.4
0121 14.2
0121 14.8
0122 14.8
0122 13.8
0123 11.6
0123 13.8
0124 11.8
0124 10.4
0125 9.6
0125 11.0
0126 10.0
0126 6.8
0127 7.2
0127 10.0
0128 10.0
0128 9.2
0129 6.6
0129 6.0
0130 5.4
0130 5.8
0131 6.4
0131 6.4
0201 5.0
0201 7.0
0202 6.6
0202 5.8
0203 4.2
0203 5.4
0204 4.0
0204 2.8
0205 2.6
0205 4.4
0206 -0.5
0206 5.0
0207 2.4
0207 8.6
0208 5.6
0208 9.4
0209 8.8
0209 11.8
0210 10.8
0210 10.8
0211 7.4
0211 9.2
0212 4.4
0212 9.8
0214 7.2
0214 16.8
0215 13.0
0215 21.6
0216 13.2
0216 14.6
0217 11.0
0217 11.8
0218 11.8
0218 17.8
0219 12.2
0219 18.6
0220 11.8
0220 12.6
0221 11.6
0221 10.6
0222 10.0
0222 9.4
0223 9.4
0223 12.2
0224 9.2
0224 12.4
0225 12.2
0225 10.4
0226 11.0
0226 12.2
0227 9.8
0227 13.8
0228 12.0
0228 21.4
0301 12.6
0301 16.4
0302 14.4
0302 15.6
0303 14.4
0303 23.6
0304 16.2
0304 18.0
0305 19.0
0305 13.8
0306 11.8
0306 12.2
0307 11.6
0307 12.4
0308 11.8
0308 10.6
0309 7.2
0309 9.6
0310 5.2
0310 12.2
0311 5.2
0311 16.4
0312 10.8
0312 17.6
0313 11.8
0313 19.4
0314 13.0
0314 20.2
0315 17.6
0315 16.8
0316 16.0
0316 13.8
0317 12.0
0317 14.0
0318 13.4
0318 19.2
0319 16.0
0319 16.8
0320 12.2
0320 14.4
0321 11.6
0321 14.0
0322 8.0
0322 13.8
0323 8.6
0323 17.0
0324 11.0
0324 19.2
0325 14.6
0325 19.6
0326 15.4
0326 16.8
0327 15.8
0327 17.6
0328 13.8
0328 19.8
0329 14.8
0329 21.6
0330 19.4
0330 20.4
0331 15.2
0331 20.2
0401 15.6
0401 22.2
0402 17.0
0402 23.6
0403 18.8
0403 23.4
0404 20.0
0404 23.0
0405 20.4
0405 22.8
0406 20.8
0406 13.4
0407 12.6
0407 14.8
0408 9.8
0408 17.4
0409 13.0
0409 20.8
0410 13.4
0410 23.0
0411 18.2
0411 26.6
0412 21.0
0412 21.8
0413 20.0
0413 23.8
0414 21.4
0414 25.2
0415 15.0
0415 14.8
0416 14.8
0416 16.0
0417 13.8
0417 17.0
0418 13.2
0418 19.2
0419 13.4
0419 21.0
0420 18.4
0420 21.8
0421 19.0
0421 23.6
0422 20.2
0422 25.6
0423 22.8
0423 26.6
0424 23.4
0424 19.2
0425 17.0
0425 19.0
0426 18.0
0426 21.8
0427 18.8
0427 21.0
0428 19.2
0428 22.6
0429 18.8
0429 21.2
0430 20.6
0430 24.4
0501 22.0
0501 26.0
0502 22.8
0502 28.6
0503 18.8
0503 17.2
0504 16.2
0504 21.4
0505 19.6
0505 24.8
0506 21.4
0506 27.0
0507 24.2
0507 25.2
0508 22.8
0508 22.6
0509 21.4
0509 20.4
0510 18.8
0510 20.4
0512 20.4
0512 25.8
0513 23.8
0513 28.8
0514 25.0
0514 27.6
0515 24.6
0515 30.8
0516 25.8
0516 30.8
0517 26.2
0517 31.2
0518 27.0
0518 27.8
0519 26.4
0519 27.8
0520 26.2
0520 23.8
0521 23.6
0521 25.4
0522 24.4
0522 29.4
0523 24.0
0523 20.6
0524 21.6
0524 25.8
0525 23.2
0525 30.0
0526 25.2
0526 31.2
0527 26.4
0527 26.2
0528 25.2
0528 27.6
0529 26.6
0530 24.8
0530 24.6
0531 24.6
0531 23.4
0601 20.2
0601 20.0
0602 19.6
0602 23.0
0603 21.6
0603 24.6
0604 23.0
0604 26.4
0605 25.0
0605 26.4
0606 24.4
0606 24.0
0607 24.2
0607 25.4
0608 25.0
0608 27.6
0609 25.6
0609 27.2
0610 25.0
0610 25.2
0611 22.4
0611 26.0
0612 24.2
0612 26.6
0613 23.0
0613 21.4
0614 21.0
0614 23.0
0615 23.0
0615 26.6
0616 23.6
0616 25.4
0617 22.8
0617 25.0
0618 22.6
0618 24.6
0619 25.4
0619 25.8
0620 25.0
0620 23.8
0621 24.2
0621 25.0
0622 23.8
0622 27.4
0623 25.0
0623 27.8
0624 25.0
0624 28.0
0625 26.2
0625 31.8
0626 26.6
0626 30.8
0627 27.2
0627 32.4
0628 28.2
0628 27.2
0629 26.8
0629 30.6
0630 27.4
0630 28.4
0701 25.6
0701 25.8
0702 25.0
0702 25.6
0703 26.0
0703 31.4
0704 27.8
0704 30.8
0705 29.0
0705 28.8
0706 27.8
0706 27.2
0707 27.2
0707 27.2
0708 27.2
0708 28.8
0709 26.2
0709 30.0
0710 26.6
0710 30.0
0711 28.8
0711 26.4
0712 26.4
0712 28.6
0713 26.8
0713 28.2
0714 27.2
0714 28.4
0715 27.0
0715 27.8
0716 26.6
0716 26.6
0717 27.8
0717 28.4
0718 28.2
0718 28.6
0719 26.6
0719 28.8
0720 26.8
0720 28.6
0721 24.6
0721 25.8
0722 26.0
0722 26.6
0723 26.6
0723 26.4
0724 27.0
0724 29.0
0725 27.0
0725 31.2
0726 28.6
0726 32.0
0727 28.8
0727 29.0
0728 27.0
0728 31.6
0729 27.4
0729 33.0
0730 27.6
0730 32.8
0731 28.4
0731 28.0
0801 25.8
0801 30.4
0802 26.8
0802 29.4
0803 27.0
0803 28.4
0804 26.4
0804 30.4
0805 27.4
0805 30.6
0806 26.4
0806 28.2
0807 26.8
0807 30.2
0808 26.2
0808 30.2
0809 25.8
0809 30.6
0810 26.0
0810 30.8
0811 25.8
0811 30.8
0812 27.2
0812 30.4
0813 26.8
0813 30.2
0814 26.6
0814 27.2
0815 26.2
0815 26.4
0816 26.0
0816 30.8
0817 27.4
0817 30.0
0818 27.8
0818 29.0
0819 27.0
0819 27.6
0820 26.6
0820 30.2
0821 27.8
0821 30.2
0822 27.0
0822 30.0
0823 27.0
0823 30.2
0824 25.4
0824 26.8
0825 23.6
0825 25.6
0826 26.6
0826 25.6
0827 26.0
0827 26.4
0828 26.4
0828 25.6
0829 24.6
0829 24.6
0830 24.6
0830 24.4
0831 23.6
0831 27.6
0901 24.8
0901 25.4
0902 24.4
0902 30.4
0903 26.4
0903 30.6
0904 27.6
0904 28.8
0905 27.4
0905 29.2
0906 27.0
0906 29.4
0907 26.6
0907 26.2
0908 23.0
0908 22.0
0909 21.2
0909 22.8
0910 21.6
0910 25.8
0911 24.6
0911 22.8
0912 24.4
0912 27.0
0913 26.2
0913 27.6
0914 26.0
0914 27.8
0915 27.4
0915 28.4
0916 27.8
0916 27.8
0917 25.4
0917 29.8
0918 24.2
0918 28.6
0919 25.2
0919 28.6
0920 24.0
0920 29.6
0921 26.4
0921 30.2
0922 25.6
0922 28.2
0923 25.2
0923 24.4
0924 22.8
0924 25.8
0925 23.2
0925 24.6
0926 20.6
0926 25.2
0927 21.8
0927 25.2
0928 21.0
0928 25.8
0929 22.2
0929 27.0
0930 20.4
0930 24.6
1001 18.8
1001 23.8
1002 21.6
1002 22.4
1003 19.2
1003 22.8
1004 19.0
1004 25.0
1005 21.0
1005 25.4
1006 20.8
1006 22.6
1007 18.8
1007 22.6
1008 19.6
1008 23.0
1009 20.6
1009 24.4
1010 22.4
1010 19.0
1011 17.4
1011 17.8
1012 16.4
1012 19.6
1013 17.2
1013 20.2
1014 19.2
1014 18.4
1015 18.4
1015 19.2
1016 19.0
1016 19.4
1017 18.2
1017 19.6
1018 18.0
1018 20.2
1019 18.8
1019 18.6
1020 16.4
1020 19.8
1021 17.0
1021 21.6
1022 18.2
1022 22.2
1023 20.2
1023 21.4
1024 19.8
1024 21.8
1025 19.2
1025 22.8
1026 19.4
1026 24.4
1027 20.2
1027 18.2
1028 13.6
1028 20.0
1029 14.4
1029 20.8
1030 14.0
1030 20.8
1031 15.8
1031 20.6
1101 18.6
1101 15.6
1102 14.6
1102 15.4
1103 15.8
1103 17.8
1104 18.4
1104 20.0
1105 19.4
1105 21.0
1106 20.2
1106 21.0
1107 20.0
1107 22.8
1108 19.8
1108 21.4
1109 17.6
1109 17.2
1110 17.4
1110 19.6
1111 18.4
1111 22.2
1112 19.6
1112 18.6
1113 17.4
1113 16.4
1114 15.2
1114 18.0
1115 17.2
1115 17.4
1116 16.6
1116 18.4
1117 15.6
1117 17.6
1118 16.8
1118 19.0
1119 17.0
1119 15.6
1120 15.6
1120 14.8
1121 15.4
1121 18.6
1122 16.0
1122 15.6
1123 14.0
1123 15.4
1124 13.2
1124 19.2
1125 17.4
1125 19.0
1126 17.2
1126 17.8
1127 14.0
1127 17.4
1128 14.6
1128 17.4
1129 13.8
1129 16.8
1130 12.4
1130 18.0
1201 14.8
1201 19.6
1202 17.0
1202 21.4
1203 16.8
1203 23.0
1204 17.8
1204 20.6
1205 17.6
1205 16.6
1206 16.6
1206 19.2
1207 14.2
1207 12.0
1208 10.4
1208 10.6
1209 10.2
1209 11.0
1210 12.6
1210 14.6
1211 14.4
1211 14.6
1212 9.6
1212 11.0
1213 9.2
1213 10.2
1214 10.4
1214 12.0
1215 12.6
1215 14.0
1216 14.8
1216 13.4
1217 9.4
1217 12.6
1218 6.2
1218 13.8
1219 9.0
1219 16.8
1220 14.0
1220 18.8
1221 15.6
1221 17.4
1222 16.6
1222 18.8
1223 16.0
1223 14.2
1224 11.2
1224 14.0
1225 12.2
1225 14.6
1227 14.0
1227 12.0
1228 10.2
1228 9.6
1229 7.0
1229 6.8
1230 7.6
1230 8.6
1231 7.4
1231 9.0
0101 10.6
0102 9.6
0102 10.4
0103 10.6
0103 12.2
0104 12.2
0104 16.4
0105 14.0
0105 13.0
0106 12.2
0106 12.2
0107 11.6
0107 13.8
0108 13.4
0108 12.0
0109 10.6
0109 11.8
0110 12.0
0110 14.8
0111 13.8
0111 16.0
0112 14.2
0112 12.8
0113 11.0
0113 11.6
0114 11.6
0114 14.4
0115 13.4
0115 13.2
0116 9.8
0116 9.4
0117 8.8
0117 10.4
0118 6.8
0118 13.4
0119 9.4
0119 16.8
0120 13.4
0120 11.0
0121 8.4
0121 10.0
0122 8.2
0122 10.6
0123 5.4
0123 12.4
0124 5.2
0124 11.6
0125 7.8
0125 14.4
0126 10.0
0126 9.2
0127 5.6
0127 10.0
0128 6.2
0128 14.4
0129 9.4
0129 15.0
0130 13.4
0130 18.6
0131 13.0
0131 16.2
0201 9.2
0201 9.6
0202 9.6
0202 14.6
0203 13.6
0203 17.4
0204 11.4
0204 11.6
0205 11.4
0205 15.8
0206 12.8
0206 16.2
0207 12.0
0207 18.4
0208 10.0
0208 9.2
0209 9.8
0209 9.4
0210 8.8
0210 10.8
0211 9.4
0211 8.8
0212 9.4
0212 15.0
0213 12.4
0213 12.6
0214 12.0
0214 12.8
0215 12.4
0215 18.4
0216 10.8
0216 9.4
0217 8.4
0217 9.0
0218 9.4
0218 12.4
0219 12.0
0219 16.0
0220 14.0
0220 13.4
0221 12.6
0221 12.2
0222 11.2
0222 13.6
0223 9.4
0223 7.6
0224 7.8
0224 10.0
0225 10.4
0225 12.8
0226 11.2
0226 13.0
0227 12.2
0227 15.6
0228 11.8
0228 10.6
0301 10.4
0301 12.2
0302 12.0
0302 15.4
0303 12.2
0303 13.8
0304 10.8
0304 12.8
0305 10.8
0305 11.4
0306 12.6
0306 13.0
0307 11.6
0307 8.0
0308 7.6
0308 10.2
0309 9.2
0309 12.6
0310 13.4
0310 16.2
0311 12.8
0311 15.6
0312 10.2
0312 18.2
0313 12.8
0313 16.8
0314 15.2
0314 12.0
0315 11.4
0315 15.8
0316 12.0
0316 15.8
0317 12.6
0317 12.2
0318 12.2
0318 18.0
0319 14.4
0319 16.4
0320 15.2
0320 25.6
0321 18.8
0321 20.8
0322 13.8
0322 11.4
0323 10.2
0323 9.2
0324 9.6
0324 9.8
0325 10.4
0325 16.8
0326 12.4
0326 15.8
0327 12.2
0327 22.4
0328 17.0
0328 25.6
0329 16.4
0329 14.2
0330 14.6
0330 19.6
0331 15.4
0331 13.6
0401 11.4
0401 14.2
0402 11.6
0402 15.0
0403 13.6
0403 14.8
0404 13.6
0404 16.4
0405 15.6
0405 20.4
0406 17.2
0406 23.2
0407 18.4
0407 23.6
0408 18.6
0408 24.8
0409 21.2
0409 28.2
0410 22.8
0410 15.0
0411 13.6
0411 15.4
0412 13.8
0412 13.8
0413 13.6
0413 15.0
0414 15.0
0414 19.0
0415 15.8
0415 16.2
0416 12.6
0416 17.4
0417 15.0
0417 22.0
0418 14.8
0418 23.0
0419 18.8
0419 20.8
0420 19.6
0420 23.8
0421 20.8
0421 24.6
0422 22.8
0422 22.8
0423 22.2
0423 27.8
0424 23.6
0424 28.6
0425 24.4
0425 23.8
0426 22.2
0426 22.6
0427 17.6
0427 17.8
0428 17.2
0428 22.0
0429 19.8
0429 26.0
0430 23.0
0430 18.6
0501 17.6
0501 20.0
0502 17.8
0502 19.8
0503 15.0
0503 20.4
0504 16.2
0504 21.4
0505 16.4
0505 20.4
0506 18.8
0506 16.6
0507 15.2
0507 17.6
0508 13.4
0508 19.0
0509 17.8
0509 21.2
0510 19.2
0510 22.0
0511 18.8
0511 23.2
0512 19.8
0512 24.2
0513 22.0
0513 25.6
0514 22.6
0514 22.2
0515 20.6
0515 21.4
0516 21.4
0516 24.0
0517 22.6
0517 25.2
0518 24.2
0518 24.2
0519 24.0
0519 27.0
0520 24.6
0520 19.6
0521 19.0
0521 20.8
0522 20.2
0522 21.0
0523 19.8
0523 24.6
0524 19.2
0524 24.2
0525 22.4
0525 25.8
0526 23.6
0526 25.4
0527 23.4
0527 27.2
0528 23.2
0528 18.2
0529 17.6
0529 22.2
0530 19.2
0530 24.8
0531 23.2
0531 23.0
0601 20.8
0601 21.2
0602 21.4
0602 22.6
0603 21.8
0603 23.6
0604 23.2
0604 28.2
0605 23.8
0605 28.4
0606 25.2
0606 29.6
0607 25.8
0607 26.6
0608 24.2
0608 27.4
0609 25.6
0609 27.8
0610 24.4
0610 23.0
0611 22.8
0611 24.6
0612 23.2
0612 20.8
0613 19.2
0613 20.2
0614 21.0
0614 23.4
0615 23.0
0615 25.6
0616 19.8
0616 26.2
0617 24.2
0617 27.8
0618 25.8
0618 30.4
0619 27.2
0619 28.8
0620 27.4
0620 28.0
0621 27.2
0621 28.4
0622 27.0
0622 24.0
0623 22.4
0623 21.4
0624 20.6
0624 20.8
0625 21.0
0625 22.8
0626 23.2
0626 26.8
0627 25.4
0627 29.2
0628 27.0
0628 30.0
0629 27.8
0629 31.0
0630 27.8
0630 27.6
0701 27.6
0701 31.0
0702 26.4
0702 25.6
0703 26.8
0703 27.0
0704 26.0
0704 28.2
0705 26.0
0705 26.6
0706 25.6
0706 25.4
0707 25.6
0707 27.8
0708 26.2
0708 29.6
0709 27.6
0709 28.8
0710 26.0
0710 24.8
0711 24.0
0711 24.8
0712 25.6
0712 30.4
0713 28.8
0713 31.2
0714 28.0
0714 30.6
0715 27.0
0715 30.4
0716 27.6
0716 28.8
0717 26.6
0717 29.2
0718 28.6
0718 29.0
0719 27.2
0719 31.8
0720 28.4
0720 26.0
0721 26.4
0721 24.8
0722 25.4
0722 29.2
0723 27.2
0723 30.4
0724 26.6
0724 28.2
0725 27.4
0725 30.0
0726 27.4
0726 28.8
0727 27.4
0727 25.2
0728 25.4
0728 30.2
0729 27.8
0729 30.4
0730 28.0
0730 30.0
0731 27.6
0731 29.8
0801 27.4
0801 28.4
0802 28.0
0802 28.8
0803 26.4
0803 29.2
0804 25.8
0804 29.8
0805 28.0
0805 29.2
0806 26.2
0806 29.2
0807 26.4
0807 30.2
0808 28.6
0808 27.0
0809 28.0
0809 30.4
0810 29.4
0810 32.2
0811 28.2
0811 25.8
0812 27.0
0812 31.4
0813 27.4
0813 31.8
0814 28.2
0814 27.4
0815 26.6
0815 27.2
0816 26.4
0816 27.8
0817 26.8
0817 26.6
0818 25.4
0818 26.6
0819 25.8
0819 28.0
0820 25.6
0820 28.8
0821 25.6
0821 29.0
0822 27.0
0822 29.2
0823 28.2
0823 30.2
0824 26.2
0824 28.6
0825 26.8
0825 28.2
0826 27.0
0826 29.6
0827 26.8
0827 30.4
0828 26.6
0828 29.4
0829 28.2
0829 31.4
0830 26.2
0830 25.4
0831 25.6
0831 27.4
0901 27.6
0901 28.8
0902 28.8
0902 29.0
0903 27.4
0903 27.0
0904 26.4
0904 26.2
0905 25.4
0905 26.8
0906 25.4
0906 32.2
0907 26.6
0907 29.0
0908 25.8
0908 29.0
0909 26.2
0909 29.4
0910 26.6
0910 28.8
0911 26.2
0911 29.2
0912 26.8
0912 28.8
0913 25.8
0913 28.4
0914 26.6
0914 28.4
0915 26.0
0915 28.4
0916 25.2
0916 26.8
0917 24.4
0917 26.4
0918 24.2
0918 26.8
0919 21.6
0919 25.6
0920 20.8
0920 27.0
0921 23.6
0921 29.0
0922 23.2
0922 27.0
0923 21.0
0923 24.0
0924 20.4
0924 24.0
0925 19.8
0925 24.0
0926 20.0
0926 24.0
0927 20.4
0927 25.6
0928 23.2
0928 26.6
0929 23.4
0929 26.6
0930 25.0
0930 25.4
1001 26.2
1001 30.6
1002 23.8
1002 30.2
1003 26.4
1003 28.8
1004 26.0
1004 28.2
1005 26.2
1005 26.6
1006 25.0
1006 25.0
1007 24.0
1007 25.2
1008 23.0
1008 25.4
1009 23.2
1009 23.6
1010 22.8
1010 25.8
1011 24.0
1011 27.0
1012 23.6
1012 26.0
1013 22.8
1013 23.2
1014 21.4
1014 23.0
1015 21.8
1015 20.8
1016 18.4
1016 22.0
1017 20.0
1017 22.4
1018 20.2
1018 22.2
1019 18.8
1019 20.8
1020 16.8
1020 20.2
1021 15.6
1021 20.8
1022 15.8
1022 21.2
1023 18.6
1023 21.4
1024 19.0
1024 22.4
1025 20.8
1025 22.0
1026 20.6
1026 21.6
1027 17.0
1027 19.0
1028 17.6
1028 19.2
1029 18.2
1029 19.8
1030 15.6
1030 20.0
1031 16.6
1031 20.8
1101 19.4
1101 20.6
1102 16.8
1102 21.2
1103 18.6
1103 22.2
1104 17.2
1104 19.4
1105 17.0
1105 19.0
1106 15.2
1106 20.0
1107 18.0
1107 20.2
1108 16.0
1108 18.6
1109 15.2
1109 16.2
1110 12.2
1110 19.0
1111 14.0
1111 18.8
1112 14.0
1112 19.6
1113 15.2
1113 22.2
1114 18.0
1114 16.4
1115 13.4
1115 17.4
1116 13.6
1116 19.8
1117 17.2
1117 21.8
1118 17.2
1118 18.6
1119 15.0
1119 14.6
1120 14.4
1120 16.6
1121 16.4
1121 19.8
1122 18.0
1122 19.0
1123 18.6
1123 21.6
1124 18.4
1124 21.4
1125 20.4
1125 16.6
1126 15.0
1126 17.0
1127 16.8
1127 18.0
1128 14.8
1128 13.8
1129 11.6
1129 14.8
1130 15.2
1130 15.6
1201 15.8
1201 17.6
1202 13.2
1202 12.8
1203 7.2
1203 11.4
1204 7.0
1204 12.0
1205 11.2
1205 8.6
1206 8.8
1206 10.6
1207 6.4
1207 10.6
1208 5.2
1208 12.4
1209 7.2
1209 14.4
1210 12.0
1210 16.4
1211 10.4
1211 16.2
1212 11.0
1212 13.8
1213 9.4
1214 9.6
1214 15.8
1215 13.8
1215 17.4
1216 15.4
1216 21.0
1217 15.2
1217 22.4
1218 15.8
1218 14.0
1219 13.8
1219 12.8
1220 11.6
1220 12.6
1221 13.0
1221 17.0
1222 15.2
1222 16.0
1223 13.2
1223 15.2
1224 14.4
1224 15.0
1225 14.4
1225 16.8
1226 14.2
1226 18.4
1227 12.6
1227 10.8
1228 8.4
1228 14.6
1229 14.6
1229 18.0
1230 15.4
1230 14.6
1231 12.4
1231 10.6
0101 12.2
0102 11.4
0102 16.0
0103 14.0
0103 16.8
0104 14.2
0104 17.4
0105 15.8
0105 17.6
0106 17.0
0106 19.2
0107 15.6
0107 20.2
0108 13.6
0108 12.2
0109 10.6
0109 13.6
0110 13.4
0110 15.8
0111 15.0
0111 15.0
0112 10.8
0112 11.6
0113 9.8
0113 11.8
0114 8.6
0114 13.2
0115 11.0
0115 11.8
0116 12.0
0116 15.2
0117 10.6
0117 11.2
0118 8.6
0118 9.0
0119 8.4
0119 12.8
0120 -76.1
